pendigits,LADTree,test,4,NANOSECONDS,PREDICTIONS, Generated by ClassifierExperiments.java on 2022-05-16 13:47:48.    SYSTEMPROPERTIES:{user.name:matth,os.arch:amd64,os.name:Windows 10},ENDSYSTEMPROPERTIES
No parameter info
0.5924579736483416,2392790000,3498286300,-1,87558648,10,,-1,-1
0,0,,0.409863,0.023376,0.007436,0.03282,0.015076,0.194112,0.007752,0.004832,0.267229,0.037503,,1771600,,
0,5,,0.370489,0.028002,0.015478,0.000615,0.013702,0.391771,0.026003,0.011782,0.122252,0.019907,,1570200,,
0,0,,0.413505,0.02295,0.027553,0.005217,0.048241,0.167964,0.056695,0.016363,0.231811,0.009701,,1574200,,
0,5,,0.322753,0.02064,0.024722,0.000769,0.041211,0.393688,0.036748,0.008836,0.127401,0.02323,,1574800,,
0,0,,0.346704,0.021763,0.002919,0.040934,0.045925,0.131504,0.015024,0.003347,0.333155,0.058726,,1597600,,
0,0,,0.406633,0.034329,0,0.010889,0.008444,0.103972,0.045714,0.024063,0.334999,0.030957,,1567100,,
0,0,,0.322691,0.026847,0.023788,0,0.063821,0.276135,0.060129,0.018713,0.196099,0.011776,,1564600,,
0,0,,0.472027,0.028782,0.023146,0.002688,0.010984,0.181198,0.010575,0.015774,0.242987,0.011839,,1559100,,
0,0,,0.411453,0.032597,0.023667,0.00064,0.063703,0.237228,0.053392,0.012661,0.139173,0.025486,,1563100,,
0,0,,0.445744,0.028408,0.032214,0.000741,0.023118,0.114682,0.019435,0.012881,0.274516,0.048261,,1562800,,
0,8,,0.333487,0.029387,0.026789,0,0.050607,0.118031,0.059869,0.021209,0.349003,0.011619,,1562700,,
0,7,,0.017115,0.011608,0.060745,0.004271,0.175176,0.027319,0.22636,0.234265,0.205896,0.037244,,1561700,,
0,0,,0.500794,0.021067,0.023752,0.006533,0.012711,0.173653,0.014334,0.004488,0.233867,0.0088,,1559400,,
0,5,,0.336065,0.024615,0.023752,0.007179,0.014701,0.361254,0.013196,0.004457,0.202473,0.012308,,1562500,,
0,0,,0.490165,0.034786,0.012919,0.008002,0.011096,0.18318,0.015686,0.00618,0.23177,0.006215,,1584900,,
0,0,,0.481678,0.017725,0.013348,0.019849,0.018117,0.185634,0.007752,0.005257,0.235039,0.015603,,1572900,,
0,0,,0.43958,0.018347,0.024952,0.002939,0.045702,0.243227,0.03897,0.011755,0.143315,0.031214,,1575100,,
0,0,,0.462056,0.027518,0.015478,0.001509,0.00959,0.190302,0.012696,0.010691,0.258666,0.011495,,1572200,,
0,0,,0.408872,0.027036,0.025161,0.011768,0.071307,0.16971,0.111476,0.021778,0.101734,0.051158,,1575500,,
0,0,,0.472205,0.023148,0.013348,0.010081,0.023618,0.188118,0.018512,0.004698,0.233465,0.012808,,1576000,,
0,0,,0.500412,0.013308,0.008937,0.034994,0.015823,0.137253,0.035828,0.008207,0.224689,0.020549,,1571600,,
0,0,,0.417966,0.016212,0,0.018343,0.018969,0.288809,0.065906,0.00056,0.148957,0.024278,,1573200,,
0,0,,0.378141,0.027547,0.023027,0.00087,0.041693,0.172832,0.035587,0.017521,0.264623,0.038161,,1569500,,
0,0,,0.424852,0.019803,0.024791,0,0.030902,0.13724,0.052987,0.016181,0.235396,0.057849,,1599800,,
0,0,,0.327478,0.021165,0.024809,0.002759,0.054364,0.322063,0.049023,0.011625,0.17833,0.008384,,1568400,,
0,0,,0.465397,0.029303,0.019085,0.003436,0.027351,0.180144,0.009794,0.007046,0.244151,0.014292,,1561000,,
0,5,,0.293825,0.019769,0.026364,0.00325,0.04163,0.378745,0.074828,0.017443,0.121863,0.022283,,1568300,,
0,0,,0.377964,0.003977,0.003595,0.027023,0.036824,0.264416,0.08454,0.014256,0.160728,0.026677,,1564000,,
0,0,,0.53253,0.023898,0.023441,0.031044,0.017737,0.121758,0.044457,0.008387,0.185943,0.010804,,1562100,,
0,0,,0.460819,0.026896,0.012919,0.005676,0.018121,0.195617,0.014745,0.006502,0.243513,0.015193,,1563300,,
0,0,,0.471197,0.005691,0.007273,0.030443,0.01808,0.136001,0.071404,0.008973,0.248081,0.002858,,1561300,,
0,0,,0.396796,0.026131,0.048,0.011768,0.072943,0.013484,0.02924,0.089126,0.205597,0.106916,,1563200,,
0,0,,0.457828,0.026469,0.023752,0.00619,0.014074,0.206043,0.013877,0.00483,0.23303,0.013905,,1563700,,
0,0,,0.344272,0.021394,0.012638,0.006303,0.041109,0.234335,0.135257,0.023942,0.158568,0.022182,,1590500,,
0,0,,0.451917,0.021467,0.009407,0.020756,0.017418,0.200505,0.007752,0.011014,0.243871,0.015893,,1564600,,
0,0,,0.380214,0.026114,0.024722,0.005625,0.018517,0.255604,0.021563,0.008313,0.238405,0.020923,,1566400,,
0,0,,0.426541,0.027568,0.023152,0,0.026622,0.213023,0.018265,0.021957,0.201355,0.041517,,1562700,,
0,0,,0.473482,0.044161,0.040282,0.01278,0.054021,0.041882,0.115099,0.026193,0.126216,0.065884,,1555500,,
0,0,,0.41357,0.028071,0.024,0.013147,0.047512,0.089657,0.11324,0.040697,0.192204,0.037902,,1556100,,
0,0,,0.452474,0.023727,0.019729,0.007027,0.014424,0.215656,0.010814,0.007737,0.235625,0.012788,,1551500,,
0,0,,0.455367,0.019733,0.008638,0.019432,0.020656,0.196506,0.015266,0.004753,0.250997,0.008653,,1557200,,
0,0,,0.359655,0.021507,0.01647,0.003404,0.039755,0.298157,0.057,0.019362,0.157825,0.026866,,1554100,,
0,5,,0.289192,0.025199,0.018301,0.003589,0.057484,0.380156,0.021429,0.015374,0.172786,0.01649,,1592200,,
0,5,,0.352747,0.03048,0.001835,0.041502,0.013082,0.377987,0.007752,0.002733,0.155282,0.0166,,1560700,,
0,0,,0.494021,0.011441,0.008492,0.021518,0.021247,0.17675,0.015266,0.004401,0.242624,0.004239,,1560500,,
0,0,,0.33856,0.028586,0.019063,0.002719,0.044548,0.321213,0.053582,0.018421,0.162132,0.011175,,1565300,,
0,8,,0.222254,0.05601,0.060149,0.017589,0.075039,0.042382,0.032404,0.067499,0.360417,0.066258,,1568700,,
0,0,,0.480502,0.003921,0.007273,0.032274,0.018171,0.132255,0.042468,0.023013,0.251596,0.008527,,1566400,,
0,0,,0.514618,0.006853,0.014036,0.008026,0.018562,0.16153,0.017156,0.009815,0.243381,0.006023,,1569800,,
0,0,,0.497923,0.004159,0.014036,0.007467,0.021646,0.162548,0.011665,0.00988,0.263079,0.007597,,1566700,,
0,0,,0.449164,0.023139,0.02055,0.024402,0.01666,0.137752,0.050283,0.019259,0.24292,0.015871,,1562000,,
0,0,,0.388074,0.025074,0.020463,0.000941,0.029574,0.296446,0.013425,0.020412,0.190042,0.015551,,1569200,,
0,0,,0.328878,0.019196,0.060149,0.017589,0.083559,0.216658,0.032404,0.072208,0.105496,0.063863,,1601400,,
0,8,,0.274241,0.025395,0.015758,0.003846,0.060044,0.032054,0.114825,0.029923,0.381939,0.061975,,1561600,,
0,0,,0.438729,0.021394,0.025861,0.002,0.020761,0.281625,0.030245,0.011974,0.155652,0.011758,,1566800,,
0,0,,0.342625,0.015305,0.014444,0.013959,0.039324,0.280266,0.13524,0.023106,0.100492,0.035237,,1563300,,
0,0,,0.477474,0.006405,0.015084,0.031684,0.040345,0.111922,0.077178,0.013871,0.216641,0.009396,,1564500,,
0,0,,0.52013,0.015287,0.019198,0.025101,0.018521,0.133184,0.038788,0.010159,0.19615,0.023481,,1551600,,
0,0,,0.422531,0.021214,0.015803,0.00087,0.045193,0.114435,0.039029,0.021133,0.275059,0.044732,,1572100,,
0,0,,0.533605,0.015555,0.004651,0.023256,0.018981,0.231257,0.015538,0.005186,0.135062,0.016909,,1569100,,
0,0,,0.456524,0.016253,0.007436,0.03282,0.0406,0.174155,0.010799,0.007118,0.23399,0.020304,,1560200,,
0,0,,0.414806,0.025115,0.021125,0.002,0.032661,0.291689,0.024383,0.009398,0.15196,0.026863,,1567400,,
0,0,,0.383124,0.018691,0.009407,0.020756,0.021925,0.296169,0.007752,0.011014,0.212085,0.019077,,1564300,,
0,5,,0.339295,0.01934,0.020638,0.009353,0.020291,0.39961,0.022089,0.00844,0.142139,0.018805,,1573300,,
0,0,,0.448296,0.020599,0.013348,0.008696,0.025764,0.214048,0.016051,0.006544,0.228749,0.017905,,1552600,,
0,8,,0.231066,0.016726,0.012588,0,0.078917,0.064007,0.113461,0.045821,0.42296,0.014455,,1632100,,
0,0,,0.437564,0.024611,0.019085,0.006071,0.041445,0.192229,0.008226,0.009784,0.245345,0.01564,,1561700,,
0,0,,0.423168,0.02191,0.003029,0,0.042951,0.077424,0.03601,0.023738,0.353385,0.018385,,1563600,,
0,0,,0.356987,0.027503,0.022428,0,0.063017,0.112689,0.035662,0.0131,0.350544,0.018071,,1559200,,
0,0,,0.477674,0.015984,0.008492,0.028648,0.018688,0.179604,0.007752,0.004961,0.242203,0.015995,,1563400,,
0,0,,0.444741,0.018919,0.032214,0.002759,0.04023,0.253672,0.024182,0.01467,0.136907,0.031707,,1572800,,
0,0,,0.485136,0.016346,0.024,0.005625,0.050173,0.017759,0.123,0.036625,0.1985,0.042837,,1585300,,
0,0,,0.476029,0.025464,0.014036,0.008764,0.020679,0.18502,0.013188,0.010528,0.237931,0.00836,,1567700,,
0,0,,0.405278,0.02764,0.029664,0.00125,0.066619,0.171098,0.046581,0.018109,0.223134,0.010628,,1568300,,
0,0,,0.397906,0.026152,0.036938,0.006697,0.043095,0.172296,0.06207,0.016968,0.231436,0.006442,,1564300,,
0,0,,0.466737,0.023051,0.014036,0.009793,0.025925,0.175528,0.01487,0.010832,0.248309,0.010919,,1566200,,
0,0,,0.494262,0.03083,0,0.007633,0.011984,0.118924,0.115961,0.017243,0.189996,0.013167,,1564800,,
0,0,,0.459088,0.021171,0.007436,0.024689,0.019828,0.190059,0.017058,0.004272,0.247153,0.009247,,1562700,,
0,0,,0.326844,0.024462,0.005778,0.020657,0.019006,0.299212,0.091906,0.025448,0.156418,0.030269,,1562900,,
0,0,,0.339508,0.009156,0.015,0.009156,0.024275,0.279488,0.128548,0.020645,0.150322,0.023902,,1561400,,
0,8,,0.123645,0.018942,0.059101,0.03498,0.062438,0.010624,0.155849,0.119256,0.377262,0.037902,,1568100,,
0,5,,0.300115,0.030702,0.024809,0,0.010478,0.407899,0.01137,0.015509,0.182635,0.016484,,1602000,,
0,0,,0.404172,0.022293,0.02099,0,0.063111,0.2143,0.023265,0.018216,0.186286,0.047368,,1562600,,
0,0,,0.330459,0.024144,0.019619,0,0.061499,0.155462,0.026893,0.0218,0.216735,0.143388,,1561600,,
0,0,,0.404891,0.031212,0.025636,0.002759,0.011966,0.300148,0.017744,0.010671,0.184648,0.010326,,1560400,,
0,0,,0.500717,0.01109,0.001649,0.038984,0.009411,0.142439,0.065906,0.00056,0.209201,0.020043,,1562700,,
0,0,,0.497955,0.024549,0.013348,0.009257,0.021917,0.183944,0.014277,0.004698,0.220789,0.009267,,1565800,,
0,0,,0.39525,0.02403,0.004828,0.039746,0.016412,0.338415,0.01606,0.002111,0.148171,0.014976,,1560800,,
0,5,,0.294015,0.02265,0.021038,0.00087,0.051691,0.325752,0.062055,0.022289,0.184373,0.015266,,1568800,,
0,5,,0.348419,0.020948,0.022587,0.001509,0.055209,0.350227,0.046496,0.007039,0.13781,0.009755,,1559700,,
0,0,,0.448029,0.056865,0.015758,0.003636,0.049016,0.01211,0.120909,0.027571,0.1932,0.072905,,1591100,,
0,8,,0.232405,0.014805,0.022219,0,0.06149,0.044001,0.091692,0.035755,0.436015,0.061618,,1567400,,
0,0,,0.470029,0.027885,0.015372,0.011537,0.015095,0.19249,0.013815,0.007062,0.236369,0.010345,,1563500,,
0,7,,0.024158,0.011972,0.059451,0.027908,0.142703,0.021901,0.24392,0.264822,0.171999,0.031167,,1568000,,
0,0,,0.297455,0.010461,0.008166,0.005547,0.040982,0.282751,0.112072,0.043838,0.190653,0.008075,,1568000,,
0,5,,0.327661,0.028034,0.019085,0.003282,0.012581,0.38176,0.018717,0.005089,0.18493,0.01886,,1569900,,
0,0,,0.424249,0.01741,0.032214,0,0.020256,0.233015,0.014768,0.014747,0.200973,0.042367,,1569900,,
0,4,,0.020031,0.131867,0.058203,0.110435,0.186562,0.077584,0.121535,0.140333,0.032168,0.121282,,1572700,,
0,0,,0.452464,0.026362,0.027478,0.003329,0.012748,0.188701,0.013272,0.008897,0.254958,0.011792,,1572700,,
0,8,,0.135925,0.037798,0.048,0.011768,0.09211,0.038484,0.125073,0.184959,0.277075,0.04881,,1561400,,
0,0,,0.452032,0.0036,0.016444,0.0172,0.033859,0.108629,0.1396,0.020059,0.175842,0.032733,,1577400,,
0,0,,0.463742,0.013732,0.008492,0.022098,0.022149,0.19127,0.015845,0.005561,0.247385,0.009726,,1565000,,
0,0,,0.452251,0.025091,0.030689,0.001379,0.039154,0.243616,0.017325,0.01633,0.144249,0.029916,,1565600,,
0,0,,0.527823,0.017199,0.01819,0.032274,0.014648,0.130748,0.043072,0.011635,0.201798,0.002613,,1564100,,
0,0,,0.471205,0.021111,0.019085,0.004176,0.042415,0.165085,0.020753,0.00532,0.233379,0.017471,,1567400,,
0,0,,0.326899,0.040968,0.048,0.005438,0.079226,0.007859,0.033143,0.081724,0.311996,0.064749,,1567800,,
0,0,,0.341293,0.019242,0.015,0.008353,0.03163,0.31354,0.133737,0.021778,0.089347,0.026079,,1562200,,
0,0,,0.503665,0.008593,0,0.018343,0.018969,0.166735,0.065906,0.00056,0.192951,0.024278,,1561300,,
0,0,,0.450128,0.02465,0.018301,0.004751,0.039369,0.176411,0.017862,0.017914,0.235187,0.015429,,1562400,,
0,0,,0.447753,0.017427,0.008492,0.019063,0.02706,0.191588,0.01633,0.005998,0.253388,0.012901,,1587500,,
0,0,,0.48341,0.010423,0.009407,0.011528,0.018983,0.183708,0.012036,0.012994,0.249891,0.007619,,1559300,,
0,0,,0.471911,0.025179,0.007895,0.035437,0.014948,0.184207,0.012036,0.004005,0.234162,0.01022,,1564700,,
0,7,,0.039529,0.014185,0.064524,0.008761,0.159649,0.01761,0.178495,0.261502,0.231701,0.024044,,1565300,,
0,0,,0.432741,0.018933,0.023146,0.001818,0.046635,0.173888,0.032382,0.015688,0.230037,0.02473,,1572000,,
0,0,,0.313555,0.012015,0.017873,0.00804,0.03767,0.263073,0.128365,0.042299,0.165275,0.011835,,1562700,,
0,0,,0.417842,0.027977,0.023198,0,0.034212,0.267339,0.038877,0.009366,0.170459,0.01073,,1561600,,
0,0,,0.477054,0.012181,0.007018,0.023122,0.015426,0.148597,0.043507,0.025782,0.242958,0.004354,,1566900,,
0,0,,0.456842,0.020909,0.015372,0.005981,0.017797,0.204999,0.014688,0.009761,0.242435,0.011217,,1562500,,
0,0,,0.471981,0.014757,0.014036,0.009793,0.031891,0.179202,0.01487,0.010699,0.23882,0.013952,,1567900,,
0,0,,0.395368,0.02656,0.019085,0.002667,0.009079,0.345204,0.016607,0.007053,0.172405,0.005972,,1584900,,
0,0,,0.413707,0.020737,0.016414,0,0.039201,0.129275,0.057902,0.018804,0.242109,0.061851,,1569700,,
0,0,,0.480465,0.017667,0.024,0.011768,0.048114,0.017004,0.11324,0.03994,0.202811,0.044992,,1566000,,
0,0,,0.428158,0.022857,0.02099,0,0.040073,0.11216,0.023325,0.018037,0.260702,0.073698,,1556100,,
0,0,,0.390448,0.030752,0.012919,0.006974,0.014858,0.326085,0.014003,0.007036,0.186291,0.010634,,1569300,,
0,5,,0.31463,0.028923,0.027378,0.000833,0.026263,0.372457,0.011135,0.012701,0.194922,0.010758,,1561500,,
0,8,,0.248988,0.019464,0.001817,0.00254,0.066402,0.066755,0.112414,0.029127,0.414322,0.038171,,1566400,,
0,0,,0.486456,0.022053,0.0025,0.033377,0.019342,0.105912,0.11523,0.015458,0.191032,0.00864,,1553700,,
0,8,,0.211313,0.008086,0.042276,0.014061,0.080488,0.023321,0.149713,0.061035,0.322813,0.086895,,1569800,,
0,8,,0.307119,0.020652,0.002433,0.001053,0.073001,0.086278,0.088745,0.019114,0.343747,0.05786,,1560200,,
0,0,,0.472066,0.022979,0.023752,0.006533,0.016389,0.182329,0.014334,0.004488,0.246453,0.010676,,1590400,,
0,0,,0.425174,0.027781,0.020526,0.003636,0.050045,0.030965,0.113756,0.032886,0.227891,0.067339,,1568400,,
0,0,,0.51781,0.024365,0.010071,0.017971,0.02108,0.130126,0.043342,0.008859,0.21009,0.016285,,1566300,,
0,0,,0.470964,0.028917,0.015372,0.008521,0.016444,0.19232,0.012784,0.008491,0.236715,0.009472,,1563000,,
0,0,,0.462702,0.018573,0.003738,0.035985,0.016797,0.152791,0.078604,0.000548,0.226376,0.003887,,1565700,,
0,8,,0.247416,0.032395,0.011304,0.005556,0.044591,0.054847,0.134903,0.0271,0.356663,0.085224,,1570600,,
0,5,,0.258478,0.020386,0.02459,0.012902,0.039701,0.374325,0.056083,0.027945,0.17348,0.012109,,1573900,,
0,0,,0.409768,0.064625,0.035455,0,0.070586,0.005671,0.078149,0.048155,0.273486,0.014106,,1559900,,
0,0,,0.410163,0.022681,0.023349,0.011768,0.031623,0.185827,0.051442,0.009892,0.233435,0.01982,,1562800,,
0,0,,0.409362,0.022357,0.024,0.011768,0.039119,0.084023,0.11324,0.039271,0.183292,0.073569,,1598000,,
0,5,,0.332186,0.019172,0.028387,0.006991,0.018781,0.353632,0.021148,0.005904,0.20297,0.01083,,1568100,,
0,0,,0.474117,0.015813,0.008492,0.017496,0.022656,0.177243,0.016051,0.006247,0.249902,0.011982,,1560100,,
0,0,,0.344742,0.028854,0.031466,0.000777,0.061628,0.328188,0.042568,0.014473,0.132876,0.01443,,1563400,,
0,5,,0.334597,0.017751,0.022587,0.001509,0.040616,0.388006,0.037344,0.009182,0.118656,0.02975,,1561400,,
0,0,,0.316173,0.024753,0.014444,0.011768,0.04254,0.062616,0.142462,0.018615,0.284556,0.082073,,1571400,,
0,0,,0.56415,0.021004,0.014953,0.006957,0.01736,0.123799,0.013505,0.008388,0.225006,0.004878,,1565800,,
0,0,,0.483043,0.014485,0.002424,0.025101,0.018521,0.162664,0.065906,0.001772,0.202603,0.023481,,1563300,,
0,0,,0.345081,0.01774,0.037458,0.002,0.076418,0.006253,0.082102,0.052881,0.317401,0.062667,,1572500,,
0,0,,0.447958,0.02276,0.008638,0.026562,0.015134,0.209444,0.007752,0.005313,0.240547,0.015893,,1559400,,
0,0,,0.47073,0.029303,0.019085,0.003436,0.030018,0.176292,0.009794,0.007046,0.240003,0.014292,,1585800,,
0,0,,0.443655,0.040016,0.018301,0.002231,0.020252,0.201603,0.010391,0.01698,0.231345,0.015227,,1561700,,
0,8,,0.270319,0.023148,0.015758,0.004638,0.061404,0.027105,0.119117,0.029154,0.391684,0.057674,,1562900,,
0,0,,0.28091,0.038665,0.063935,0.017255,0.061916,0.114863,0.079439,0.107085,0.21354,0.022392,,1561700,,
0,0,,0.409581,0.027792,0.029334,0.001778,0.011009,0.297805,0.018962,0.009026,0.184479,0.010234,,1562100,,
0,5,,0.326603,0.014806,0.002991,0.031976,0.014895,0.427935,0.060382,0.00069,0.104235,0.015489,,1563300,,
0,0,,0.467147,0.017461,0.003738,0.035985,0.016797,0.142791,0.078604,0.000548,0.233042,0.003887,,1563300,,
0,0,,0.501517,0.013839,0.005565,0.032,0.016392,0.138332,0.074756,0.004255,0.207541,0.005802,,1569300,,
0,0,,0.450296,0.023997,0.02099,0.001379,0.025457,0.107727,0.018457,0.021359,0.262046,0.068291,,1555900,,
0,0,,0.49293,0.021921,0.015478,0.000976,0.007667,0.18632,0.009272,0.013838,0.241006,0.010592,,1563600,,
0,0,,0.527015,0.006578,0.012057,0.041012,0.011617,0.129591,0.03905,0.008416,0.219068,0.005597,,1560600,,
0,8,,0.213705,0.012847,0.031218,0.024913,0.070678,0.017997,0.169132,0.055937,0.328214,0.07536,,1576500,,
0,8,,0.104581,0.016315,0.053622,0.025318,0.08306,0.0346,0.162431,0.101588,0.372134,0.04635,,1566600,,
0,5,,0.328821,0.022874,0.030168,0.000833,0.030604,0.351553,0.013099,0.011317,0.198083,0.012647,,1567400,,
0,0,,0.509539,0.017373,0.024493,0.000976,0.045671,0.068638,0.122103,0.027334,0.140983,0.042891,,1567600,,
0,0,,0.413707,0.020737,0.016414,0,0.039201,0.129275,0.057902,0.018804,0.242109,0.061851,,1560000,,
0,0,,0.453711,0.019129,0.024722,0,0.016152,0.18534,0.017991,0.011364,0.255474,0.016117,,1561300,,
0,0,,0.482864,0.018109,0.013348,0.011916,0.018874,0.187274,0.014019,0.005246,0.244543,0.003806,,1565400,,
0,0,,0.420857,0.023056,0.015478,0.000615,0.061537,0.187006,0.031754,0.011782,0.232028,0.015887,,1553100,,
0,0,,0.392698,0.028591,0.018301,0.004345,0.022391,0.342939,0.0091,0.016074,0.152015,0.013545,,1582200,,
0,0,,0.405158,0.029033,0.034695,0.00064,0.049753,0.176647,0.047272,0.010906,0.232469,0.013426,,1563800,,
0,0,,0.410957,0.030734,0.001817,0,0.065696,0.137739,0.077849,0.017771,0.218354,0.039084,,1562800,,
0,5,,0.324103,0.024287,0.021125,0.000769,0.053679,0.38024,0.036307,0.00942,0.123494,0.026576,,1561100,,
0,0,,0.43869,0.035843,0.034055,0,0.030427,0.257551,0.013724,0.011143,0.146562,0.032007,,1564900,,
0,0,,0.349705,0.02878,0.002843,0,0.072786,0.079027,0.139581,0.016445,0.299882,0.010952,,1560500,,
0,0,,0.459976,0.024061,0,0.002152,0.015667,0.11477,0.066457,0.01545,0.264823,0.036643,,1562500,,
0,5,,0.354826,0.022927,0.027478,0.00516,0.015034,0.36325,0.018219,0.006398,0.177028,0.009679,,1559000,,
0,0,,0.483918,0.030272,0.015478,0.002807,0.008623,0.183899,0.014219,0.011339,0.23881,0.010634,,1566500,,
0,0,,0.460937,0.023439,0.014036,0.008538,0.023608,0.183992,0.016912,0.00977,0.249724,0.009044,,1597100,,
0,0,,0.368757,0.02618,0.026765,0.011768,0.033883,0.227206,0.112298,0.026213,0.120027,0.046902,,1569200,,
0,0,,0.447545,0.021431,0.027478,0.006563,0.045039,0.171426,0.021923,0.00788,0.232816,0.0179,,1563700,,
0,0,,0.386998,0.019882,0.01312,0.006512,0.053821,0.114892,0.101645,0.017327,0.22955,0.056255,,1561300,,
0,0,,0.478462,0.019962,0.015372,0.010192,0.016967,0.169126,0.013084,0.007355,0.266673,0.002807,,1561800,,
0,0,,0.366141,0.022357,0.015758,0.011768,0.050452,0.235179,0.111603,0.026908,0.112933,0.046902,,1562400,,
0,0,,0.403079,0.028002,0.015478,0.000615,0.011035,0.305356,0.017933,0.011782,0.194884,0.011837,,1562300,,
0,0,,0.484766,0.030001,0.001835,0.033581,0.014282,0.198942,0.010974,0.002943,0.211937,0.010741,,1561700,,
0,0,,0.362244,0.021364,0.015478,0.001509,0.020461,0.358117,0.012696,0.011716,0.181842,0.014572,,1562200,,
0,0,,0.340592,0.022026,0.016141,0,0.052896,0.050661,0.133105,0.029059,0.337259,0.01826,,1562500,,
0,0,,0.398829,0.026817,0.015803,0.00093,0.053018,0.140157,0.05928,0.018424,0.23078,0.055962,,1587500,,
0,0,,0.507097,0.002143,0.002832,0.036203,0.020589,0.151662,0.050303,0.001416,0.224158,0.003598,,1560500,,
0,0,,0.465721,0.017003,0.022066,0.011294,0.01375,0.196632,0.014882,0.012804,0.23463,0.011217,,1561500,,
0,0,,0.364715,0.024609,0.013348,0.019849,0.025073,0.326161,0.007752,0.006417,0.193866,0.018211,,1565000,,
0,0,,0.395729,0.02544,0.039717,0,0.05776,0.171397,0.055662,0.013119,0.224281,0.016894,,1559600,,
0,0,,0.377652,0.004518,0,0.016768,0.026589,0.292162,0.072336,0.00056,0.171396,0.038019,,1570600,,
0,0,,0.379691,0.019183,0.023121,0.001778,0.040854,0.17913,0.035261,0.018779,0.264465,0.037737,,1568700,,
0,0,,0.366906,0.025012,0.001333,0.005247,0.011312,0.097064,0.118954,0.016033,0.299105,0.059035,,1566400,,
0,0,,0.428857,0.02539,0.029945,0.002909,0.0308,0.187054,0.033161,0.010652,0.239542,0.011689,,1566400,,
0,0,,0.377773,0.026905,0.021125,0.002807,0.015625,0.337147,0.01516,0.009386,0.180494,0.013577,,1564900,,
0,0,,0.404471,0.022199,0.015803,0.004211,0.03591,0.215228,0.06547,0.015177,0.17971,0.041821,,1595400,,
0,0,,0.348818,0.011029,0.025361,0.008219,0.046562,0.064979,0.191106,0.068806,0.184797,0.050322,,1553800,,
0,0,,0.475719,0.021321,0.013348,0.012291,0.021287,0.192992,0.012337,0.006101,0.235131,0.009474,,1569400,,
0,0,,0.452511,0.006708,0.015,0.022677,0.022309,0.123284,0.12024,0.02056,0.196866,0.019845,,1562500,,
0,0,,0.52879,0.017738,0.021184,0.039705,0.011984,0.114342,0.043072,0.010927,0.207834,0.004424,,1560000,,
0,0,,0.348745,0.009417,0.012255,0.022318,0.032581,0.164217,0.133711,0.037236,0.193829,0.04569,,1562400,,
0,0,,0.358389,0.021573,0.001333,0.014434,0.011006,0.315055,0.072336,0.001893,0.169118,0.034862,,1561000,,
0,0,,0.375589,0.016677,0.032876,0.005957,0.036872,0.275819,0.03937,0.030919,0.184921,0.001,,1564900,,
0,0,,0.510985,0.016246,0.013348,0.009257,0.018954,0.184958,0.014277,0.004698,0.222425,0.004853,,1558800,,
0,0,,0.459041,0.020162,0.007315,0.037975,0.017656,0.19445,0.007752,0.003404,0.236802,0.015444,,1566300,,
0,0,,0.439334,0.022858,0,0.007581,0.026895,0.283687,0.074215,0.000645,0.117809,0.026976,,1568000,,
0,4,,0.00467,0.035324,0.075682,0.018175,0.246746,0.029718,0.185569,0.226912,0.095422,0.081783,,1568900,,
0,0,,0.362863,0.031929,0.020526,0.004706,0.050468,0.056668,0.110975,0.035355,0.164557,0.161953,,1556700,,
0,0,,0.41799,0.018582,0.032214,0,0.047216,0.133197,0.019867,0.016008,0.251157,0.063769,,1562800,,
0,0,,0.493489,0.018379,0.005984,0.043768,0.010774,0.177614,0.007752,0.002025,0.227622,0.012595,,1566400,,
0,0,,0.495369,0.016327,0.022066,0.015932,0.01231,0.183117,0.016207,0.008995,0.220879,0.008798,,1560800,,
0,0,,0.28807,0.011032,0.039565,0.011768,0.085067,0.195877,0.087196,0.029929,0.148758,0.102739,,1568700,,
0,0,,0.40881,0.015997,0.024344,0.0219,0.052009,0.176882,0.032779,0.018311,0.23002,0.018947,,1564900,,
0,0,,0.565923,0.022161,0.008073,0.019063,0.022712,0.116502,0.021697,0.003663,0.219478,0.000727,,1563200,,
0,0,,0.466704,0.017809,0.013348,0.010081,0.022589,0.192635,0.019671,0.004698,0.239364,0.013101,,1597900,,
0,0,,0.47465,0.026882,0.021125,0.001509,0.016751,0.185976,0.013637,0.007867,0.239197,0.012405,,1550500,,
0,0,,0.480843,0.013375,0.002991,0.041674,0.014545,0.149474,0.044633,0.00056,0.23624,0.015665,,1561000,,
0,8,,0.303667,0.021659,0.005636,0.0065,0.027029,0.101954,0.021303,0.030074,0.408959,0.073219,,1563400,,
0,4,,0.148176,0.115733,0.014444,0.096296,0.1991,0.043889,0.097404,0.134814,0.034662,0.115482,,1574700,,
0,8,,0.250912,0.045424,0.048286,0.003857,0.082892,0.009754,0.043857,0.088909,0.341623,0.084485,,1562800,,
0,0,,0.498285,0.010592,0.002832,0.034076,0.022181,0.157756,0.031938,0.002171,0.23649,0.00368,,1556200,,
0,0,,0.466585,0.021833,0.013348,0.019849,0.022624,0.192058,0.007752,0.005257,0.231618,0.019077,,1552400,,
0,6,,0.127849,0.017488,0.020726,0,0.133125,0.026369,0.266322,0.129504,0.264071,0.014546,,1559600,,
0,0,,0.453822,0.024009,0.00644,0.035854,0.017739,0.19332,0.007752,0.005466,0.239706,0.015893,,1582100,,
0,5,,0.384478,0.017186,0.023752,0.004843,0.014885,0.384772,0.023371,0.003688,0.129438,0.013589,,1560400,,
0,0,,0.319235,0.022593,0.017675,0.004615,0.042016,0.081666,0.124919,0.037303,0.305791,0.044188,,2823600,,
0,0,,0.533254,0.015561,0.024952,0.0032,0.027499,0.147998,0.026983,0.013434,0.169753,0.037367,,2986200,,
0,5,,0.28048,0.019595,0.024952,0.003404,0.046641,0.392671,0.026817,0.015321,0.173669,0.016452,,2949500,,
1,1,,0.029074,0.365263,0.032852,0.0172,0.140651,0.029899,0.103967,0.098442,0.023381,0.159271,,2946700,,
1,1,,0.015818,0.243154,0.017374,0.021095,0.211482,0.011023,0.09175,0.149619,0.04127,0.197415,,2976400,,
1,9,,0.011998,0.131829,0.151548,0.081834,0.098415,0.124565,0.103811,0.088088,0.012564,0.195348,,1715200,,
1,2,,0.012129,0.142217,0.377458,0.104839,0.077447,0.05838,0.032023,0.084372,0.0313,0.079834,,1567900,,
1,1,,0.019732,0.378467,0.043059,0.02357,0.130809,0.026672,0.089444,0.110111,0.029334,0.148802,,1575500,,
1,2,,0.020517,0.22743,0.240663,0.203662,0.032748,0.076585,0.020076,0.052552,0.028095,0.097672,,1571900,,
1,2,,0.020834,0.131971,0.327477,0.167246,0.053143,0.095578,0.026012,0.080943,0.022939,0.073857,,1579500,,
1,1,,0.027756,0.379949,0.033183,0.025024,0.120491,0.029877,0.097144,0.110059,0.032498,0.144019,,1568500,,
1,3,,0.028504,0.1113,0.170278,0.279809,0.04799,0.108268,0.014159,0.049878,0.036597,0.153218,,1570400,,
1,3,,0.019571,0.118723,0.168258,0.280027,0.049735,0.109675,0.024781,0.045201,0.037971,0.146058,,1569400,,
1,2,,0.023214,0.190328,0.274362,0.187961,0.026951,0.0789,0.034389,0.067112,0.036175,0.080609,,1600300,,
1,1,,0.026766,0.333761,0.014371,0.026553,0.136388,0.040123,0.092447,0.114373,0.036148,0.179071,,1569600,,
1,9,,0.024853,0.228278,0.098515,0.030482,0.069734,0.095926,0.094137,0.092895,0.029494,0.235686,,1561400,,
1,2,,0.017475,0.124822,0.304587,0.191822,0.022768,0.096811,0.01018,0.080765,0.030621,0.120147,,1563900,,
1,1,,0.016558,0.470968,0.016364,0.015123,0.094804,0.029844,0.105291,0.093248,0.020567,0.137232,,1562300,,
1,1,,0.032933,0.25115,0.015294,0.026005,0.221859,0.019325,0.108353,0.142394,0.028537,0.15415,,1567300,,
1,2,,0.009789,0.145007,0.278943,0.098431,0.055545,0.06617,0.054875,0.158181,0.053751,0.079307,,1562100,,
1,9,,0.03419,0.106307,0.125443,0.211574,0.019238,0.147367,0.001342,0.043612,0.061413,0.249514,,1577200,,
1,1,,0.017927,0.373962,0.036664,0.020918,0.118298,0.034475,0.089444,0.115222,0.029741,0.163349,,1570600,,
1,1,,0.023913,0.475086,0.026953,0.02228,0.089238,0.026593,0.069697,0.091717,0.026717,0.147807,,1567900,,
1,1,,0.014369,0.356164,0.043152,0.018916,0.132734,0.02429,0.124472,0.093183,0.027717,0.165005,,1596000,,
1,1,,0.017415,0.276527,0.02758,0.025691,0.144901,0.059101,0.126107,0.096936,0.024796,0.200946,,1563700,,
1,1,,0.015849,0.432926,0.007792,0.015774,0.093968,0.011595,0.098766,0.129585,0.026699,0.167047,,1578200,,
1,2,,0.020215,0.196949,0.283729,0.171437,0.035535,0.09671,0.030137,0.049435,0.022146,0.093707,,1574900,,
1,1,,0.018474,0.346675,0.017374,0.021095,0.173807,0.01387,0.087887,0.123515,0.024611,0.172692,,1567700,,
1,1,,0.027755,0.290048,0.054314,0.026541,0.072317,0.048655,0.149206,0.067647,0.06121,0.202305,,1565300,,
1,1,,0.031598,0.240066,0.017228,0.017452,0.162571,0.03186,0.11088,0.147538,0.03306,0.207746,,1560200,,
1,1,,0.032197,0.459931,0.018427,0.016449,0.08483,0.027873,0.074711,0.099191,0.030056,0.156335,,1568100,,
1,1,,0.019298,0.37656,0.007347,0.022118,0.15312,0.023073,0.112307,0.106758,0.028886,0.150534,,1567500,,
1,9,,0.020058,0.160628,0.141714,0.149009,0.053157,0.147098,0.02734,0.04483,0.040689,0.215477,,1599800,,
1,1,,0.061863,0.210057,0.013643,0.005235,0.189208,0.008298,0.13129,0.134945,0.051003,0.194458,,1575300,,
1,9,,0.01608,0.136362,0.162051,0.129696,0.060721,0.08895,0.076936,0.134076,0.032527,0.162601,,1574500,,
1,2,,0.012556,0.175261,0.307278,0.148675,0.056807,0.082564,0.034807,0.088547,0.023347,0.070158,,1574800,,
1,1,,0.025607,0.242816,0.022078,0.02534,0.145896,0.032464,0.121236,0.135028,0.037628,0.211907,,1572200,,
1,1,,0.03308,0.47179,0.018427,0.01719,0.084659,0.030792,0.077475,0.094228,0.031034,0.141325,,1574000,,
1,3,,0.030239,0.083552,0.138014,0.311108,0.036256,0.129319,0.026195,0.020413,0.031026,0.193879,,1572200,,
1,2,,0.022973,0.158045,0.316033,0.189717,0.027665,0.090622,0.01427,0.06494,0.021333,0.094401,,1576000,,
1,9,,0.067875,0.202388,0.018156,0.007135,0.175672,0.000893,0.10119,0.15218,0.05502,0.21949,,1574300,,
1,9,,0.065182,0.163895,0.015267,0.001832,0.184535,0.0296,0.097302,0.154477,0.05951,0.228399,,1580700,,
1,3,,0.02094,0.141701,0.164727,0.301715,0.052657,0.09127,0.028067,0.031815,0.029668,0.13744,,1585100,,
1,1,,0.024137,0.232799,0.094156,0.145016,0.034384,0.118337,0.097822,0.079469,0.047823,0.126056,,1561900,,
1,1,,0.02112,0.469586,0.020398,0.013257,0.113554,0.017688,0.073401,0.097952,0.024501,0.148543,,1567200,,
1,1,,0.028555,0.227769,0.014273,0.017764,0.189397,0.025988,0.085487,0.161441,0.029608,0.219718,,1573800,,
1,2,,0.037452,0.208937,0.2676,0.173382,0.038154,0.104175,0.014861,0.034389,0.033757,0.087292,,1578900,,
1,1,,0.019833,0.253108,0.215417,0.11434,0.046483,0.07903,0.011704,0.029399,0.036548,0.194139,,1561300,,
1,2,,0.006423,0.15286,0.270679,0.086866,0.055085,0.068157,0.087291,0.102713,0.07913,0.090795,,1561000,,
1,2,,0.022932,0.221613,0.284025,0.179496,0.033949,0.082503,0.027436,0.041089,0.022168,0.084788,,1577600,,
1,1,,0.029013,0.473973,0.014258,0.025868,0.086417,0.03398,0.075609,0.09117,0.026895,0.142815,,1562100,,
1,3,,0.023041,0.094737,0.158023,0.296924,0.05504,0.096795,0.023126,0.03439,0.030597,0.187325,,1590800,,
1,1,,0.025198,0.45502,0.019411,0.016192,0.100005,0.021726,0.069697,0.094551,0.028229,0.169971,,1571700,,
1,2,,0.008742,0.096837,0.220821,0.150439,0.085517,0.074897,0.056316,0.09941,0.084798,0.122221,,1573000,,
1,9,,0.019057,0.175833,0.212755,0.098197,0.036825,0.112357,0.016952,0.056534,0.02936,0.242129,,1575300,,
1,9,,0.022014,0.223705,0.099277,0.059192,0.048062,0.085544,0.101077,0.082875,0.022241,0.256014,,1580300,,
1,1,,0.008431,0.317779,0.035984,0.012577,0.151564,0.005288,0.112728,0.158396,0.034289,0.162963,,1569700,,
1,2,,0.010778,0.081864,0.301936,0.100743,0.050001,0.075304,0.133741,0.087251,0.059383,0.098999,,1578900,,
1,1,,0.022076,0.356435,0.046654,0.025365,0.088006,0.039417,0.131825,0.064796,0.028158,0.197268,,1574800,,
1,9,,0.016358,0.162516,0.101337,0.210508,0.052071,0.12026,0.008504,0.029474,0.050244,0.248728,,1562300,,
1,1,,0.032239,0.237223,0.015918,0.017764,0.158398,0.030994,0.109347,0.147195,0.037225,0.213695,,1570100,,
1,1,,0.019513,0.339817,0.0436,0.03722,0.078889,0.05269,0.140683,0.055018,0.028999,0.203572,,1586800,,
1,1,,0.022998,0.330904,0.024868,0.021374,0.126693,0.020553,0.144133,0.11887,0.027634,0.161973,,1579500,,
1,1,,0.021449,0.409545,0.040859,0.02228,0.118162,0.020238,0.089444,0.102485,0.02739,0.148148,,1560100,,
1,1,,0.030658,0.340452,0.023994,0.019179,0.119455,0.014179,0.134959,0.116213,0.032494,0.168417,,1560200,,
1,1,,0.029113,0.465454,0.016364,0.012486,0.099848,0.026345,0.090763,0.092907,0.021402,0.145319,,1577500,,
1,1,,0.032752,0.457005,0.019205,0.018262,0.088356,0.032096,0.074434,0.101459,0.028017,0.148414,,1564400,,
1,9,,0.017512,0.193219,0.157857,0.104572,0.043895,0.122448,0.040022,0.049482,0.027225,0.243769,,1569700,,
1,1,,0.025852,0.343149,0.015294,0.027952,0.13957,0.028237,0.095728,0.118043,0.031663,0.174512,,1570700,,
1,1,,0.029693,0.470281,0.023203,0.022856,0.082739,0.034155,0.076739,0.092843,0.022425,0.145066,,1576100,,
1,2,,0.009462,0.173461,0.259118,0.175178,0.014597,0.106192,0.017084,0.081276,0.028608,0.135023,,1580100,,
1,2,,0.019435,0.196364,0.288275,0.181837,0.021202,0.082076,0.030273,0.044763,0.031339,0.104436,,1559400,,
1,2,,0.023893,0.193916,0.278579,0.178029,0.053086,0.093421,0.024877,0.053001,0.032547,0.068651,,1562100,,
1,2,,0.015713,0.126182,0.314759,0.091634,0.064785,0.064338,0.100129,0.088112,0.058768,0.075581,,1564400,,
1,1,,0.033872,0.467242,0.026953,0.02302,0.084659,0.030308,0.076364,0.083106,0.031188,0.143288,,1561900,,
1,2,,0.015463,0.188329,0.257963,0.164702,0.048645,0.093984,0.026,0.049316,0.032186,0.123413,,1585900,,
1,1,,0.030705,0.240843,0.032277,0.020611,0.124998,0.081803,0.141024,0.073588,0.027968,0.226185,,1616700,,
1,1,,0.013194,0.384117,0.031153,0.02012,0.149409,0.021559,0.117938,0.105817,0.028181,0.128511,,1577900,,
1,2,,0.011969,0.155399,0.290697,0.132279,0.084814,0.077323,0.043983,0.069183,0.048514,0.085839,,1567800,,
1,2,,0.031906,0.118256,0.267339,0.173444,0.067463,0.091628,0.032065,0.081042,0.027474,0.109383,,1562000,,
1,1,,0.030002,0.342503,0.009711,0.02275,0.142927,0.031468,0.095148,0.112935,0.03841,0.174146,,1586900,,
1,1,,0.01922,0.273268,0.057774,0.007706,0.094024,0.053727,0.137188,0.059656,0.039507,0.257931,,1573900,,
1,2,,0.022005,0.15899,0.319066,0.149617,0.068022,0.082805,0.051672,0.045512,0.018611,0.083699,,1577000,,
1,1,,0.017011,0.198061,0.125922,0.168016,0.032113,0.123293,0.076597,0.087514,0.039877,0.131595,,1578000,,
1,1,,0.020493,0.373003,0.050443,0.020634,0.109387,0.035121,0.092042,0.127863,0.027155,0.14386,,1585400,,
1,1,,0.02404,0.378501,0.029307,0.026582,0.129126,0.030018,0.089444,0.117042,0.028602,0.147338,,1578800,,
1,1,,0.025174,0.467269,0.010896,0.020475,0.103762,0.020547,0.082447,0.095546,0.02666,0.147224,,1583900,,
1,2,,0.017049,0.154919,0.290465,0.091472,0.082162,0.066876,0.042867,0.100655,0.073685,0.079849,,1585900,,
1,1,,0.018046,0.368052,0.026338,0.009539,0.144538,0.003811,0.109364,0.115065,0.041187,0.164059,,1578800,,
1,1,,0.034023,0.26339,0.036721,0.012302,0.124974,0.060487,0.141367,0.091528,0.042783,0.192426,,1581300,,
1,2,,0.005758,0.10531,0.255628,0.1177,0.054245,0.069244,0.062349,0.170064,0.074681,0.085022,,1577900,,
1,1,,0.020624,0.468334,0.010896,0.016696,0.083612,0.025696,0.070685,0.134859,0.022776,0.145823,,1576100,,
1,9,,0.0164,0.167069,0.205871,0.061398,0.046258,0.11226,0.042605,0.014522,0.028588,0.305028,,1572700,,
1,9,,0.020136,0.157367,0.184766,0.132435,0.036871,0.075093,0.02321,0.067012,0.035285,0.267826,,1574900,,
1,2,,0.030017,0.084548,0.24871,0.100726,0.037106,0.067813,0.144877,0.125519,0.070094,0.09059,,1577200,,
1,1,,0.021742,0.255214,0.130143,0.180394,0.055127,0.078853,0.089619,0.062281,0.026676,0.099951,,1576500,,
1,2,,0.011282,0.142951,0.292221,0.095142,0.073696,0.084342,0.06763,0.103688,0.048203,0.080845,,1572800,,
1,1,,0.019626,0.241923,0.175952,0.1869,0.065359,0.058698,0.067085,0.06666,0.029896,0.087902,,1569100,,
1,1,,0.025248,0.266273,0.031234,0.024638,0.149952,0.035121,0.09625,0.157411,0.037066,0.176806,,1582100,,
1,2,,0.017297,0.133895,0.339252,0.187263,0.049021,0.096668,0.023505,0.051517,0.040316,0.061265,,1598500,,
1,1,,0.030554,0.235454,0.175071,0.183312,0.075679,0.077694,0.066403,0.055094,0.029429,0.07131,,1567800,,
1,2,,0.018685,0.199911,0.296737,0.168967,0.027054,0.113501,0.012205,0.053512,0.032473,0.076954,,1570800,,
1,1,,0.025423,0.297918,0.025026,0.005923,0.149359,0.029816,0.12735,0.111403,0.030083,0.1977,,1574400,,
1,1,,0.021266,0.236696,0.172075,0.195502,0.079929,0.078624,0.058324,0.051837,0.027758,0.077989,,1570200,,
1,1,,0.02636,0.47015,0.019255,0.016166,0.097302,0.019712,0.0841,0.092795,0.02617,0.147989,,1563100,,
1,2,,0.021705,0.170982,0.332231,0.181634,0.015612,0.085558,0.009216,0.0609,0.02422,0.097944,,1572700,,
1,1,,0.020096,0.375574,0.03027,0.010417,0.156657,0.025655,0.096717,0.114571,0.021625,0.148417,,1571600,,
1,2,,0.0208,0.218082,0.225403,0.154888,0.046558,0.100242,0.033568,0.044361,0.039081,0.117018,,1581000,,
1,1,,0.031321,0.33725,0.02207,0.036426,0.091411,0.039974,0.132519,0.111268,0.033099,0.164661,,1582900,,
1,3,,0.027171,0.112865,0.197374,0.224814,0.043613,0.129117,0.059746,0.044803,0.038274,0.122222,,1579800,,
1,2,,0.017145,0.106217,0.27779,0.140652,0.047414,0.058777,0.108478,0.116224,0.060521,0.066781,,1565100,,
1,1,,0.033725,0.47454,0.013694,0.021981,0.080674,0.029387,0.078676,0.089122,0.032791,0.14541,,1559600,,
1,9,,0.015613,0.135947,0.17729,0.164268,0.058427,0.142672,0.022321,0.024283,0.029759,0.229421,,1564200,,
1,1,,0.024278,0.384131,0.03845,0.017764,0.113001,0.021657,0.091077,0.123653,0.037286,0.148703,,1572500,,
1,1,,0.063804,0.235949,0.02642,0.013725,0.138828,0.002537,0.118209,0.155424,0.0586,0.186503,,1581100,,
1,1,,0.020769,0.347182,0.048926,0.036492,0.062743,0.047165,0.144711,0.061954,0.026688,0.20337,,1566700,,
1,1,,0.02864,0.464731,0.013126,0.027179,0.095662,0.025421,0.07103,0.098016,0.028941,0.147254,,1557500,,
1,2,,0.02336,0.132878,0.267679,0.202722,0.027024,0.096674,0.026739,0.052688,0.027196,0.143041,,1561800,,
1,1,,0.021019,0.376763,0.037174,0.026572,0.124376,0.040019,0.093569,0.118614,0.023975,0.137918,,1579700,,
1,1,,0.022091,0.237591,0.016716,0.009835,0.127608,0.091645,0.149096,0.120401,0.025376,0.199642,,1563600,,
1,1,,0.018079,0.257803,0.121403,0.190455,0.037452,0.082488,0.087079,0.061586,0.030766,0.11289,,1562000,,
1,1,,0.025216,0.241496,0.014857,0.022324,0.151159,0.031401,0.111664,0.140455,0.040552,0.220877,,1576200,,
1,2,,0.01787,0.125125,0.239441,0.20783,0.033699,0.113185,0.028281,0.059368,0.033225,0.141977,,1571000,,
1,1,,0.018809,0.370131,0.028489,0.023909,0.152239,0.015266,0.107626,0.100616,0.024659,0.158257,,1569000,,
1,1,,0.0264,0.346101,0.016395,0.017764,0.149582,0.024614,0.085008,0.12447,0.035883,0.173782,,1563300,,
1,1,,0.024238,0.253203,0.046286,0.027537,0.084143,0.060608,0.149942,0.092139,0.032988,0.228916,,1559700,,
1,1,,0.017246,0.226391,0.219025,0.166087,0.042241,0.093934,0.027555,0.041391,0.039269,0.126862,,1562300,,
1,2,,0.014803,0.170281,0.27916,0.206284,0.024642,0.10998,0.026133,0.051727,0.038444,0.078546,,1563700,,
1,1,,0.017555,0.361821,0.034941,0.017385,0.155869,0.021502,0.117118,0.104013,0.017237,0.15256,,1577100,,
1,1,,0.03209,0.460712,0.018268,0.015179,0.091123,0.018026,0.070909,0.095821,0.034788,0.163083,,1563000,,
1,1,,0.020291,0.469636,0.018711,0.013442,0.110391,0.018585,0.088018,0.0969,0.023704,0.140322,,1559900,,
1,1,,0.033901,0.449268,0.015983,0.021393,0.094314,0.027811,0.071697,0.093059,0.029656,0.162918,,1563100,,
1,1,,0.027102,0.240399,0.022078,0.020634,0.163507,0.03846,0.108312,0.13738,0.031287,0.210841,,1575400,,
1,1,,0.025033,0.335636,0.010275,0.026582,0.16761,0.019948,0.083375,0.124239,0.031867,0.175435,,1571600,,
1,1,,0.016376,0.202038,0.095627,0.143006,0.032209,0.136757,0.08931,0.101483,0.048687,0.134507,,1569900,,
1,1,,0.024327,0.462621,0.01133,0.025568,0.102225,0.025756,0.089279,0.085554,0.026313,0.147029,,1561900,,
1,1,,0.031041,0.232129,0.016193,0.007027,0.137239,0.068995,0.154047,0.146044,0.022349,0.184936,,1562400,,
1,1,,0.019855,0.375624,0.015273,0.013257,0.158105,0.018984,0.098892,0.113861,0.025739,0.16041,,1577500,,
1,1,,0.036373,0.366247,0.01329,0.021393,0.144491,0.026634,0.086665,0.11059,0.032285,0.16203,,1562300,,
1,9,,0.021578,0.222993,0.018011,0.022034,0.117071,0.047833,0.159287,0.103685,0.047045,0.240463,,1562500,,
1,1,,0.026404,0.467314,0.010896,0.019363,0.108263,0.019828,0.075066,0.10365,0.023942,0.145274,,1561700,,
1,3,,0.02924,0.127822,0.16977,0.29457,0.025418,0.092874,0.021347,0.062145,0.034301,0.142512,,1562700,,
1,1,,0.026723,0.23428,0.051631,0.013475,0.135285,0.056111,0.12514,0.088191,0.040699,0.228464,,1562100,,
1,1,,0.03135,0.249305,0.040592,0.010266,0.115286,0.047282,0.15826,0.118119,0.034578,0.194963,,1561100,,
1,3,,0.014702,0.086512,0.226963,0.238093,0.078528,0.07551,0.029775,0.103092,0.039667,0.107158,,1579600,,
1,1,,0.014261,0.295908,0.035151,0.034495,0.142187,0.011446,0.127808,0.092663,0.02322,0.222861,,1561300,,
1,1,,0.012472,0.323197,0.036698,0.014006,0.139083,0.004111,0.112728,0.16515,0.031381,0.161173,,1560600,,
1,1,,0.030115,0.348446,0.048732,0.018262,0.078093,0.039017,0.118642,0.088877,0.035196,0.194621,,1585200,,
1,9,,0.019602,0.110361,0.171287,0.155265,0.057592,0.127674,0.050858,0.046294,0.025634,0.235433,,1562700,,
1,1,,0.01544,0.300374,0.100603,0.032077,0.091577,0.06069,0.129811,0.060542,0.017079,0.191806,,1562100,,
1,2,,0.014803,0.168138,0.295211,0.206284,0.022642,0.108474,0.023672,0.051119,0.032496,0.077161,,1565300,,
1,3,,0.015879,0.088279,0.21867,0.300949,0.026257,0.112006,0.007301,0.082159,0.027653,0.120847,,1560300,,
1,1,,0.018679,0.18605,0.100097,0.172104,0.037134,0.113433,0.089342,0.092559,0.040445,0.150156,,1560100,,
1,9,,0.01936,0.251927,0.040286,0.019801,0.095405,0.090414,0.135155,0.062392,0.022856,0.262405,,1562000,,
1,1,,0.019401,0.258384,0.116728,0.192692,0.038135,0.084272,0.084369,0.054568,0.028355,0.123098,,1581100,,
