pendigits,LADTree,test,0,NANOSECONDS,PREDICTIONS, Generated by ClassifierExperiments.java on 2022-05-16 13:17:44.    SYSTEMPROPERTIES:{user.name:matth,os.arch:amd64,os.name:Windows 10},ENDSYSTEMPROPERTIES
No parameter info
0.5692866878691504,2289275900,3605582500,-1,87360088,10,,-1,-1
0,0,,0.483224,0.008406,0.003992,0.022424,0.008351,0.180855,0.089674,0.001304,0.193062,0.008707,,1884400,,
0,0,,0.429079,0.013635,0.009408,0.003488,0.044094,0.216218,0.013348,0.006217,0.251781,0.012731,,1647000,,
0,0,,0.412024,0.018311,0.023588,0,0.016476,0.260211,0.010947,0.012379,0.218628,0.027436,,1643500,,
0,0,,0.479478,0.003767,0.005138,0.0264,0.018882,0.201187,0.012708,0.003294,0.245941,0.003205,,1660200,,
0,0,,0.482957,0.006421,0.005009,0.018065,0.017818,0.211301,0.009041,0.005008,0.239158,0.005222,,1661600,,
0,0,,0.3484,0.017103,0.0105,0,0.039293,0.098515,0.164484,0.0354,0.22521,0.061097,,1664800,,
0,0,,0.448981,0.010003,0.014456,0.009882,0.014837,0.216709,0.012882,0.009015,0.258835,0.004401,,1639900,,
0,5,,0.327422,0.014201,0.011286,0.0002,0.042171,0.34387,0.039443,0.012272,0.1854,0.023734,,1647400,,
0,0,,0.451946,0.007273,0.008012,0.006977,0.022451,0.221547,0.011177,0.006213,0.256977,0.007427,,1646400,,
0,0,,0.452797,0.009108,0.005117,0.013274,0.028133,0.216123,0.009068,0.004151,0.257958,0.00427,,1655900,,
0,0,,0.460248,0.013739,0.013881,0.004038,0.017957,0.217252,0.012111,0.005763,0.249516,0.005494,,1653300,,
0,0,,0.510305,0.011628,0.012601,0.023654,0.025838,0.15075,0.056574,0,0.2035,0.00515,,1641200,,
0,0,,0.389136,0.015683,0.015338,0.001304,0.022158,0.33163,0.008762,0.009848,0.196071,0.010069,,1668600,,
0,0,,0.441354,0.011032,0.002069,0.023654,0.03605,0.168339,0.0115,0.002729,0.261206,0.042068,,1610700,,
0,0,,0.369434,0.011562,0.016052,0.001429,0.024589,0.336573,0.008482,0.008707,0.212472,0.010699,,1614900,,
0,0,,0.466187,0.002236,0.008012,0.006977,0.016873,0.21393,0.010867,0.006213,0.261023,0.007681,,1609600,,
0,0,,0.382516,0.01464,0.019175,0.000698,0.022766,0.331852,0.006987,0.004359,0.206477,0.010529,,1609000,,
0,0,,0.359701,0.013423,0.023588,0.000889,0.043201,0.295153,0.038096,0.015718,0.202209,0.008022,,1613400,,
0,0,,0.409333,0.013835,0.018573,0,0.047655,0.221632,0.025939,0.008735,0.242632,0.011667,,1606700,,
0,0,,0.430568,0.0134,0.016492,0.003077,0.037924,0.210499,0.025123,0.005394,0.249081,0.008442,,1618000,,
0,0,,0.416896,0.011071,0.001154,0.003077,0.042436,0.151914,0.066118,0.007093,0.265957,0.034284,,1625500,,
0,0,,0.488269,0.008368,0.002957,0.018947,0.0172,0.171266,0.114457,0.000294,0.166563,0.011679,,1641700,,
0,0,,0.443431,0.009553,0.018084,0.000845,0.034462,0.217928,0.011229,0.008661,0.24407,0.011737,,1629400,,
0,0,,0.388817,0.016931,0.034675,0.006,0.052798,0.095562,0.18577,0.057681,0.14646,0.015306,,1615600,,
0,0,,0.408376,0.014093,0.021489,0,0.055013,0.205078,0.030259,0.012102,0.244575,0.009015,,1606400,,
0,0,,0.388537,0.002091,0.04447,0.016984,0.027761,0.2171,0.11155,0.05403,0.116078,0.021398,,1616800,,
0,0,,0.307354,0.031801,0.039091,0.00026,0.039786,0.201666,0.185325,0.061264,0.08278,0.050674,,1613400,,
0,0,,0.491438,0.006748,0.004755,0.017692,0.012893,0.172584,0.112238,0.001224,0.172883,0.007544,,1618700,,
0,0,,0.420342,0.003824,0.011202,0.012203,0.039252,0.127828,0.159956,0.032904,0.181448,0.011042,,1625500,,
0,8,,0.333728,0.006395,0.00172,0.004516,0.042075,0.093881,0.088933,0.003027,0.379121,0.046603,,1616700,,
0,0,,0.469183,0.010783,0.00331,0.022424,0.010427,0.214948,0.007272,0.002027,0.247583,0.012042,,1633500,,
0,5,,0.321281,0.012416,0.024042,0,0.027683,0.389975,0.009065,0.011134,0.194826,0.009578,,1608100,,
0,0,,0.422017,0.006364,0.018818,0.024444,0.016071,0.168696,0.06631,0.037513,0.236413,0.003354,,1632900,,
0,0,,0.458704,0.012375,0.016052,0.001429,0.020587,0.207764,0.013253,0.008691,0.255281,0.005863,,1623300,,
0,0,,0.332879,0.040988,0.115726,0.083589,0.097106,0.06684,0.015,0.046089,0.139073,0.06271,,1624200,,
0,0,,0.421621,0.009721,0.002926,0.002591,0.050216,0.099617,0.134549,0.035576,0.206329,0.036854,,1628500,,
0,0,,0.570053,0.008716,0.000609,0.001176,0.040484,0.073309,0.059612,0.005789,0.230381,0.009871,,1618600,,
0,0,,0.345229,0.013395,0.024476,0,0.019264,0.342611,0.0079,0.009298,0.216256,0.021569,,1632000,,
0,0,,0.342343,0.009311,0.015921,0.004719,0.052896,0.11138,0.131695,0.044826,0.249218,0.037693,,1623700,,
0,0,,0.466706,0.018194,0.01045,0.000674,0.019813,0.216949,0.005545,0.006311,0.245373,0.009985,,1619200,,
0,0,,0.459238,0.013629,0.013607,0.004038,0.02658,0.21576,0.004774,0.005505,0.247849,0.00902,,1641100,,
0,0,,0.316282,0.007582,0.036256,0.016595,0.044227,0.064323,0.271,0.048179,0.176074,0.019482,,1624500,,
0,0,,0.376872,0.017543,0.019538,0,0.047698,0.314247,0.035063,0.009759,0.171549,0.007732,,1625900,,
0,0,,0.42867,0.006658,0.017105,0.021386,0.020874,0.164414,0.06937,0.038841,0.228961,0.003721,,1620100,,
0,0,,0.456701,0.008196,0.005117,0.013274,0.018289,0.207864,0.012708,0.004818,0.263676,0.009358,,1624000,,
0,0,,0.486624,0.005748,0.001714,0.023429,0.021249,0.166573,0.07749,0.000392,0.21175,0.005031,,1622400,,
0,0,,0.478461,0.007174,0.011425,0.004565,0.021155,0.211275,0.008874,0.003984,0.24609,0.006997,,1621700,,
0,0,,0.371749,0.016381,0.019538,0,0.029512,0.281142,0.014962,0.010992,0.245002,0.010722,,1625600,,
0,0,,0.462135,0.017578,0.019175,0.000698,0.020036,0.21167,0.006987,0.004136,0.248988,0.008596,,1622200,,
0,0,,0.468128,0.01049,0.011425,0.004565,0.024965,0.214909,0.010647,0.003984,0.244766,0.006122,,1635600,,
0,0,,0.364249,0.018903,0.022646,0,0.047857,0.28971,0.031641,0.007469,0.208934,0.008593,,1623000,,
0,0,,0.466664,0.010506,0.011425,0.004565,0.02674,0.217918,0.004197,0.004,0.243715,0.01027,,1628700,,
0,0,,0.430004,0.017928,0.009408,0.003488,0.02422,0.227514,0.004197,0.005532,0.268569,0.00914,,1622900,,
0,0,,0.402776,0.012584,0.022646,0,0.034614,0.281996,0.013318,0.007675,0.209335,0.015057,,1618900,,
0,0,,0.453797,0.02343,0.009408,0.003488,0.01618,0.224907,0.008998,0.005516,0.247572,0.006705,,1620800,,
0,0,,0.484811,0.014334,0.006665,0.021026,0.013621,0.208831,0.004005,0.006186,0.234875,0.005647,,1623300,,
0,0,,0.421409,0.006299,0.01815,0.008062,0.054682,0.209101,0.022094,0.010388,0.238662,0.011153,,1621000,,
0,0,,0.418442,0.011849,0.017047,0.000421,0.044725,0.215294,0.013137,0.0101,0.253197,0.015787,,1622300,,
0,0,,0.449477,0.01372,0.022646,0,0.034452,0.258682,0.013571,0.009285,0.175318,0.02285,,1638900,,
0,5,,0.29221,0.016933,0.019938,0,0.044112,0.383348,0.03473,0.011525,0.18984,0.007363,,1624500,,
0,0,,0.377346,0.019141,0.019538,0,0.019801,0.303204,0.018598,0.010111,0.220206,0.012055,,1622600,,
0,0,,0.498232,0.012855,0.012862,0.007164,0.032295,0.163613,0.056214,0.000571,0.203485,0.012708,,1633500,,
0,0,,0.502479,0.012976,0.026821,0.000732,0.053135,0.055514,0.134964,0.03048,0.159651,0.023249,,1636200,,
0,0,,0.441066,0.012899,0.019175,0.000698,0.036126,0.206574,0.008416,0.004716,0.258408,0.011922,,1623700,,
0,0,,0.392315,0.015319,0.028805,0.000374,0.063731,0.207094,0.032227,0.009234,0.239972,0.010931,,1624100,,
0,8,,0.029355,0.020732,0.081469,0.034479,0.106938,0.014505,0.189231,0.19233,0.308537,0.022423,,1626000,,
0,0,,0.460189,0.002236,0.008012,0.006977,0.021373,0.214265,0.008967,0.006213,0.265506,0.006262,,1623600,,
0,0,,0.342259,0.014287,0.06383,0,0.064949,0.073067,0.161739,0.047793,0.188827,0.04325,,1633600,,
0,0,,0.489859,0.00493,0.015675,0.027273,0.029051,0.157224,0.059808,0,0.21244,0.003741,,1627100,,
0,8,,0.256031,0.005596,0.002946,0.004516,0.051816,0.07342,0.214353,0.033668,0.332904,0.024749,,1626100,,
0,0,,0.430087,0.016727,0.02508,0,0.035779,0.261665,0.016226,0.008951,0.194737,0.010749,,1625200,,
0,0,,0.506268,0.007552,0.002586,0.022759,0.019317,0.138726,0.048387,0.001357,0.249391,0.003658,,1632400,,
0,0,,0.377008,0.020802,0.024042,0,0.025959,0.317527,0.0079,0.009897,0.207914,0.008951,,1625600,,
0,0,,0.463758,0.009711,0.011971,0.00551,0.022896,0.209762,0.008998,0.008762,0.251396,0.007235,,1615800,,
0,0,,0.456513,0.01954,0.019538,0.000233,0.037947,0.197284,0.014029,0.011553,0.226693,0.01667,,1626100,,
0,0,,0.396246,0.005113,0.002413,0.005393,0.035805,0.166761,0.041328,0.01017,0.326693,0.010078,,1622100,,
0,8,,0.176118,0.052213,0.091839,0,0.118598,0.009483,0.061217,0.124922,0.328808,0.036802,,1627700,,
0,0,,0.370898,0.014815,0.015338,0.002045,0.014222,0.369058,0.012828,0.003936,0.18408,0.01278,,1645300,,
0,0,,0.485433,0.019287,0.01735,0,0.040128,0.172696,0.030915,0.010655,0.216528,0.007008,,1622800,,
0,0,,0.444798,0.022106,0.023588,0.000114,0.03881,0.192163,0.015819,0.011909,0.237983,0.01271,,1621000,,
0,5,,0.330797,0.014711,0.017047,0,0.017251,0.39647,0.013805,0.009808,0.190797,0.009314,,1623100,,
0,0,,0.476701,0.00813,0.00233,0.023301,0.022893,0.191001,0.049458,0,0.218091,0.008094,,1642300,,
0,0,,0.441167,0.010245,0.016052,0.00185,0.034622,0.218847,0.010588,0.008893,0.246951,0.010785,,1625200,,
0,0,,0.432706,0.018177,0.017598,0.000962,0.033279,0.19389,0.015343,0.012576,0.219338,0.056132,,1618200,,
0,5,,0.314331,0.013256,0.015338,0.001304,0.040161,0.384998,0.011569,0.009203,0.196039,0.013801,,1618700,,
0,0,,0.484476,0.003495,0.011425,0.004565,0.021555,0.210836,0.008874,0.003984,0.2442,0.006589,,1621100,,
0,0,,0.422978,0.00866,0.029291,0.003934,0.039302,0.092964,0.169035,0.036001,0.176833,0.021003,,1624000,,
0,0,,0.474552,0.006617,0.007248,0.019245,0.014374,0.209304,0.007624,0.003843,0.251791,0.005401,,1624900,,
0,0,,0.414646,0.020348,0.03251,0.019412,0.057376,0.103154,0.135778,0.02625,0.183434,0.007092,,1620400,,
0,0,,0.452316,0.013929,0.016492,0.003077,0.022816,0.22743,0.005735,0.00512,0.241133,0.011952,,1627700,,
0,0,,0.392873,0.012899,0.018573,0,0.01478,0.315315,0.015835,0.010063,0.211212,0.008449,,1623200,,
0,0,,0.301404,0.026695,0.089601,0.003133,0.127699,0.008453,0.037895,0.104185,0.261044,0.039892,,1640600,,
0,0,,0.330402,0.010378,0.02115,0.001086,0.035396,0.218652,0.224778,0.028359,0.101869,0.027929,,1621300,,
0,0,,0.461524,0.014888,0.004209,0.018065,0.018254,0.219408,0.010636,0.005114,0.241515,0.006388,,1622300,,
0,0,,0.381772,0.017851,0.019538,0.000238,0.029213,0.235659,0.015438,0.010172,0.26151,0.02861,,1613400,,
0,0,,0.491587,0.007779,0.034597,0.002192,0.047829,0.080907,0.12258,0.04144,0.160196,0.010891,,1642000,,
0,0,,0.371525,0.013504,0.014347,0,0.006777,0.344828,0.022437,0.016597,0.194303,0.015681,,1620000,,
0,0,,0.352611,0.020231,0.019538,0,0.023494,0.198299,0.013797,0.010544,0.317735,0.043752,,1633200,,
0,0,,0.453011,0.016184,0.018573,0,0.011414,0.249167,0.016907,0.009338,0.197608,0.027798,,1620700,,
0,0,,0.485147,0.007673,0.011971,0.00551,0.016774,0.200975,0.012882,0.009397,0.244295,0.005375,,1625000,,
0,0,,0.48939,0.00592,0.005117,0.013274,0.01956,0.19997,0.010025,0.004469,0.245306,0.00697,,1617600,,
0,0,,0.357049,0.012952,0.017598,0,0.028544,0.34576,0.014889,0.011953,0.18919,0.022066,,1649700,,
0,0,,0.456348,0.010976,0.011425,0.004565,0.032038,0.209073,0.008998,0.004768,0.253798,0.00801,,1619200,,
0,0,,0.454596,0.009402,0.005138,0.0264,0.019309,0.219993,0.010025,0.002945,0.243851,0.008341,,1613900,,
0,0,,0.605807,0.003581,0.00541,0.012295,0.016616,0.124111,0.019897,0.001967,0.205389,0.004927,,1649200,,
0,0,,0.457401,0.007124,0.005117,0.013274,0.034244,0.206226,0.012605,0.004508,0.249347,0.010153,,1619700,,
0,0,,0.485071,0.013781,0.014295,0,0.042125,0.164313,0.035244,0.013172,0.219471,0.012527,,1620900,,
0,0,,0.408725,0.004435,0.027218,0.017419,0.059891,0.11588,0.138992,0.026573,0.190867,0.01,,1626600,,
0,0,,0.480994,0.013654,0.005893,0.024444,0.016285,0.21074,0.010647,0.002027,0.226427,0.008889,,1616500,,
0,0,,0.268538,0.051888,0.069282,0.001556,0.107504,0.171569,0.070712,0.119148,0.122493,0.01731,,1626000,,
0,0,,0.402355,0.009776,0.014456,0.009882,0.021338,0.330908,0.007947,0.00838,0.188535,0.006423,,1640500,,
0,8,,0.111034,0.017594,0.091486,0.033245,0.096103,0.008077,0.179161,0.127763,0.313164,0.022374,,1615100,,
0,5,,0.370493,0.009151,0.016523,0.006,0.024836,0.370777,0.004197,0.005043,0.176915,0.016064,,1625000,,
0,0,,0.350347,0.090415,0.054951,0.168,0.038765,0.058088,0.006656,0.034219,0.130174,0.068385,,1643900,,
0,0,,0.466331,0.016744,0.009408,0.003488,0.02381,0.212903,0.008998,0.005516,0.243901,0.0089,,1622200,,
0,0,,0.374715,0.00903,0.032769,0,0.097232,0.058362,0.186115,0.044197,0.146294,0.051287,,1623800,,
0,0,,0.437086,0.009667,0.011425,0.004565,0.021985,0.215878,0.011177,0.003984,0.276604,0.00763,,1619900,,
0,0,,0.450435,0.004546,0.0105,0.012203,0.026187,0.250541,0.05967,0,0.172883,0.013035,,1622400,,
0,0,,0.395656,0.027992,0.037045,0.000682,0.045752,0.030995,0.184545,0.066111,0.182399,0.028823,,1624200,,
0,0,,0.464496,0.02068,0.009408,0.003488,0.01861,0.213079,0.008693,0.005516,0.249963,0.006068,,1630400,,
0,0,,0.399057,0.016413,0.015338,0.001304,0.015918,0.329216,0.010821,0.008485,0.194525,0.008924,,1639100,,
0,0,,0.450589,0.011082,0.011425,0.004565,0.028071,0.232277,0.004197,0.004,0.241651,0.012143,,1620700,,
0,0,,0.445262,0.013823,0.01045,0.000674,0.03958,0.220534,0.013734,0.006403,0.232631,0.016908,,1618800,,
0,8,,0.235865,0.004789,0.01526,0.005393,0.057809,0.117584,0.127945,0.048003,0.339809,0.047544,,1642700,,
0,0,,0.467233,0.01074,0.004209,0.018065,0.034621,0.207064,0.004197,0.004624,0.243191,0.006057,,1616500,,
0,0,,0.478734,0.010217,0.005893,0.024444,0.012616,0.206361,0.012882,0.002662,0.24007,0.00612,,1618200,,
0,0,,0.530031,0.008374,0.031696,0.023654,0.017641,0.11492,0.064931,0.028966,0.172749,0.007038,,1624500,,
0,0,,0.457467,0.0175,0.013607,0.004038,0.017903,0.213033,0.013459,0.006124,0.250141,0.006728,,1622600,,
0,0,,0.485167,0.004954,0.005748,0.012295,0.018362,0.205728,0.011177,0.003995,0.245729,0.006845,,1620100,,
0,0,,0.492929,0.007874,0.005385,0.017692,0.014231,0.132024,0.077308,0.028769,0.215481,0.008308,,1625500,,
0,0,,0.311342,0.023542,0.065926,0.001818,0.090663,0.005356,0.075122,0.133313,0.220877,0.072039,,1632100,,
0,0,,0.372307,0.012431,0.019175,0.000698,0.049755,0.34851,0.008152,0.004913,0.169165,0.014893,,1625100,,
0,0,,0.356959,0.015758,0.017047,0,0.025872,0.336771,0.011032,0.01131,0.203474,0.021777,,1638300,,
0,0,,0.461723,0.014474,0.015338,0.002045,0.021896,0.21137,0.01092,0.004175,0.247971,0.010087,,1619200,,
0,0,,0.456039,0.012049,0.011971,0.00551,0.030573,0.210953,0.004197,0.009298,0.251462,0.007948,,1629300,,
0,0,,0.400347,0.018239,0.009408,0.003488,0.023491,0.297199,0.011612,0.006257,0.220251,0.009707,,1619600,,
0,0,,0.434559,0.013917,0.016127,0,0.03802,0.190713,0.015997,0.014066,0.221574,0.055026,,1624900,,
0,0,,0.426942,0.010135,0,0.003934,0.023715,0.116099,0.135929,0.024357,0.236455,0.022433,,1622500,,
0,0,,0.479909,0.011288,0.00622,0.019412,0.022378,0.198237,0.010636,0.002534,0.239267,0.010119,,1625100,,
0,0,,0.445257,0.016634,0.010971,0.000541,0.038703,0.157607,0.028314,0.013727,0.271901,0.016346,,1622400,,
0,0,,0.376478,0.016072,0.016421,0.0002,0.046338,0.324655,0.024257,0.012317,0.173147,0.010113,,1629500,,
0,0,,0.417814,0.011091,0.018084,0.000845,0.050541,0.219334,0.023131,0.008194,0.241757,0.009207,,1641000,,
0,0,,0.468289,0.0086,0.005901,0.011523,0.020616,0.213658,0.00697,0.004769,0.251403,0.008273,,1627800,,
0,0,,0.553165,0.010605,0.002918,0.023301,0.016073,0.24134,0.019492,0.000294,0.121799,0.011012,,1623000,,
0,0,,0.479402,0.009136,0.011425,0.004565,0.02102,0.211007,0.006255,0.003984,0.249323,0.003883,,1618900,,
0,0,,0.480593,0.012283,0.002739,0.018947,0.010858,0.184901,0.091574,0,0.185233,0.012872,,1624800,,
0,0,,0.373676,0.065548,0.105351,0.121935,0.090501,0.045041,0.005843,0.043891,0.101828,0.046385,,1627100,,
0,5,,0.337062,0.014141,0.002069,0.023654,0.018525,0.385326,0.010636,0.002534,0.193494,0.012561,,1620900,,
0,0,,0.373492,0.008594,0.022968,0.022665,0.03544,0.103107,0.224778,0.024978,0.175291,0.008684,,1623000,,
0,0,,0.389072,0.011133,0.015338,0.001304,0.032739,0.320396,0.016128,0.008599,0.192963,0.012329,,1627800,,
0,5,,0.371584,0.012619,0.019175,0.000698,0.027186,0.373974,0.014602,0.004897,0.160053,0.015212,,1642100,,
0,0,,0.373449,0.025722,0.02508,0.000114,0.024201,0.304364,0.014136,0.006827,0.217281,0.008827,,1630700,,
0,0,,0.436061,0.0125,0.010971,0.001538,0.016919,0.161102,0.021921,0.014491,0.285804,0.038693,,1626300,,
0,0,,0.421023,0.018496,0.013861,0.000541,0.043046,0.177321,0.037527,0.012677,0.22406,0.051447,,1626500,,
0,0,,0.462205,0.010609,0.005117,0.013274,0.022275,0.216642,0.008998,0.004151,0.248727,0.008002,,1620200,,
0,0,,0.353832,0.012658,0.017375,0,0.051343,0.344037,0.022209,0.006267,0.183096,0.009185,,1620600,,
0,0,,0.436996,0.013677,0.013607,0.004038,0.017484,0.21906,0.009645,0.005489,0.271953,0.00805,,1623700,,
0,8,,0.219531,0.007903,0.033566,0.00383,0.091146,0.049175,0.212839,0.034595,0.322525,0.024892,,1634800,,
0,0,,0.459263,0.019343,0.016052,0.001429,0.015337,0.208432,0.012979,0.008456,0.253262,0.005446,,1634800,,
0,0,,0.427585,0.019924,0.01045,0.000674,0.026411,0.223307,0.005545,0.006873,0.269601,0.00963,,1620400,,
0,0,,0.350865,0.013758,0.018084,0.000845,0.049327,0.340662,0.02487,0.008743,0.181827,0.011019,,1684600,,
0,0,,0.479151,0.006264,0.00233,0.023727,0.016375,0.177656,0.093883,0.000426,0.192976,0.007213,,1627700,,
0,0,,0.472291,0.00555,0.011425,0.004565,0.024928,0.213372,0.004197,0.004,0.253962,0.005709,,1621000,,
0,0,,0.53542,0.006473,0.031296,0.023301,0.018442,0.112637,0.065095,0.029563,0.167062,0.010713,,1623500,,
0,0,,0.462453,0.009398,0.016052,0.001429,0.033085,0.207916,0.009647,0.009249,0.24213,0.00864,,1624800,,
0,0,,0.400905,0.024264,0.036675,0.000286,0.044937,0.115642,0.185117,0.06552,0.097707,0.028948,,1625300,,
0,7,,0.031666,0.03268,0.109454,0.039099,0.197146,0.015035,0.144563,0.260489,0.155903,0.013966,,1628800,,
0,8,,0.235439,0.008169,0.008841,0.013648,0.091813,0.15254,0.083567,0.066784,0.330984,0.008215,,1620700,,
0,0,,0.437619,0.007831,0.006469,0.000374,0.058034,0.117396,0.097939,0.007587,0.225732,0.041019,,1626500,,
0,0,,0.332139,0.010713,0.021585,0.001765,0.050059,0.186156,0.200231,0.057765,0.11914,0.020447,,1655400,,
0,0,,0.474267,0.008236,0.011425,0.004565,0.02338,0.210814,0.008693,0.003984,0.251089,0.003546,,1620800,,
0,0,,0.387992,0.012372,0.024159,0,0.021906,0.036503,0.226038,0.026467,0.232689,0.031874,,1627600,,
0,5,,0.308338,0.010908,0.017375,0,0.046056,0.393101,0.01419,0.006669,0.191561,0.011802,,1628400,,
0,0,,0.406892,0.013418,0.021117,0.000526,0.055881,0.203439,0.029642,0.010451,0.245748,0.012886,,1620800,,
0,0,,0.460563,0.015904,0.023588,0,0.025699,0.16826,0.011169,0.012146,0.265804,0.016867,,1622800,,
0,0,,0.484365,0.008155,0.013607,0.004038,0.021442,0.20424,0.009332,0.005489,0.242461,0.00687,,1619500,,
0,0,,0.413726,0.016569,0.024042,0,0.018822,0.324902,0.012397,0.010123,0.17191,0.007508,,1620900,,
0,8,,0.224883,0.007724,0.031076,0.006244,0.061416,0.029641,0.248419,0.046593,0.299064,0.044942,,1623700,,
0,0,,0.444368,0.016127,0.01045,0.000674,0.013436,0.211811,0.014231,0.006707,0.273513,0.008683,,1626700,,
0,5,,0.316543,0.021776,0.018813,0.002695,0.043944,0.340297,0.051207,0.023061,0.174225,0.007441,,1635400,,
0,0,,0.39433,0.014896,0.01045,0.000674,0.026165,0.36845,0.005545,0.006088,0.157914,0.015488,,1624000,,
0,0,,0.483552,0.001552,0.003174,0.022759,0.01997,0.191498,0.048765,0.001329,0.223652,0.003749,,1623000,,
0,0,,0.381803,0.010426,0.016052,0.001429,0.040129,0.230317,0.020681,0.009006,0.263026,0.02713,,1621100,,
0,0,,0.473101,0.007362,0.011425,0.004565,0.017355,0.217742,0.010636,0.00449,0.243861,0.009463,,1623800,,
0,0,,0.360761,0.011366,0.009675,0.024818,0.026793,0.202051,0.022311,0.004644,0.327521,0.010059,,1624100,,
0,0,,0.461958,0.008726,0.011425,0.004565,0.023213,0.21983,0.008967,0.003984,0.248453,0.00888,,1623600,,
0,0,,0.408105,0.011509,0.00714,0.023684,0.02155,0.15821,0.010349,0.002812,0.348837,0.007805,,1624100,,
0,3,,0.019237,0.138987,0.054977,0.180475,0.144035,0.048702,0.110662,0.128761,0.031584,0.142582,,1653100,,
0,0,,0.348799,0.013288,0.013607,0.004038,0.020087,0.345193,0.011213,0.005995,0.219387,0.018392,,1634700,,
0,0,,0.463556,0.01453,0.016492,0.003077,0.029828,0.203247,0.005735,0.00564,0.248751,0.009145,,1619800,,
0,0,,0.37682,0.011135,0.014456,0.009882,0.02496,0.350615,0.010541,0.0089,0.185849,0.006842,,1623900,,
0,0,,0.464907,0.004078,0.005138,0.0264,0.022547,0.206311,0.011177,0.002627,0.251302,0.005512,,1623300,,
0,0,,0.362534,0.013494,0.012674,0.002105,0.034495,0.090757,0.159674,0.037015,0.229818,0.057435,,1629300,,
0,0,,0.540186,0.013575,0.034848,0.019412,0.017819,0.110519,0.063958,0.028966,0.163603,0.007114,,1627900,,
0,0,,0.538831,0.009381,0.032914,0.027273,0.015619,0.109192,0.063869,0.028966,0.166845,0.007111,,1623400,,
0,0,,0.413528,0.006079,0.02625,0.012629,0.053743,0.117391,0.137633,0.026676,0.194295,0.011777,,1622800,,
0,0,,0.43329,0.009001,0.011971,0.00551,0.044236,0.222141,0.007004,0.00948,0.243929,0.01344,,1643000,,
0,7,,0.050235,0.01525,0.084931,0.010378,0.170396,0.011255,0.225267,0.22532,0.188552,0.018415,,1630700,,
0,0,,0.428625,0.014153,0.011274,0,0.038175,0.196082,0.031717,0.013097,0.226901,0.039976,,1634500,,
0,0,,0.410789,0.008797,0.016088,0.006,0.020957,0.337063,0.008755,0.005027,0.180411,0.006113,,1621300,,
0,0,,0.395134,0.013715,0.015338,0.002045,0.017481,0.335951,0.010739,0.003885,0.1986,0.007112,,1625400,,
0,0,,0.431656,0.012677,0.015317,0.023429,0.019614,0.168519,0.066348,0.038309,0.217943,0.006187,,1623700,,
0,0,,0.372684,0.023135,0.013786,0.000659,0.039742,0.230638,0.01804,0.013762,0.257817,0.029738,,1628400,,
0,0,,0.432406,0.013566,0.015338,0.002045,0.038043,0.228059,0.007407,0.004678,0.246766,0.011692,,1621000,,
0,0,,0.407352,0.015288,0.024383,0.000342,0.040279,0.219264,0.025407,0.008916,0.246935,0.011833,,1622800,,
0,8,,0.256535,0.01584,0.03237,0,0.051477,0.024733,0.233885,0.038829,0.292992,0.053339,,1628100,,
0,0,,0.415211,0.013086,0.016917,0,0.052165,0.216109,0.023013,0.00707,0.245021,0.011407,,1626000,,
0,0,,0.47231,0.01041,0.013607,0.004038,0.019097,0.209734,0.012189,0.005489,0.247122,0.006003,,1622100,,
0,0,,0.479147,0.01568,0.024042,0,0.022818,0.246897,0.0079,0.009298,0.174673,0.019545,,1631100,,
0,0,,0.464832,0.01912,0.013607,0.004038,0.024295,0.209847,0.004774,0.005727,0.245547,0.008213,,1628800,,
0,0,,0.401129,0.010263,0.004124,0.022759,0.021728,0.334263,0.009041,0.003581,0.18355,0.009562,,1623900,,
0,0,,0.443051,0.01018,0.014405,0.017419,0.016532,0.120505,0.058438,0.02625,0.279272,0.013948,,1625200,,
0,0,,0.482598,0.0062,0.005563,0.011523,0.018778,0.184919,0.051841,0.003019,0.227883,0.007675,,1624600,,
0,0,,0.380738,0.006763,0.007198,0.019245,0.015859,0.372417,0.009041,0.002593,0.173796,0.012349,,1619800,,
0,0,,0.359881,0.013971,0.024042,0,0.031268,0.331949,0.009065,0.010915,0.207585,0.011323,,1621800,,
0,0,,0.487474,0.007043,0.004752,0.021386,0.016402,0.177708,0.051667,0.002449,0.226859,0.004261,,1643700,,
0,0,,0.447859,0.01643,0.01045,0.000674,0.022588,0.210268,0.005545,0.006324,0.270166,0.009696,,1619400,,
0,0,,0.466974,0.013444,0.013881,0.004038,0.019399,0.212516,0.012111,0.005763,0.245784,0.006091,,1634100,,
0,0,,0.507883,0.002776,0.016452,0.021386,0.027787,0.153126,0.0585,0.001782,0.205579,0.004727,,1620300,,
0,0,,0.449858,0.018843,0.038183,0,0.064929,0.028364,0.154162,0.047179,0.165965,0.032516,,1627900,,
0,0,,0.45362,0.01711,0.01045,0.000674,0.022218,0.213841,0.005545,0.006324,0.260064,0.010154,,1624300,,
0,5,,0.289601,0.016378,0.014868,0.003256,0.04415,0.373428,0.036711,0.018533,0.194355,0.008719,,1619700,,
0,0,,0.289993,0.005752,0.043717,0.015166,0.08055,0.044964,0.243708,0.067018,0.155321,0.053811,,1627200,,
0,8,,0.183681,0.020494,0.086424,0.037883,0.102138,0.011301,0.175353,0.104422,0.257049,0.021255,,1624900,,
0,0,,0.41438,0.003517,0.029725,0.012203,0.039792,0.102107,0.168312,0.036843,0.183919,0.009202,,1630500,,
0,0,,0.419088,0.014764,0.017598,0.000759,0.033389,0.191286,0.016578,0.013061,0.249902,0.043574,,1626300,,
0,5,,0.350606,0.011612,0.018084,0.000845,0.048513,0.367045,0.01381,0.009249,0.157187,0.023049,,1621400,,
0,0,,0.452025,0.010474,0.013607,0.004038,0.025124,0.218235,0.004774,0.005505,0.26011,0.006108,,1632200,,
0,0,,0.43346,0.004227,0.014975,0.008919,0.012041,0.173926,0.068765,0.037059,0.229467,0.017162,,1625600,,
1,1,,0.018898,0.504435,0.014037,0.029772,0.059905,0.016381,0.049295,0.095129,0.025887,0.186263,,1627800,,
1,9,,0.024899,0.170167,0.096084,0.142185,0.015015,0.118688,0.005798,0.074207,0.055313,0.297642,,1628500,,
1,1,,0.017049,0.396718,0.017704,0.017688,0.121469,0.02058,0.055006,0.1167,0.026214,0.210873,,1624600,,
1,3,,0.01743,0.214353,0.153275,0.21787,0.029284,0.096923,0.020005,0.019321,0.05379,0.17775,,1633000,,
1,1,,0.019352,0.393564,0.017215,0.017541,0.122298,0.021864,0.062138,0.111616,0.026292,0.20812,,1640900,,
1,3,,0.013756,0.092388,0.235182,0.271313,0.078771,0.073865,0.024392,0.064553,0.028409,0.117371,,1626100,,
1,2,,0.006515,0.061198,0.229333,0.108927,0.085443,0.048983,0.10185,0.178464,0.102155,0.077132,,1626200,,
1,2,,0.014767,0.136735,0.332624,0.174038,0.07511,0.069097,0.026604,0.062733,0.039592,0.0687,,1625200,,
1,1,,0.017839,0.330183,0.024259,0.026208,0.111832,0.028101,0.06749,0.150832,0.033487,0.209769,,1634500,,
1,1,,0.010149,0.283922,0.017518,0.009258,0.117209,0.035226,0.084623,0.168471,0.03737,0.236252,,1635900,,
1,1,,0.017361,0.304548,0.018755,0.025426,0.158775,0.027316,0.076501,0.12457,0.033132,0.213617,,1633300,,
1,1,,0.012832,0.302977,0.029937,0.013647,0.087966,0.055575,0.10408,0.119898,0.025239,0.247848,,1625200,,
1,3,,0.012357,0.122329,0.144459,0.288642,0.026523,0.091199,0.011385,0.060648,0.052381,0.190078,,1629100,,
1,1,,0.013395,0.204917,0.119382,0.185244,0.056125,0.083313,0.074351,0.112541,0.032357,0.118375,,1627700,,
1,3,,0.017512,0.111511,0.121883,0.330565,0.016074,0.13426,0.009517,0.049667,0.028349,0.18066,,1631900,,
1,9,,0.0159,0.260127,0.043032,0.015661,0.079237,0.079778,0.084273,0.070342,0.026634,0.325017,,1631100,,
1,3,,0.007109,0.161524,0.211744,0.215746,0.012386,0.103395,0.012876,0.085532,0.032213,0.157474,,1622800,,
1,1,,0.014661,0.429191,0.028739,0.024439,0.097172,0.025482,0.077244,0.101297,0.028536,0.173238,,1624100,,
1,3,,0.016485,0.197322,0.172206,0.234747,0.024779,0.094364,0.014346,0.026329,0.042686,0.176736,,1646000,,
1,1,,0.012675,0.407969,0.055838,0.038005,0.050828,0.047351,0.094562,0.066217,0.024577,0.201979,,1622700,,
1,1,,0.015496,0.395586,0.019138,0.020326,0.122007,0.025824,0.05469,0.110513,0.024381,0.21204,,1626000,,
1,1,,0.016825,0.398671,0.026798,0.019265,0.107007,0.0173,0.07717,0.113621,0.02752,0.195822,,1622000,,
1,9,,0.01128,0.204428,0.089348,0.089924,0.044608,0.065033,0.09572,0.107693,0.008941,0.283025,,1628700,,
1,3,,0.013625,0.078404,0.16495,0.343731,0.070203,0.109682,0.013957,0.053472,0.033574,0.118402,,1648900,,
1,3,,0.021598,0.139694,0.177253,0.286338,0.053788,0.110084,0.025391,0.040423,0.027283,0.118148,,1624000,,
1,2,,0.009033,0.057661,0.262267,0.094124,0.105578,0.057734,0.091859,0.177936,0.076481,0.067328,,1635700,,
1,3,,0.020901,0.142192,0.137222,0.257668,0.041435,0.134544,0.013409,0.094817,0.027609,0.130203,,1625800,,
1,2,,0.018029,0.179566,0.254908,0.20996,0.046744,0.116508,0.007713,0.053261,0.025621,0.08769,,1621200,,
1,1,,0.008199,0.503977,0.017413,0.020627,0.068103,0.021117,0.061495,0.101132,0.018488,0.179449,,1633000,,
1,2,,0.016057,0.131107,0.289858,0.08961,0.143152,0.050606,0.037167,0.09807,0.074887,0.069485,,1624700,,
1,3,,0.02052,0.186465,0.171935,0.222421,0.074241,0.101896,0.043951,0.065785,0.035141,0.077645,,1629700,,
1,1,,0.013726,0.31689,0.06004,0.033935,0.051967,0.037259,0.092153,0.080163,0.065702,0.248164,,1636900,,
1,1,,0.018571,0.387187,0.027633,0.014096,0.091916,0.027917,0.096431,0.115294,0.026118,0.194838,,1751900,,
1,1,,0.009837,0.506084,0.018891,0.019611,0.068153,0.018469,0.057288,0.101999,0.019496,0.180174,,1629800,,
1,1,,0.014991,0.507406,0.025508,0.024603,0.059417,0.024399,0.049409,0.083974,0.020967,0.189326,,1622800,,
1,1,,0.011251,0.396558,0.019138,0.020326,0.122694,0.024254,0.05469,0.110513,0.026512,0.214065,,1626000,,
1,2,,0.019335,0.178172,0.251277,0.214265,0.031739,0.084209,0.010798,0.09204,0.023105,0.09506,,1626100,,
1,2,,0.025008,0.089969,0.245636,0.114061,0.084374,0.042856,0.140171,0.138931,0.063504,0.055488,,1645900,,
1,9,,0.022068,0.109863,0.097305,0.13121,0.017518,0.135516,0.007528,0.104733,0.064098,0.31016,,1626000,,
1,1,,0.009411,0.408667,0.008185,0.01224,0.068265,0.005836,0.05864,0.148674,0.021499,0.258585,,1620400,,
1,1,,0.005851,0.432197,0.017458,0.016217,0.121541,0.020067,0.064885,0.118524,0.018827,0.184434,,1629800,,
1,9,,0.016318,0.146917,0.155279,0.112975,0.028761,0.080854,0.012556,0.084736,0.031884,0.329719,,1626800,,
1,9,,0.026045,0.140725,0.201754,0.194178,0.024992,0.121525,0.0238,0.03651,0.02587,0.204601,,1627900,,
1,1,,0.006987,0.421594,0.007825,0.025435,0.126527,0.026097,0.065901,0.105166,0.021004,0.193464,,1623300,,
1,2,,0.020185,0.203829,0.216682,0.204827,0.028983,0.090251,0.011579,0.051157,0.036687,0.13582,,1624100,,
1,1,,0.0135,0.243029,0.180194,0.076569,0.023415,0.148165,0.003304,0.062773,0.010935,0.238116,,1626200,,
1,9,,0.039485,0.16409,0.025734,0.000455,0.139847,0.06005,0.099099,0.144917,0.085706,0.240617,,1626400,,
1,1,,0.01829,0.342876,0.026276,0.016094,0.112548,0.024826,0.068003,0.160984,0.027852,0.202251,,1640300,,
1,2,,0.016386,0.164289,0.243413,0.131958,0.126519,0.051017,0.06824,0.087457,0.030379,0.080342,,1632100,,
1,9,,0.014881,0.257688,0.070011,0.014308,0.056481,0.039908,0.092629,0.080494,0.040341,0.333261,,1628000,,
1,1,,0.011756,0.501777,0.015801,0.020809,0.068642,0.0242,0.057598,0.093415,0.021,0.185002,,1641300,,
1,1,,0.016759,0.261624,0.014571,0.016931,0.091833,0.10507,0.103269,0.133558,0.012616,0.243767,,1622500,,
1,2,,0.016676,0.128589,0.290485,0.167144,0.087242,0.068802,0.033889,0.069207,0.025102,0.112864,,1632500,,
1,1,,0.004969,0.42647,0.024691,0.020217,0.108058,0.020269,0.086683,0.11583,0.021362,0.171451,,1623200,,
1,1,,0.013335,0.303015,0.014953,0.015136,0.088945,0.010024,0.103858,0.172386,0.025683,0.252665,,1622100,,
1,1,,0.017681,0.392767,0.01783,0.02114,0.124869,0.021917,0.054506,0.112387,0.026071,0.210831,,1628100,,
1,2,,0.018354,0.133191,0.302402,0.17085,0.086483,0.075452,0.027583,0.079714,0.029976,0.075995,,1625900,,
1,3,,0.011362,0.109476,0.186516,0.294839,0.02318,0.118062,0.024381,0.057731,0.027388,0.147065,,1630500,,
1,2,,0.014064,0.127542,0.2386,0.078409,0.104958,0.040564,0.09713,0.152586,0.083317,0.062829,,1623700,,
1,1,,0.014937,0.507878,0.019187,0.025014,0.059207,0.02429,0.050187,0.089381,0.023215,0.186704,,1621100,,
1,1,,0.011033,0.427148,0.022935,0.023924,0.097128,0.017111,0.083029,0.10777,0.023441,0.186481,,1646600,,
1,1,,0.010769,0.483061,0.0175,0.029792,0.071117,0.022404,0.050941,0.096742,0.022609,0.195064,,1620200,,
1,2,,0.031277,0.198777,0.221299,0.207956,0.046776,0.122719,0.020928,0.04476,0.031291,0.074216,,1626900,,
1,3,,0.008687,0.074567,0.151169,0.32728,0.014222,0.121487,0.015329,0.036067,0.039198,0.211994,,1630400,,
1,1,,0.01434,0.412178,0.048856,0.046894,0.049379,0.047351,0.091499,0.069426,0.020224,0.199853,,1628900,,
1,9,,0.01224,0.289186,0.020147,0.008916,0.102812,0.050345,0.09303,0.097001,0.00933,0.316993,,1622000,,
1,9,,0.009585,0.277436,0.022245,0.012478,0.119652,0.04915,0.083525,0.088283,0.011812,0.325834,,1621100,,
1,1,,0.010485,0.279089,0.019904,0.011752,0.114187,0.034936,0.087411,0.171083,0.036015,0.23514,,1669400,,
1,2,,0.015263,0.194955,0.247764,0.189623,0.071024,0.082364,0.036186,0.06094,0.020641,0.081238,,1627600,,
1,3,,0.021403,0.182746,0.179402,0.202632,0.080219,0.059989,0.04461,0.094739,0.034978,0.099281,,1633600,,
1,1,,0.00961,0.428112,0.03214,0.027917,0.104873,0.015692,0.075393,0.100044,0.025171,0.181048,,1629900,,
1,3,,0.009284,0.232593,0.141621,0.26185,0.055744,0.061714,0.057533,0.06702,0.025395,0.087246,,1624300,,
1,3,,0.022269,0.185629,0.172404,0.219051,0.078418,0.098251,0.04937,0.06503,0.03303,0.076547,,1625500,,
1,2,,0.01755,0.160124,0.231619,0.199028,0.032825,0.09042,0.011753,0.069927,0.025506,0.161249,,1628000,,
1,1,,0.022799,0.298515,0.021005,0.016969,0.142438,0.020836,0.103726,0.113893,0.032279,0.227539,,1630800,,
1,1,,0.012867,0.412978,0.032164,0.024463,0.100268,0.02545,0.076489,0.094888,0.027506,0.192927,,1626500,,
1,9,,0.020366,0.154349,0.136248,0.167707,0.028199,0.103375,0.013519,0.017834,0.022497,0.335907,,1626600,,
1,9,,0.029985,0.143889,0.177727,0.086053,0.023238,0.148594,0.004155,0.079833,0.056746,0.249781,,1636600,,
1,1,,0.010642,0.426277,0.01898,0.021617,0.121996,0.020785,0.053955,0.111066,0.02394,0.190741,,1643400,,
1,2,,0.017934,0.166743,0.227487,0.226954,0.046421,0.103525,0.012909,0.075138,0.02441,0.098479,,1624300,,
1,9,,0.019572,0.09539,0.132268,0.252206,0.016413,0.129298,0.008542,0.048801,0.044972,0.252538,,1626300,,
1,1,,0.009287,0.428618,0.019074,0.017191,0.127713,0.020226,0.057074,0.103299,0.022594,0.194923,,1621300,,
1,1,,0.018296,0.491849,0.024998,0.021652,0.061555,0.020895,0.051823,0.09521,0.0226,0.191122,,1620800,,
1,1,,0.008182,0.427817,0.026652,0.01355,0.107836,0.02179,0.083919,0.114593,0.022499,0.173162,,1622900,,
1,1,,0.018117,0.334437,0.027254,0.019208,0.111377,0.027878,0.06931,0.154939,0.032473,0.205006,,1624400,,
1,9,,0.026698,0.09713,0.123584,0.162138,0.05933,0.118076,0.118422,0.08903,0.020027,0.185566,,1630100,,
1,7,,0.007863,0.129603,0.149519,0.036725,0.096746,0.054288,0.14823,0.208014,0.108086,0.060924,,1627100,,
1,3,,0.009476,0.232535,0.141417,0.262568,0.055744,0.059782,0.057726,0.068165,0.025728,0.086859,,1657800,,
1,1,,0.009992,0.502359,0.016467,0.020217,0.068642,0.02094,0.057598,0.10292,0.018076,0.182789,,1622700,,
1,1,,0.013255,0.320936,0.017261,0.02053,0.120477,0.020842,0.085944,0.136306,0.031684,0.232766,,1623600,,
1,3,,0.012772,0.138764,0.257305,0.260235,0.06992,0.082734,0.00797,0.060505,0.030357,0.079437,,1626100,,
1,1,,0.022099,0.234062,0.207288,0.190852,0.040699,0.07708,0.019459,0.070189,0.023757,0.114513,,1625000,,
1,2,,0.011411,0.11663,0.257838,0.09576,0.117984,0.052936,0.062407,0.128013,0.082638,0.074384,,1623600,,
1,2,,0.020618,0.126461,0.212279,0.090251,0.109475,0.048536,0.169635,0.089992,0.0739,0.058853,,1628800,,
1,2,,0.008771,0.096173,0.285685,0.175696,0.086483,0.075361,0.032795,0.118787,0.03533,0.084918,,1628000,,
1,1,,0.019624,0.306589,0.022048,0.01777,0.145507,0.02337,0.078755,0.133629,0.030024,0.222683,,1624200,,
1,1,,0.010313,0.428677,0.022842,0.026957,0.101186,0.015041,0.07561,0.110575,0.030651,0.178148,,1638000,,
1,1,,0.020184,0.244517,0.196619,0.220354,0.02445,0.09085,0.015617,0.026758,0.024587,0.136063,,1635100,,
1,9,,0.01406,0.200927,0.098878,0.08488,0.047989,0.079308,0.07122,0.092529,0.009751,0.300457,,1626700,,
1,2,,0.019882,0.125083,0.233416,0.068954,0.091569,0.034219,0.131344,0.138991,0.097291,0.05925,,1629000,,
1,3,,0.018468,0.12844,0.147619,0.297916,0.027546,0.090232,0.015139,0.050348,0.038952,0.18534,,1628200,,
1,1,,0.013289,0.495664,0.016258,0.020145,0.073137,0.024264,0.052324,0.093975,0.021622,0.189322,,1624500,,
1,1,,0.011475,0.430674,0.017512,0.023575,0.118309,0.019418,0.054945,0.10329,0.030103,0.190697,,1611500,,
1,1,,0.018543,0.31982,0.020663,0.02387,0.116285,0.028103,0.086776,0.123102,0.031441,0.231396,,1633400,,
1,3,,0.015326,0.190836,0.198574,0.258244,0.026117,0.078781,0.015528,0.051959,0.01942,0.145215,,1628300,,
1,3,,0.007629,0.073098,0.141808,0.293428,0.020795,0.148693,0.021401,0.027835,0.046529,0.218785,,1625700,,
1,1,,0.016628,0.413051,0.01817,0.027135,0.121525,0.02014,0.054516,0.109054,0.026871,0.19291,,1664400,,
1,1,,0.02477,0.309748,0.017544,0.012106,0.116744,0.02164,0.090821,0.127734,0.038601,0.240292,,1621700,,
1,1,,0.012057,0.501456,0.012791,0.022601,0.07094,0.021829,0.055606,0.094804,0.022876,0.185041,,1633300,,
1,1,,0.014151,0.262772,0.119686,0.23813,0.048731,0.069057,0.06105,0.070282,0.023956,0.092185,,1625400,,
1,1,,0.009824,0.306598,0.024674,0.011807,0.107736,0.078679,0.0974,0.169294,0.021307,0.172681,,1622000,,
1,1,,0.035486,0.307223,0.018222,0.012478,0.158551,0.012276,0.080201,0.124505,0.042926,0.208131,,1622400,,
1,9,,0.017917,0.170647,0.201649,0.169745,0.015809,0.099457,0.011658,0.050691,0.032949,0.229477,,1625200,,
1,3,,0.016206,0.172212,0.227898,0.291651,0.032858,0.088287,0.003836,0.045206,0.019665,0.102181,,1624500,,
1,3,,0.02397,0.151795,0.156447,0.339022,0.02963,0.088467,0.009392,0.045585,0.025034,0.130657,,1624200,,
1,1,,0.009221,0.434462,0.031648,0.017857,0.098938,0.016739,0.083889,0.105643,0.020494,0.181109,,1645900,,
1,2,,0.012065,0.079489,0.249369,0.091382,0.10303,0.050329,0.09613,0.164016,0.080453,0.073736,,1634700,,
1,1,,0.015606,0.318009,0.016424,0.023824,0.121313,0.023797,0.070947,0.124826,0.048899,0.236355,,1620800,,
1,9,,0.015264,0.258829,0.075198,0.012751,0.055151,0.038901,0.096634,0.079788,0.039884,0.327601,,1626700,,
1,9,,0.009443,0.264495,0.017357,0.009983,0.104754,0.009844,0.095773,0.14458,0.062801,0.280969,,1619000,,
1,1,,0.011762,0.26013,0.126186,0.239904,0.031978,0.087394,0.053801,0.056615,0.032608,0.099622,,1625800,,
1,2,,0.018181,0.176743,0.274469,0.189024,0.025369,0.097652,0.013187,0.034963,0.038034,0.132378,,1623800,,
1,3,,0.019864,0.192506,0.178275,0.220241,0.075008,0.09974,0.04034,0.068783,0.032126,0.073116,,1621700,,
1,1,,0.023285,0.231477,0.14084,0.202647,0.085752,0.088699,0.064256,0.062618,0.028797,0.071628,,1624700,,
1,3,,0.023261,0.081043,0.196369,0.292724,0.065687,0.108696,0.010803,0.066249,0.025233,0.129934,,1623800,,
1,1,,0.012034,0.425052,0.026132,0.027879,0.104343,0.025764,0.076864,0.110931,0.020821,0.170179,,1622900,,
1,1,,0.012844,0.421356,0.047517,0.034029,0.054026,0.047939,0.091565,0.06963,0.023975,0.19712,,1622700,,
1,3,,0.022707,0.074325,0.223162,0.291013,0.064687,0.093525,0.015485,0.070866,0.032155,0.112076,,1622800,,
1,3,,0.017479,0.085369,0.186482,0.332389,0.045024,0.101704,0.021559,0.063004,0.030006,0.116986,,1624900,,
1,9,,0.033484,0.118202,0.089355,0.174272,0.067337,0.092012,0.119688,0.068724,0.049086,0.187841,,1621700,,
1,1,,0.012216,0.423859,0.021972,0.027254,0.105962,0.023116,0.076558,0.105463,0.024018,0.179582,,1621500,,
1,1,,0.01259,0.419445,0.029868,0.015516,0.09267,0.017214,0.083066,0.117706,0.024575,0.187349,,1623200,,
1,4,,0.052987,0.082032,0.047034,0.072682,0.193367,0.119509,0.109908,0.110262,0.035523,0.176696,,1621300,,
1,3,,0.02046,0.191448,0.174451,0.224339,0.074301,0.100449,0.039991,0.070021,0.030875,0.073665,,1629200,,
1,1,,0.020037,0.428841,0.053121,0.027825,0.042268,0.025783,0.082151,0.085806,0.026501,0.207668,,1624500,,
1,1,,0.010183,0.509994,0.020568,0.017306,0.068586,0.02116,0.050837,0.086394,0.023647,0.191325,,1621000,,
1,1,,0.013451,0.321097,0.017856,0.017338,0.123639,0.023086,0.086222,0.139952,0.027154,0.230204,,1631200,,
1,2,,0.021465,0.209488,0.223865,0.195974,0.034149,0.076347,0.014396,0.077489,0.019589,0.127237,,1624800,,
1,3,,0.011787,0.17186,0.244728,0.282398,0.030183,0.081276,0.004962,0.059367,0.021351,0.092089,,1629300,,
1,3,,0.014137,0.200604,0.170841,0.219415,0.051731,0.073832,0.036739,0.10179,0.024537,0.106373,,1620000,,
1,1,,0.02015,0.302665,0.020115,0.024148,0.138478,0.0254,0.077798,0.13092,0.028637,0.231688,,1622600,,
1,9,,0.014883,0.217519,0.16925,0.087475,0.022718,0.109566,0.010437,0.06055,0.027063,0.280538,,1624000,,
1,1,,0.010816,0.291403,0.04439,0.012278,0.057495,0.04026,0.093654,0.152767,0.037566,0.259371,,1641100,,
1,9,,0.011985,0.2657,0.014012,0.01518,0.105981,0.018928,0.089732,0.166568,0.043754,0.268159,,1621600,,
1,3,,0.018471,0.144753,0.233405,0.24922,0.026138,0.104135,0.015541,0.029508,0.039881,0.138948,,1626900,,
1,1,,0.021865,0.328782,0.023841,0.026756,0.111145,0.028001,0.06806,0.151939,0.031212,0.2084,,1627500,,
1,2,,0.017507,0.18443,0.260582,0.187424,0.047296,0.068348,0.022403,0.070274,0.033066,0.10867,,1636700,,
1,1,,0.0115,0.420973,0.027098,0.017506,0.097185,0.022918,0.090006,0.109467,0.020185,0.183162,,1622100,,
1,9,,0.008678,0.211004,0.155512,0.094271,0.029416,0.097447,0.021037,0.068051,0.021654,0.292929,,1622900,,
1,3,,0.021687,0.191369,0.166937,0.248276,0.052478,0.069187,0.052785,0.068949,0.035362,0.092969,,2379800,,
1,1,,0.013355,0.409461,0.056435,0.029991,0.051912,0.048566,0.092612,0.070794,0.027809,0.199064,,1629400,,
1,1,,0.009286,0.423616,0.025339,0.016339,0.097986,0.025523,0.093102,0.108322,0.01839,0.182097,,1640300,,
