statlog-shuttle,Tuned_CWT,test,0,NANOSECONDS,PREDICTIONS, Generated by ClassifierExperiments.java on 2022-05-16 02:09:22.    SYSTEMPROPERTIES:{user.name:matth,os.arch:amd64,os.name:Windows 10},ENDSYSTEMPROPERTIES
No parameter info
0.8254761699560459,3295683100,63796540300,-1,252924504,7,,-1,-1
0,0,,0.777853,0.000474,0.01806,0.087047,0.111932,0.000031,0.004603,,6316100,,
0,0,,0.801574,0.000496,0.018049,0.101316,0.073933,0.000032,0.0046,,5688400,,
0,0,,0.849448,0.000267,0.006014,0.080788,0.062238,0.000058,0.001188,,5693000,,
0,0,,0.777874,0.000453,0.01806,0.087047,0.111932,0.000031,0.004603,,5327800,,
0,0,,0.794296,0.000446,0.00581,0.088029,0.110192,0.000081,0.001145,,5432800,,
0,0,,0.743329,0.000725,0.018289,0.098208,0.134795,0.000028,0.004626,,5442300,,
0,0,,0.838056,0.000243,0.002159,0.077286,0.081977,0.000053,0.000225,,5507700,,
0,0,,0.654817,0.000475,0.002359,0.145505,0.196605,0.000141,0.000099,,5312700,,
0,0,,0.828154,0.00028,0.006197,0.08228,0.081813,0.000056,0.00122,,5475200,,
0,0,,0.783251,0.000311,0.006121,0.121981,0.087057,0.000086,0.001192,,5432500,,
0,0,,0.869989,0.000308,0.00538,0.068687,0.054448,0.000045,0.001143,,5415200,,
0,0,,0.59528,0.000617,0.002023,0.119662,0.282244,0.000153,0.000021,,5502800,,
0,0,,0.833372,0.00029,0.00613,0.080337,0.07858,0.000036,0.001254,,5375500,,
0,0,,0.748034,0.000435,0.006096,0.119344,0.124871,0.000111,0.00111,,5458400,,
0,0,,0.812321,0.000243,0.006062,0.077286,0.082834,0.000053,0.021201,,5748000,,
0,0,,0.794746,0.000329,0.006044,0.105932,0.091684,0.000085,0.001181,,5607100,,
0,0,,0.841165,0.000323,0.005917,0.074698,0.076653,0.000052,0.001192,,5771000,,
0,0,,0.85599,0.000218,0.006124,0.063659,0.072723,0.000033,0.001253,,5429100,,
0,0,,0.684072,0.000609,0.002234,0.117144,0.195717,0.000142,0.000082,,5534900,,
0,0,,0.841345,0.000323,0.005737,0.074698,0.076653,0.000052,0.001192,,5463200,,
0,0,,0.699927,0.000759,0.017847,0.124759,0.152132,0.000063,0.004513,,5429600,,
0,0,,0.839412,0.000402,0.005438,0.069997,0.083576,0.000061,0.001114,,5433800,,
0,0,,0.717875,0.00055,0.002203,0.093102,0.186039,0.000115,0.000117,,5335900,,
0,0,,0.662224,0.000538,0.002279,0.116497,0.218239,0.000142,0.000082,,5466700,,
0,0,,0.869402,0.000308,0.005909,0.068687,0.054448,0.000045,0.001201,,5494100,,
0,0,,0.661471,0.000485,0.022321,0.137975,0.177509,0.000136,0.000103,,5397200,,
0,0,,0.707079,0.001164,0.01861,0.124567,0.143886,0.000067,0.004626,,5365300,,
0,0,,0.828778,0.000417,0.006771,0.076008,0.086639,0.000068,0.00132,,5466000,,
0,0,,0.772221,0.00055,0.006067,0.113828,0.106121,0.000115,0.001098,,5447200,,
0,0,,0.705472,0.000429,0.002491,0.162075,0.129248,0.000139,0.000146,,5538200,,
0,0,,0.783522,0.000719,0.018214,0.090417,0.102502,0.000031,0.004596,,5426600,,
0,0,,0.59528,0.000617,0.002023,0.119662,0.282244,0.000153,0.000021,,5339400,,
0,0,,0.738281,0.00055,0.001854,0.093102,0.166039,0.000115,0.000059,,5437000,,
0,0,,0.76326,0.000506,0.002145,0.111345,0.122507,0.000108,0.000129,,5419600,,
0,0,,0.707079,0.001164,0.01861,0.124567,0.143886,0.000067,0.004626,,5429200,,
0,0,,0.690641,0.00055,0.001967,0.113623,0.192611,0.00055,0.000059,,5571800,,
0,0,,0.894518,0.000264,0.005537,0.050655,0.047832,0.000025,0.001169,,5362700,,
0,0,,0.792139,0.00055,0.006023,0.093102,0.106978,0.000115,0.001093,,5399300,,
0,0,,0.845251,0.000387,0.006755,0.063986,0.082228,0.000054,0.001338,,5528400,,
0,0,,0.861345,0.000323,0.005737,0.074698,0.056653,0.000052,0.001192,,5432400,,
0,0,,0.757875,0.00055,0.002203,0.093102,0.146039,0.000115,0.000117,,5391300,,
0,0,,0.848626,0.000308,0.005953,0.089414,0.054448,0.000045,0.001206,,5517700,,
0,0,,0.758873,0.000872,0.018052,0.091495,0.126083,0.000028,0.004596,,5458500,,
0,0,,0.706859,0.000945,0.01861,0.123249,0.145644,0.000067,0.004626,,5958300,,
0,0,,0.790552,0.000446,0.005978,0.088029,0.113768,0.000081,0.001145,,5540600,,
0,0,,0.777874,0.000453,0.01806,0.087047,0.111932,0.000031,0.004603,,5360300,,
0,0,,0.660828,0.000475,0.022317,0.137585,0.178559,0.000138,0.000099,,5499100,,
0,0,,0.662328,0.000485,0.002321,0.137975,0.196652,0.000136,0.000103,,5450900,,
0,0,,0.801574,0.000496,0.018049,0.101316,0.073933,0.000032,0.0046,,5473500,,
0,0,,0.72242,0.000856,0.018373,0.099743,0.153941,0.000025,0.004643,,5485800,,
0,0,,0.75354,0.00037,0.00628,0.138032,0.100509,0.000111,0.001157,,5385100,,
0,0,,0.865921,0.000237,0.005998,0.068766,0.057827,0.000045,0.001205,,5462600,,
0,0,,0.75906,0.000652,0.017704,0.090176,0.127841,0.000028,0.004538,,5530500,,
0,0,,0.894698,0.000264,0.005357,0.050655,0.047832,0.000025,0.001169,,5475900,,
0,0,,0.873335,0.000264,0.00593,0.071382,0.047832,0.000025,0.001232,,5482700,,
0,0,,0.754902,0.000435,0.006054,0.111424,0.125968,0.000108,0.00111,,5405500,,
0,0,,0.873335,0.000264,0.00593,0.071382,0.047832,0.000025,0.001232,,5478400,,
0,0,,0.777853,0.000474,0.01806,0.087047,0.111932,0.000031,0.004603,,5468600,,
0,0,,0.776301,0.000474,0.018148,0.0885,0.111932,0.000031,0.004613,,5482300,,
0,0,,0.829912,0.000417,0.005794,0.076008,0.086639,0.000068,0.001163,,5386600,,
0,0,,0.819923,0.000878,0.018049,0.100262,0.056256,0.000032,0.0046,,5626500,,
0,0,,0.801981,0.000496,0.017701,0.101316,0.073933,0.000032,0.004542,,5487500,,
0,0,,0.698923,0.000435,0.002234,0.111424,0.186744,0.000108,0.000134,,5494600,,
0,0,,0.766227,0.00079,0.018169,0.111064,0.099122,0.000032,0.004596,,5554700,,
0,0,,0.847884,0.000208,0.006026,0.071915,0.072676,0.000037,0.001254,,5390300,,
0,0,,0.819923,0.000878,0.018049,0.100262,0.056256,0.000032,0.0046,,5939900,,
0,0,,0.853504,0.000308,0.002051,0.089414,0.054448,0.000045,0.00023,,6406500,,
0,0,,0.662224,0.000538,0.002279,0.116497,0.218239,0.000142,0.000082,,5741100,,
0,0,,0.829448,0.000267,0.006014,0.080788,0.082238,0.000058,0.001188,,6112200,,
0,0,,0.846222,0.000323,0.006672,0.066778,0.058607,0.000049,0.02135,,6142000,,
0,0,,0.661471,0.000485,0.022321,0.137975,0.177509,0.000136,0.000103,,6140100,,
0,0,,0.748767,0.000557,0.018212,0.088931,0.138892,0.000028,0.004613,,5876800,,
0,0,,0.695273,0.000426,0.002289,0.113933,0.187831,0.000109,0.000138,,5776700,,
0,0,,0.687266,0.000945,0.018261,0.123249,0.165644,0.000067,0.004568,,5709700,,
0,0,,0.821723,0.000496,0.017701,0.099252,0.056256,0.000032,0.004542,,5570300,,
0,0,,0.771959,0.000347,0.006105,0.11936,0.10099,0.0001,0.001139,,5504100,,
0,0,,0.873335,0.000264,0.00593,0.071382,0.047832,0.000025,0.001232,,5449300,,
0,0,,0.662246,0.000485,0.022277,0.137249,0.177509,0.000136,0.000098,,5377500,,
0,0,,0.758056,0.000388,0.006244,0.129975,0.10408,0.000112,0.001145,,5503200,,
0,0,,0.813931,0.000296,0.005805,0.092082,0.086648,0.000072,0.001165,,5480200,,
0,0,,0.75674,0.000453,0.019036,0.087047,0.111932,0.000031,0.02476,,5544400,,
0,0,,0.814296,0.000446,0.00581,0.088029,0.090192,0.000081,0.001145,,5449300,,
0,0,,0.662328,0.000485,0.002321,0.137975,0.196652,0.000136,0.000103,,6263500,,
0,0,,0.67686,0.000529,0.022335,0.119006,0.181041,0.000143,0.000086,,8169800,,
0,0,,0.724929,0.000609,0.002234,0.117144,0.15486,0.000142,0.000082,,5332900,,
0,0,,0.748597,0.000557,0.018348,0.088931,0.138892,0.000028,0.004647,,5382900,,
0,0,,0.743329,0.000725,0.018289,0.098208,0.134795,0.000028,0.004626,,5354100,,
0,0,,0.820488,0.000323,0.005737,0.074698,0.07751,0.000052,0.021192,,5363700,,
0,0,,0.894111,0.000264,0.005886,0.050655,0.047832,0.000025,0.001227,,5381600,,
0,0,,0.838555,0.000402,0.005438,0.069997,0.084433,0.000061,0.001114,,5371400,,
0,0,,0.807961,0.000267,0.006098,0.103949,0.080441,0.000066,0.001219,,5417600,,
0,0,,0.821723,0.000496,0.017701,0.099252,0.056256,0.000032,0.004542,,5436000,,
0,0,,0.746061,0.00037,0.002374,0.129386,0.121524,0.000108,0.000177,,5397900,,
0,0,,0.801981,0.000496,0.017701,0.101316,0.073933,0.000032,0.004542,,5444400,,
0,0,,0.819174,0.000446,0.001907,0.088029,0.090192,0.000081,0.00017,,5414900,,
0,0,,0.840488,0.000323,0.005737,0.074698,0.05751,0.000052,0.021192,,5403900,,
0,0,,0.661685,0.000475,0.002317,0.137585,0.197702,0.000138,0.000099,,5440500,,
0,0,,0.860074,0.000315,0.006073,0.082387,0.049874,0.000035,0.001243,,5392800,,
0,0,,0.789227,0.000299,0.007005,0.093911,0.08813,0.000071,0.021356,,5380700,,
0,0,,0.839217,0.000315,0.006073,0.082387,0.050731,0.000035,0.021243,,5393700,,
0,0,,0.748817,0.000777,0.018348,0.09025,0.137134,0.000028,0.004647,,5455900,,
0,0,,0.847649,0.000387,0.00543,0.063986,0.081371,0.000054,0.001122,,5377100,,
0,0,,0.813527,0.000288,0.002002,0.095318,0.088593,0.000073,0.000199,,5538200,,
0,0,,0.86057,0.000323,0.005781,0.075425,0.056653,0.000052,0.001197,,5406900,,
0,0,,0.773403,0.00055,0.005675,0.093102,0.126121,0.000115,0.001035,,5398300,,
0,0,,0.803175,0.000252,0.006049,0.089947,0.079291,0.000057,0.021228,,5436500,,
0,0,,0.814296,0.000446,0.00581,0.088029,0.090192,0.000081,0.001145,,5392000,,
0,0,,0.757607,0.000506,0.006009,0.112071,0.122589,0.000108,0.00111,,5388600,,
0,0,,0.839412,0.000402,0.005438,0.069997,0.083576,0.000061,0.001114,,5468900,,
0,0,,0.642224,0.000538,0.002279,0.116497,0.238239,0.000142,0.000082,,5414300,,
0,0,,0.777875,0.00055,0.002203,0.093102,0.126039,0.000115,0.000117,,5405900,,
0,0,,0.814296,0.000446,0.00581,0.088029,0.090192,0.000081,0.001145,,5466300,,
0,0,,0.70761,0.000494,0.002221,0.11474,0.174707,0.000135,0.000094,,5389700,,
0,0,,0.748597,0.000557,0.018348,0.088931,0.138892,0.000028,0.004647,,5426100,,
0,0,,0.847649,0.000387,0.00543,0.063986,0.081371,0.000054,0.001122,,5460900,,
0,0,,0.861345,0.000323,0.005737,0.074698,0.056653,0.000052,0.001192,,5393800,,
0,0,,0.766007,0.00057,0.018169,0.109746,0.100881,0.000032,0.004596,,5417400,,
0,0,,0.766187,0.00057,0.017989,0.089746,0.120881,0.000032,0.004596,,5470100,,
0,0,,0.57528,0.000617,0.002023,0.119662,0.302244,0.000153,0.000021,,5414400,,
0,0,,0.821316,0.000496,0.018049,0.099252,0.056256,0.000032,0.0046,,5453900,,
0,0,,0.775882,0.000311,0.006971,0.105343,0.090066,0.000081,0.021345,,5483800,,
0,0,,0.847649,0.000387,0.00543,0.063986,0.081371,0.000054,0.001122,,5383000,,
0,0,,0.687266,0.000945,0.018261,0.123249,0.165644,0.000067,0.004568,,5410200,,
0,0,,0.847649,0.000387,0.00543,0.063986,0.081371,0.000054,0.001122,,5419700,,
0,0,,0.821723,0.000496,0.017701,0.099252,0.056256,0.000032,0.004542,,5400300,,
0,0,,0.78486,0.000258,0.006025,0.08257,0.10504,0.00006,0.021187,,5409200,,
0,0,,0.59528,0.000617,0.002023,0.119662,0.282244,0.000153,0.000021,,5422800,,
0,0,,0.810687,0.00029,0.007195,0.081791,0.07858,0.000036,0.021422,,5427700,,
0,0,,0.786485,0.000311,0.006249,0.11399,0.091688,0.000084,0.001192,,5499300,,
0,0,,0.743955,0.000945,0.017941,0.099527,0.133036,0.000028,0.004568,,5379400,,
0,0,,0.847649,0.000387,0.00543,0.063986,0.081371,0.000054,0.001122,,5426000,,
0,0,,0.682224,0.000538,0.002279,0.116497,0.198239,0.000142,0.000082,,5388800,,
0,0,,0.82982,0.000258,0.002167,0.083296,0.084182,0.00006,0.000216,,5427200,,
0,0,,0.894518,0.000264,0.005537,0.050655,0.047832,0.000025,0.001169,,5387100,,
0,0,,0.822582,0.000267,0.005971,0.087311,0.082594,0.000061,0.001214,,5366500,,
0,0,,0.846792,0.000387,0.00543,0.063986,0.082228,0.000054,0.001122,,5490100,,
0,0,,0.814296,0.000446,0.00581,0.088029,0.090192,0.000081,0.001145,,5454500,,
0,0,,0.869808,0.000308,0.00556,0.068687,0.054448,0.000045,0.001143,,5380600,,
0,0,,0.841345,0.000323,0.005737,0.074698,0.076653,0.000052,0.001192,,5550500,,
0,0,,0.848626,0.000308,0.005953,0.089414,0.054448,0.000045,0.001206,,5338900,,
0,0,,0.809695,0.000446,0.005978,0.088029,0.094625,0.000081,0.001145,,5397300,,
0,0,,0.731878,0.000347,0.00606,0.118634,0.121847,0.0001,0.021134,,5397300,,
0,0,,0.894518,0.000264,0.005537,0.050655,0.047832,0.000025,0.001169,,5377100,,
0,0,,0.59528,0.000617,0.002023,0.119662,0.282244,0.000153,0.000021,,5392600,,
0,0,,0.723249,0.000396,0.002311,0.143012,0.130778,0.000129,0.000124,,5445200,,
0,0,,0.802041,0.000252,0.007026,0.089947,0.079291,0.000057,0.021385,,5449700,,
0,0,,0.869989,0.000308,0.00538,0.068687,0.054448,0.000045,0.001143,,5426400,,
0,0,,0.789245,0.000288,0.006041,0.094591,0.108593,0.000073,0.001169,,5448200,,
0,0,,0.833178,0.000243,0.006062,0.077286,0.081977,0.000053,0.001201,,5384500,,
0,0,,0.814296,0.000446,0.00581,0.088029,0.090192,0.000081,0.001145,,5446200,,
0,0,,0.821723,0.000496,0.017701,0.099252,0.056256,0.000032,0.004542,,5399200,,
0,0,,0.80326,0.000506,0.002063,0.091345,0.102589,0.000108,0.000129,,5404100,,
0,0,,0.839412,0.000402,0.005438,0.069997,0.083576,0.000061,0.001114,,5457200,,
0,0,,0.83266,0.000288,0.006141,0.079771,0.079869,0.000055,0.001216,,5401600,,
0,0,,0.839412,0.000402,0.005438,0.069997,0.083576,0.000061,0.001114,,5408800,,
0,0,,0.687266,0.000945,0.018261,0.123249,0.165644,0.000067,0.004568,,5426500,,
0,0,,0.828334,0.00028,0.006017,0.08228,0.081813,0.000056,0.00122,,5418400,,
0,0,,0.808649,0.000288,0.005905,0.095318,0.088593,0.000073,0.001174,,5372700,,
0,0,,0.873335,0.000264,0.00593,0.071382,0.047832,0.000025,0.001232,,5501900,,
0,0,,0.741627,0.000506,0.002189,0.112071,0.143364,0.000108,0.000134,,5407000,,
0,0,,0.701367,0.000538,0.002279,0.116497,0.179096,0.000142,0.000082,,5413300,,
0,0,,0.616844,0.000609,0.001998,0.119368,0.261006,0.000151,0.000024,,5464100,,
0,0,,0.687079,0.001164,0.01861,0.124567,0.163886,0.000067,0.004626,,5423400,,
0,0,,0.823175,0.000252,0.006049,0.089947,0.079291,0.000057,0.001228,,5499100,,
0,0,,0.820309,0.0009,0.017701,0.100262,0.056256,0.000032,0.004542,,5443300,,
0,0,,0.848626,0.000308,0.005953,0.089414,0.054448,0.000045,0.001206,,5414700,,
0,0,,0.855479,0.000446,0.005417,0.067302,0.070192,0.000081,0.001082,,5411800,,
0,0,,0.662328,0.000485,0.002321,0.137975,0.196652,0.000136,0.000103,,5455800,,
0,0,,0.791591,0.000375,0.005855,0.087381,0.113571,0.000081,0.001145,,5405100,,
0,0,,0.613282,0.000538,0.002043,0.11872,0.265243,0.000151,0.000024,,5420800,,
0,0,,0.661685,0.000475,0.002317,0.137585,0.197702,0.000138,0.000099,,5462500,,
0,0,,0.873335,0.000264,0.00593,0.071382,0.047832,0.000025,0.001232,,5436900,,
0,0,,0.688405,0.000426,0.002331,0.121853,0.186734,0.000113,0.000138,,5460400,,
0,0,,0.869582,0.000308,0.005729,0.068687,0.054448,0.000045,0.001201,,5429000,,
0,0,,0.687548,0.000426,0.022331,0.121853,0.167591,0.000113,0.000138,,5407100,,
0,0,,0.713116,0.000429,0.002405,0.153428,0.130345,0.000135,0.000141,,5439800,,
0,0,,0.776301,0.000474,0.018148,0.0885,0.111932,0.000031,0.004613,,5451700,,
0,0,,0.752735,0.000347,0.00606,0.118634,0.12099,0.0001,0.001134,,5440500,,
0,0,,0.83266,0.000288,0.006141,0.079771,0.079869,0.000055,0.001216,,5436800,,
0,0,,0.748767,0.000557,0.018212,0.088931,0.138892,0.000028,0.004613,,5404300,,
0,0,,0.704025,0.000396,0.002267,0.142286,0.150778,0.000129,0.000119,,5418100,,
0,0,,0.687079,0.001164,0.01861,0.124567,0.163886,0.000067,0.004626,,5475200,,
0,0,,0.850093,0.00049,0.005475,0.069059,0.073724,0.000088,0.00107,,5443000,,
0,0,,0.850093,0.00049,0.005475,0.069059,0.073724,0.000088,0.00107,,5387100,,
0,0,,0.832975,0.000296,0.006029,0.092809,0.066648,0.000072,0.00117,,5462900,,
0,0,,0.594139,0.000538,0.002043,0.11872,0.284386,0.000151,0.000024,,5387600,,
0,0,,0.807112,0.000335,0.006242,0.099822,0.085196,0.000056,0.001238,,5439700,,
0,0,,0.814703,0.000446,0.005461,0.088029,0.090192,0.000081,0.001087,,5443800,,
0,0,,0.820309,0.0009,0.017701,0.100262,0.056256,0.000032,0.004542,,5389900,,
0,0,,0.839005,0.000402,0.005786,0.069997,0.083576,0.000061,0.001172,,5372000,,
0,0,,0.833372,0.00029,0.00613,0.080337,0.07858,0.000036,0.001254,,5404300,,
0,0,,0.806409,0.000267,0.006186,0.105402,0.080441,0.000066,0.001229,,5447300,,
0,0,,0.686859,0.000945,0.01861,0.123249,0.165644,0.000067,0.004626,,5414100,,
0,0,,0.808649,0.000288,0.005905,0.095318,0.088593,0.000073,0.001174,,5428000,,
0,0,,0.728817,0.000777,0.018348,0.09025,0.157134,0.000028,0.004647,,5403300,,
0,0,,0.869961,0.000417,0.006378,0.055281,0.066639,0.000068,0.001257,,5429700,,
0,0,,0.869989,0.000308,0.00538,0.068687,0.054448,0.000045,0.001143,,5467800,,
0,0,,0.71978,0.000435,0.002234,0.111424,0.165886,0.000108,0.000134,,5417200,,
0,0,,0.794746,0.000329,0.006044,0.105932,0.091684,0.000085,0.001181,,5400700,,
0,0,,0.777099,0.00055,0.002165,0.113828,0.106121,0.000115,0.000123,,5470500,,
0,0,,0.838383,0.000387,0.006796,0.071907,0.081131,0.000057,0.001338,,5434700,,
0,0,,0.839005,0.000402,0.005786,0.069997,0.083576,0.000061,0.001172,,5425200,,
0,0,,0.768387,0.000288,0.006041,0.094591,0.10945,0.000073,0.021169,,5539000,,
0,0,,0.835365,0.00036,0.006096,0.100419,0.056489,0.000055,0.001216,,5390800,,
0,0,,0.793751,0.000296,0.005985,0.092082,0.106648,0.000072,0.001165,,5394400,,
0,0,,0.856512,0.000244,0.006118,0.061739,0.05411,0.000035,0.021242,,5492700,,
0,0,,0.820309,0.0009,0.017701,0.100262,0.056256,0.000032,0.004542,,5420700,,
0,0,,0.637718,0.000529,0.002335,0.119006,0.240184,0.000143,0.000086,,5409200,,
0,0,,0.833178,0.000243,0.006062,0.077286,0.081977,0.000053,0.001201,,5565700,,
0,0,,0.901566,0.000264,0.005315,0.042735,0.048929,0.000022,0.001169,,5418900,,
0,0,,0.743736,0.000725,0.017941,0.098208,0.134795,0.000028,0.004568,,5402600,,
0,0,,0.813439,0.000446,0.00581,0.088029,0.091049,0.000081,0.001145,,5461800,,
0,0,,0.861345,0.000323,0.005737,0.074698,0.056653,0.000052,0.001192,,5413600,,
0,0,,0.825122,0.000258,0.005889,0.083296,0.084182,0.00006,0.001192,,5450700,,
0,0,,0.771959,0.000347,0.006105,0.11936,0.10099,0.0001,0.001139,,5525700,,
0,0,,0.736971,0.000337,0.002236,0.118243,0.141957,0.000102,0.000154,,5407900,,
0,0,,0.813439,0.000446,0.00581,0.088029,0.091049,0.000081,0.001145,,5451900,,
0,0,,0.662328,0.000485,0.002321,0.137975,0.196652,0.000136,0.000103,,5422700,,
0,0,,0.848725,0.000308,0.005729,0.068687,0.055305,0.000045,0.021201,,5438500,,
0,0,,0.793751,0.000296,0.005985,0.092082,0.106648,0.000072,0.001165,,5453000,,
0,0,,0.694416,0.000426,0.022289,0.113933,0.168688,0.000109,0.000138,,5407000,,
0,0,,0.847884,0.000208,0.006026,0.071915,0.072676,0.000037,0.001254,,5417800,,
0,0,,0.684929,0.000609,0.002234,0.117144,0.19486,0.000142,0.000082,,5443600,,
0,0,,0.689383,0.00055,0.002316,0.095325,0.212185,0.000124,0.000117,,5412500,,
0,0,,0.686859,0.000945,0.01861,0.123249,0.165644,0.000067,0.004626,,5479900,,
0,0,,0.7222,0.000636,0.018373,0.098425,0.1557,0.000025,0.004643,,5466900,,
0,0,,0.758873,0.000872,0.018052,0.091495,0.126083,0.000028,0.004596,,5377500,,
0,0,,0.684929,0.000609,0.002152,0.117144,0.194941,0.000142,0.000082,,5392400,,
0,0,,0.786485,0.000311,0.006249,0.11399,0.091688,0.000084,0.001192,,5425000,,
0,0,,0.813931,0.000296,0.005805,0.092082,0.086648,0.000072,0.001165,,5390500,,
0,0,,0.832137,0.000402,0.005828,0.077917,0.082479,0.000064,0.001172,,5407000,,
0,0,,0.756521,0.000694,0.018148,0.089819,0.130174,0.000031,0.004613,,5472100,,
0,0,,0.757875,0.00055,0.002203,0.093102,0.146039,0.000115,0.000117,,5401700,,
0,0,,0.839412,0.000402,0.005438,0.069997,0.083576,0.000061,0.001114,,5397700,,
0,0,,0.868213,0.000323,0.005695,0.066778,0.05775,0.000049,0.001192,,5411000,,
0,0,,0.662328,0.000485,0.002321,0.137975,0.196652,0.000136,0.000103,,5399700,,
0,0,,0.838555,0.000402,0.005438,0.069997,0.084433,0.000061,0.001114,,5409800,,
0,0,,0.777607,0.000506,0.006009,0.112071,0.102589,0.000108,0.00111,,5496100,,
0,0,,0.702224,0.000538,0.002279,0.116497,0.178239,0.000142,0.000082,,5405100,,
0,0,,0.708817,0.000777,0.018348,0.09025,0.157134,0.000028,0.024647,,5431300,,
0,0,,0.857685,0.000252,0.006006,0.074777,0.060032,0.000051,0.001197,,5603100,,
0,0,,0.724929,0.000609,0.002152,0.117144,0.154941,0.000142,0.000082,,5391600,,
0,0,,0.830769,0.000417,0.005794,0.076008,0.085782,0.000068,0.001163,,5414500,,
0,0,,0.71978,0.000435,0.002234,0.111424,0.165886,0.000108,0.000134,,5461000,,
0,0,,0.861345,0.000323,0.005737,0.074698,0.056653,0.000052,0.001192,,5385500,,
0,0,,0.827769,0.000308,0.005953,0.089414,0.055305,0.000045,0.021206,,5409400,,
0,0,,0.808649,0.000288,0.005905,0.095318,0.088593,0.000073,0.001174,,5410000,,
0,0,,0.777607,0.000506,0.006009,0.112071,0.102589,0.000108,0.00111,,5378100,,
0,0,,0.797926,0.000295,0.007181,0.088291,0.084876,0.000063,0.021369,,5453800,,
0,0,,0.845659,0.000387,0.001569,0.071907,0.080274,0.000057,0.000147,,5438600,,
0,0,,0.820489,0.0009,0.01752,0.100262,0.056256,0.000032,0.004542,,5430300,,
0,0,,0.787428,0.000446,0.005851,0.095949,0.109095,0.000084,0.001145,,5799600,,
0,0,,0.787792,0.000288,0.005905,0.095318,0.08945,0.000073,0.021174,,5415000,,
0,0,,0.880074,0.000315,0.006073,0.062387,0.049874,0.000035,0.001243,,5418400,,
0,0,,0.821337,0.000474,0.018049,0.099252,0.056256,0.000032,0.0046,,5550400,,
0,0,,0.82033,0.000878,0.017701,0.100262,0.056256,0.000032,0.004542,,5437700,,
0,0,,0.718923,0.000435,0.002234,0.111424,0.166744,0.000108,0.000134,,5418200,,
0,0,,0.814939,0.000267,0.006057,0.095958,0.081497,0.000064,0.001219,,5463600,,
0,0,,0.662328,0.000485,0.002321,0.137975,0.196652,0.000136,0.000103,,5389000,,
0,0,,0.821903,0.000496,0.01752,0.099252,0.056256,0.000032,0.004542,,5402200,,
0,0,,0.814296,0.000446,0.00581,0.088029,0.090192,0.000081,0.001145,,5535400,,
0,0,,0.838555,0.000402,0.005438,0.069997,0.084433,0.000061,0.001114,,5386300,,
0,0,,0.848725,0.000308,0.005729,0.068687,0.055305,0.000045,0.021201,,5410900,,
0,0,,0.840781,0.000387,0.005471,0.071907,0.080274,0.000057,0.001122,,5387200,,
0,0,,0.684929,0.000609,0.002234,0.117144,0.19486,0.000142,0.000082,,5402800,,
0,0,,0.807961,0.000267,0.006098,0.103949,0.080441,0.000066,0.001219,,5454000,,
0,0,,0.880188,0.000402,0.005393,0.04927,0.063576,0.000061,0.001109,,5430000,,
0,0,,0.776521,0.000694,0.018148,0.089819,0.110174,0.000031,0.004613,,5403900,,
0,0,,0.594423,0.000617,0.002023,0.119662,0.283101,0.000153,0.000021,,5456400,,
0,0,,0.662224,0.000538,0.002279,0.116497,0.218239,0.000142,0.000082,,5403000,,
0,0,,0.820799,0.000296,0.005764,0.084162,0.087745,0.000068,0.001165,,5411500,,
0,0,,0.873841,0.000264,0.005357,0.050655,0.048689,0.000025,0.021169,,6022900,,
0,0,,0.661471,0.000485,0.022321,0.137975,0.177509,0.000136,0.000103,,5793900,,
0,0,,0.685472,0.000429,0.002491,0.162075,0.129248,0.000139,0.020146,,5514600,,
0,0,,0.690641,0.00055,0.001967,0.113623,0.192611,0.00055,0.000059,,5500400,,
0,0,,0.846792,0.000387,0.00543,0.063986,0.082228,0.000054,0.001122,,5475100,,
0,0,,0.748767,0.000557,0.018212,0.088931,0.138892,0.000028,0.004613,,5484500,,
0,0,,0.776521,0.000694,0.018148,0.089819,0.110174,0.000031,0.004613,,5668800,,
0,0,,0.794746,0.000329,0.006044,0.105932,0.091684,0.000085,0.001181,,5422300,,
0,0,,0.869402,0.000308,0.005909,0.068687,0.054448,0.000045,0.001201,,5484800,,
0,0,,0.787112,0.000335,0.006242,0.099822,0.085196,0.000056,0.021238,,5515900,,
0,0,,0.802562,0.00029,0.013757,0.081791,0.07858,0.000036,0.022984,,5407900,,
0,0,,0.828154,0.00028,0.006197,0.08228,0.081813,0.000056,0.00122,,5500100,,
0,0,,0.813372,0.00029,0.00613,0.080337,0.07858,0.000036,0.021254,,5433800,,
0,0,,0.894518,0.000264,0.005537,0.050655,0.047832,0.000025,0.001169,,5462600,,
0,0,,0.851344,0.000264,0.006906,0.071382,0.048689,0.000025,0.02139,,5434900,,
0,0,,0.787428,0.000446,0.005851,0.095949,0.109095,0.000084,0.001145,,5411400,,
0,0,,0.687266,0.000945,0.018261,0.123249,0.165644,0.000067,0.004568,,5404800,,
0,0,,0.59528,0.000617,0.001942,0.119662,0.282325,0.000153,0.000021,,5514900,,
0,0,,0.860074,0.000315,0.006073,0.082387,0.049874,0.000035,0.001243,,5428100,,
0,0,,0.801981,0.000496,0.017701,0.101316,0.073933,0.000032,0.004542,,5449800,,
0,0,,0.799724,0.000282,0.006106,0.10996,0.082646,0.000073,0.00121,,5436300,,
0,0,,0.808649,0.000288,0.005905,0.095318,0.088593,0.000073,0.001174,,5418100,,
0,0,,0.840488,0.000323,0.005737,0.074698,0.05751,0.000052,0.021192,,5430500,,
0,0,,0.791591,0.000375,0.005855,0.087381,0.113571,0.000081,0.001145,,5436700,,
0,0,,0.802751,0.000311,0.002092,0.105343,0.089209,0.000081,0.000212,,5406900,,
0,0,,0.833591,0.000827,0.017557,0.089257,0.054214,0.000021,0.004531,,5445200,,
0,0,,0.839412,0.000402,0.005438,0.069997,0.083576,0.000061,0.001114,,5610200,,
0,0,,0.776301,0.000474,0.018148,0.0885,0.111932,0.000031,0.004613,,5449500,,
0,0,,0.748034,0.000435,0.006096,0.119344,0.124871,0.000111,0.00111,,5414700,,
0,0,,0.807297,0.00028,0.006197,0.08228,0.082671,0.000056,0.02122,,5589600,,
0,0,,0.812975,0.000296,0.006029,0.092809,0.086648,0.000072,0.00117,,5410100,,
0,0,,0.682246,0.000485,0.022277,0.117249,0.177509,0.000136,0.000098,,5439600,,
0,0,,0.847769,0.000308,0.005953,0.069414,0.055305,0.000045,0.021206,,6808000,,
0,0,,0.776521,0.000694,0.018148,0.089819,0.110174,0.000031,0.004613,,5441600,,
0,0,,0.821337,0.000474,0.018049,0.099252,0.056256,0.000032,0.0046,,5432200,,
0,0,,0.742934,0.000388,0.002423,0.129975,0.123999,0.000112,0.00017,,5435600,,
0,0,,0.861345,0.000323,0.005737,0.074698,0.056653,0.000052,0.001192,,5374800,,
0,0,,0.704929,0.000609,0.002234,0.117144,0.17486,0.000142,0.000082,,5425100,,
0,0,,0.776521,0.000694,0.018148,0.089819,0.110174,0.000031,0.004613,,5396000,,
0,0,,0.800611,0.000474,0.018677,0.099252,0.056256,0.000032,0.024699,,5386800,,
0,0,,0.814646,0.000252,0.006178,0.099392,0.078236,0.000059,0.001238,,5492400,,
0,0,,0.594423,0.000617,0.002023,0.119662,0.283101,0.000153,0.000021,,5374500,,
0,0,,0.806163,0.00028,0.007173,0.08228,0.082671,0.000056,0.021377,,5362200,,
0,0,,0.839354,0.000323,0.006713,0.074698,0.05751,0.000052,0.02135,,5545800,,
0,0,,0.869402,0.000308,0.005909,0.068687,0.054448,0.000045,0.001201,,5379800,,
0,0,,0.71978,0.000435,0.002234,0.111424,0.165886,0.000108,0.000134,,5353200,,
0,0,,0.860074,0.000315,0.006073,0.082387,0.049874,0.000035,0.001243,,5543500,,
0,0,,0.823901,0.000417,0.005836,0.083928,0.084685,0.000071,0.001163,,5324400,,
0,0,,0.841337,0.000474,0.018049,0.079252,0.056256,0.000032,0.0046,,5329900,,
0,0,,0.801981,0.000496,0.017701,0.101316,0.073933,0.000032,0.004542,,5698400,,
0,0,,0.683103,0.000485,0.002277,0.117249,0.196652,0.000136,0.000098,,5467000,,
0,0,,0.839005,0.000402,0.005786,0.069997,0.083576,0.000061,0.001172,,5322300,,
0,0,,0.59528,0.000617,0.002023,0.119662,0.282244,0.000153,0.000021,,5462900,,
0,0,,0.894518,0.000264,0.005537,0.050655,0.047832,0.000025,0.001169,,5352700,,
0,0,,0.687266,0.000945,0.018261,0.123249,0.165644,0.000067,0.004568,,5343900,,
0,0,,0.707079,0.001164,0.01861,0.124567,0.143886,0.000067,0.004626,,5530600,,
0,0,,0.687079,0.001164,0.01861,0.124567,0.163886,0.000067,0.004626,,5380300,,
0,0,,0.811821,0.00029,0.006218,0.081791,0.07858,0.000036,0.021264,,5432100,,
0,0,,0.635987,0.000609,0.001998,0.119368,0.241863,0.000151,0.000024,,5491800,,
0,0,,0.868626,0.000308,0.005953,0.069414,0.054448,0.000045,0.001206,,5332200,,
0,0,,0.85266,0.000288,0.006141,0.079771,0.059869,0.000055,0.001216,,5449100,,
0,0,,0.831461,0.000262,0.005967,0.081691,0.079339,0.000053,0.001227,,5338300,,
0,0,,0.81912,0.000338,0.005703,0.072788,0.080812,0.000055,0.021183,,5324300,,
0,0,,0.868626,0.000308,0.005953,0.069414,0.054448,0.000045,0.001206,,5506400,,
0,0,,0.766007,0.00057,0.018169,0.109746,0.100881,0.000032,0.004596,,5350800,,
0,0,,0.807112,0.000335,0.006242,0.099822,0.085196,0.000056,0.001238,,5392400,,
0,0,,0.79906,0.000295,0.006205,0.088291,0.084876,0.000063,0.021211,,5489900,,
0,0,,0.833178,0.000243,0.006062,0.077286,0.081977,0.000053,0.001201,,5367100,,
0,0,,0.594423,0.000617,0.002023,0.119662,0.283101,0.000153,0.000021,,5367800,,
0,0,,0.855479,0.000446,0.005417,0.067302,0.070192,0.000081,0.001082,,5432800,,
0,0,,0.75354,0.00037,0.00628,0.138032,0.100509,0.000111,0.001157,,5383900,,
0,0,,0.718923,0.000435,0.002234,0.111424,0.166744,0.000108,0.000134,,5417700,,
0,0,,0.82033,0.000878,0.017701,0.100262,0.056256,0.000032,0.004542,,5380700,,
0,0,,0.758873,0.000872,0.018052,0.091495,0.126083,0.000028,0.004596,,5365600,,
0,0,,0.807961,0.000267,0.006098,0.103949,0.080441,0.000066,0.001219,,5393800,,
0,0,,0.809547,0.000267,0.005789,0.080061,0.083095,0.000058,0.021183,,5451600,,
0,0,,0.792041,0.000474,0.025997,0.099252,0.056256,0.000032,0.025949,,5366200,,
0,0,,0.847817,0.000308,0.006537,0.068687,0.055305,0.000045,0.0213,,5383500,,
0,0,,0.662328,0.000485,0.002321,0.137975,0.196652,0.000136,0.000103,,5391700,,
0,0,,0.686859,0.000945,0.01861,0.123249,0.165644,0.000067,0.004626,,5392200,,
0,0,,0.869402,0.000308,0.005909,0.068687,0.054448,0.000045,0.001201,,5359700,,
0,0,,0.776323,0.000453,0.018148,0.0885,0.111932,0.000031,0.004613,,5415100,,
0,0,,0.830769,0.000417,0.005794,0.076008,0.085782,0.000068,0.001163,,5423800,,
0,0,,0.702392,0.000396,0.002311,0.143012,0.131635,0.000129,0.020124,,5405400,,
0,0,,0.616131,0.000617,0.002023,0.13796,0.242669,0.000578,0.000021,,5526000,,
0,0,,0.766007,0.00057,0.018169,0.109746,0.100881,0.000032,0.004596,,5347800,,
0,0,,0.819917,0.000295,0.006205,0.088291,0.084019,0.000063,0.001211,,5336200,,
0,0,,0.636844,0.000609,0.001998,0.119368,0.241006,0.000151,0.000024,,5515500,,
0,0,,0.677718,0.000529,0.002335,0.119006,0.200184,0.000143,0.000086,,5418300,,
0,0,,0.728597,0.000557,0.018348,0.088931,0.158892,0.000028,0.004647,,5434200,,
0,0,,0.848626,0.000308,0.005953,0.089414,0.054448,0.000045,0.001206,,5416500,,
0,0,,0.713116,0.000429,0.002405,0.153428,0.130345,0.000135,0.000141,,5387500,,
0,0,,0.783405,0.000278,0.00607,0.094927,0.094075,0.000075,0.02117,,5373600,,
0,0,,0.741627,0.000506,0.002189,0.112071,0.143364,0.000108,0.000134,,5473600,,
0,0,,0.687266,0.000945,0.018261,0.123249,0.165644,0.000067,0.004568,,5355800,,
0,0,,0.661367,0.000538,0.002279,0.116497,0.219096,0.000142,0.000082,,5358000,,
0,0,,0.662328,0.000485,0.002321,0.137975,0.196652,0.000136,0.000103,,5423400,,
0,0,,0.804905,0.000288,0.006073,0.095318,0.092169,0.000073,0.001174,,5349600,,
0,0,,0.758873,0.000872,0.018052,0.091495,0.126083,0.000028,0.004596,,5414800,,
0,0,,0.808469,0.000288,0.006085,0.095318,0.088593,0.000073,0.001174,,5358100,,
0,0,,0.801903,0.000496,0.01752,0.099252,0.056256,0.000032,0.024542,,5378900,,
0,0,,0.701367,0.000538,0.002279,0.116497,0.179096,0.000142,0.000082,,5425200,,
0,0,,0.784723,0.000375,0.005896,0.095302,0.112475,0.000084,0.001145,,5377700,,
0,0,,0.820097,0.000295,0.006025,0.088291,0.084019,0.000063,0.001211,,5371000,,
0,0,,0.807428,0.000446,0.005851,0.095949,0.089095,0.000084,0.001145,,5371800,,
0,0,,0.723249,0.000396,0.002311,0.143012,0.130778,0.000129,0.000124,,5379700,,
0,0,,0.776301,0.000474,0.018148,0.0885,0.111932,0.000031,0.004613,,5343000,,
0,0,,0.751252,0.000862,0.01809,0.099096,0.126076,0.000032,0.004592,,5469800,,
0,0,,0.704025,0.000396,0.002267,0.142286,0.150778,0.000129,0.000119,,5335900,,
0,0,,0.713116,0.000429,0.002405,0.153428,0.130345,0.000135,0.000141,,5382900,,
0,0,,0.873335,0.000264,0.00593,0.071382,0.047832,0.000025,0.001232,,5579300,,
0,0,,0.801723,0.000496,0.017701,0.099252,0.056256,0.000032,0.024542,,5346700,,
0,0,,0.704155,0.000874,0.018655,0.122601,0.149024,0.000066,0.004626,,5360700,,
0,0,,0.594423,0.000617,0.002023,0.119662,0.283101,0.000153,0.000021,,5395200,,
0,0,,0.845658,0.000387,0.006406,0.063986,0.082228,0.000054,0.00128,,5376800,,
0,0,,0.797873,0.000311,0.005995,0.105343,0.089209,0.000081,0.001187,,5457600,,
0,0,,0.819412,0.000402,0.005438,0.089997,0.083576,0.000061,0.001114,,5496500,,
0,0,,0.780979,0.000375,0.006065,0.095302,0.11605,0.000084,0.001145,,5391800,,
0,0,,0.702224,0.000538,0.002279,0.116497,0.178239,0.000142,0.000082,,5388000,,
0,0,,0.839005,0.000402,0.005786,0.069997,0.083576,0.000061,0.001172,,5483800,,
0,0,,0.826635,0.000308,0.00693,0.089414,0.055305,0.000045,0.021363,,5365400,,
0,0,,0.838624,0.000411,0.005418,0.069565,0.084814,0.000063,0.001105,,5412200,,
0,0,,0.813931,0.000296,0.005805,0.092082,0.086648,0.000072,0.001165,,5437200,,
0,0,,0.787428,0.000446,0.005851,0.095949,0.109095,0.000084,0.001145,,5358600,,
0,0,,0.839217,0.000315,0.006073,0.082387,0.050731,0.000035,0.021243,,5427500,,
0,0,,0.743736,0.000725,0.017941,0.098208,0.134795,0.000028,0.004568,,5473200,,
0,0,,0.743548,0.000945,0.018289,0.099527,0.133036,0.000028,0.004626,,5427700,,
0,0,,0.830319,0.000417,0.005445,0.076008,0.086639,0.000068,0.001105,,5382300,,
0,0,,0.689383,0.00055,0.002316,0.095325,0.212185,0.000124,0.000117,,5550500,,
0,0,,0.847649,0.000387,0.00543,0.063986,0.081371,0.000054,0.001122,,5417700,,
0,0,,0.705472,0.000429,0.002491,0.162075,0.129248,0.000139,0.000146,,5370200,,
0,0,,0.869402,0.000308,0.005909,0.068687,0.054448,0.000045,0.001201,,5503000,,
0,0,,0.830404,0.000267,0.005789,0.080061,0.082238,0.000058,0.001183,,5444300,,
0,0,,0.704374,0.001093,0.018655,0.12392,0.147265,0.000066,0.004626,,5475000,,
0,0,,0.782479,0.000323,0.040776,0.074698,0.07751,0.000052,0.024162,,5464400,,
0,0,,0.713116,0.000429,0.002405,0.153428,0.130345,0.000135,0.000141,,5418300,,
0,0,,0.704072,0.000609,0.002234,0.117144,0.175717,0.000142,0.000082,,5517100,,
0,0,,0.833178,0.000243,0.006062,0.077286,0.081977,0.000053,0.001201,,5450100,,
0,0,,0.784723,0.000375,0.005896,0.095302,0.112475,0.000084,0.001145,,5365200,,
0,0,,0.786658,0.000288,0.006881,0.095318,0.08945,0.000073,0.021332,,5731200,,
0,0,,0.688405,0.000426,0.002331,0.121853,0.186734,0.000113,0.000138,,5519200,,
0,0,,0.743955,0.000945,0.017941,0.099527,0.133036,0.000028,0.004568,,5364800,,
0,0,,0.829912,0.000417,0.005794,0.076008,0.086639,0.000068,0.001163,,5414800,,
0,0,,0.832137,0.000402,0.005828,0.077917,0.082479,0.000064,0.001172,,5408700,,
0,0,,0.726562,0.00037,0.006321,0.146024,0.099453,0.000113,0.021157,,5380100,,
0,0,,0.828154,0.00028,0.006197,0.08228,0.081813,0.000056,0.00122,,5400400,,
0,0,,0.814296,0.000446,0.00581,0.088029,0.090192,0.000081,0.001145,,5431900,,
0,0,,0.74326,0.000506,0.002145,0.091345,0.162507,0.000108,0.000129,,5372700,,
0,0,,0.848626,0.000308,0.005953,0.089414,0.054448,0.000045,0.001206,,5456700,,
0,0,,0.792996,0.00055,0.006023,0.093102,0.106121,0.000115,0.001093,,5357200,,
0,0,,0.713116,0.000429,0.002405,0.153428,0.130345,0.000135,0.000141,,5381300,,
0,0,,0.752735,0.000347,0.00606,0.118634,0.12099,0.0001,0.001134,,5433200,,
0,0,,0.819923,0.000878,0.018049,0.100262,0.056256,0.000032,0.0046,,5363400,,
0,0,,0.696756,0.000347,0.00224,0.118634,0.161765,0.0001,0.020158,,5393600,,
0,0,,0.837421,0.000402,0.006414,0.069997,0.084433,0.000061,0.001271,,5434500,,
0,0,,0.684929,0.000609,0.002234,0.117144,0.19486,0.000142,0.000082,,5345700,,
0,0,,0.816415,0.000267,0.005748,0.072141,0.084192,0.000055,0.021183,,5377800,,
0,0,,0.766414,0.00057,0.01782,0.089746,0.120881,0.000032,0.004538,,5518600,,
0,0,,0.855479,0.000446,0.005417,0.067302,0.070192,0.000081,0.001082,,5356800,,
0,0,,0.662328,0.000485,0.002321,0.137975,0.196652,0.000136,0.000103,,5418400,,
0,0,,0.713116,0.000429,0.002405,0.153428,0.130345,0.000135,0.000141,,5391700,,
0,0,,0.662328,0.000485,0.002321,0.137975,0.196652,0.000136,0.000103,,5426600,,
0,0,,0.839005,0.000402,0.005786,0.069997,0.083576,0.000061,0.001172,,5545000,,
0,0,,0.766007,0.00057,0.018169,0.109746,0.100881,0.000032,0.004596,,5396200,,
0,0,,0.807457,0.000267,0.00699,0.080788,0.083095,0.000058,0.021345,,5342800,,
0,0,,0.704929,0.000609,0.002234,0.117144,0.17486,0.000142,0.000082,,5453600,,
0,0,,0.807112,0.000335,0.006242,0.099822,0.085196,0.000056,0.001238,,5384700,,
0,0,,0.814939,0.000267,0.006057,0.095958,0.081497,0.000064,0.001219,,5368000,,
0,0,,0.835005,0.000423,0.017557,0.088247,0.054214,0.000021,0.004531,,5631300,,
0,0,,0.59528,0.000617,0.002023,0.119662,0.282244,0.000153,0.000021,,5409200,,
0,0,,0.748034,0.000435,0.006096,0.119344,0.124871,0.000111,0.00111,,5457200,,
0,0,,0.894698,0.000264,0.005357,0.050655,0.047832,0.000025,0.001169,,5645700,,
0,0,,0.799724,0.000282,0.006106,0.10996,0.082646,0.000073,0.00121,,5394900,,
0,0,,0.661685,0.000475,0.002317,0.137585,0.197702,0.000138,0.000099,,5433700,,
0,0,,0.808007,0.000278,0.005901,0.094927,0.089642,0.000075,0.00117,,5501300,,
0,0,,0.663103,0.000485,0.002277,0.137249,0.196652,0.000136,0.000098,,5447900,,
0,0,,0.855479,0.000446,0.005417,0.067302,0.070192,0.000081,0.001082,,5438600,,
0,0,,0.723718,0.000945,0.018154,0.099527,0.133036,0.000028,0.024592,,5385900,,
0,0,,0.873742,0.000264,0.005581,0.071382,0.047832,0.000025,0.001174,,5397900,,
0,0,,0.71978,0.000435,0.002234,0.111424,0.165886,0.000108,0.000134,,5399600,,
0,0,,0.848626,0.000308,0.005953,0.089414,0.054448,0.000045,0.001206,,5443100,,
0,0,,0.832137,0.000402,0.005828,0.077917,0.082479,0.000064,0.001172,,5379600,,
0,0,,0.702224,0.000538,0.002279,0.116497,0.178239,0.000142,0.000082,,5362300,,
0,0,,0.594423,0.000617,0.002023,0.119662,0.283101,0.000153,0.000021,,5427200,,
0,0,,0.797873,0.000311,0.005995,0.105343,0.089209,0.000081,0.001187,,5403900,,
0,0,,0.766187,0.00057,0.017989,0.109746,0.100881,0.000032,0.004596,,5370400,,
0,0,,0.839412,0.000402,0.005438,0.069997,0.083576,0.000061,0.001114,,5397500,,
0,0,,0.830404,0.000267,0.005789,0.080061,0.082238,0.000058,0.001183,,5444900,,
0,0,,0.821903,0.000496,0.01752,0.099252,0.056256,0.000032,0.004542,,5392200,,
0,0,,0.705472,0.000429,0.002491,0.162075,0.129248,0.000139,0.000146,,5455500,,
0,0,,0.572576,0.000546,0.002068,0.119014,0.305623,0.000152,0.00002,,5426100,,
0,0,,0.727655,0.000535,0.019188,0.088931,0.138892,0.000028,0.02477,,5345300,,
0,0,,0.833591,0.000827,0.017557,0.089257,0.054214,0.000021,0.004531,,5403600,,
0,0,,0.779507,0.000311,0.00629,0.121981,0.090632,0.000086,0.001192,,5390300,,
0,0,,0.661471,0.000485,0.022321,0.137975,0.177509,0.000136,0.000103,,5387000,,
0,0,,0.616844,0.000609,0.001998,0.119368,0.261006,0.000151,0.000024,,5449800,,
0,0,,0.777874,0.000453,0.01806,0.087047,0.111932,0.000031,0.004603,,5386000,,
0,0,,0.831461,0.000262,0.005967,0.081691,0.079339,0.000053,0.001227,,5355000,,
0,0,,0.802041,0.000252,0.007026,0.089947,0.079291,0.000057,0.021385,,5458100,,
0,0,,0.833999,0.000218,0.0071,0.063659,0.07358,0.000033,0.021411,,5375200,,
0,0,,0.836827,0.000252,0.006006,0.074777,0.06089,0.000051,0.021197,,5376600,,
0,0,,0.869402,0.000308,0.005909,0.068687,0.054448,0.000045,0.001201,,5530300,,
0,0,,0.836827,0.000252,0.006006,0.074777,0.06089,0.000051,0.021197,,5362800,,
0,0,,0.846792,0.000387,0.00543,0.063986,0.082228,0.000054,0.001122,,5581100,,
0,0,,0.814296,0.000446,0.00581,0.088029,0.090192,0.000081,0.001145,,5476000,,
0,0,,0.830769,0.000417,0.005794,0.076008,0.085782,0.000068,0.001163,,5363100,,
0,0,,0.807961,0.000267,0.006098,0.103949,0.080441,0.000066,0.001219,,5405300,,
0,0,,0.820309,0.0009,0.017701,0.100262,0.056256,0.000032,0.004542,,5487000,,
0,0,,0.748767,0.000557,0.018212,0.088931,0.138892,0.000028,0.004613,,5363700,,
0,0,,0.743718,0.000945,0.018154,0.099527,0.133036,0.000028,0.004592,,5403900,,
0,0,,0.812321,0.000243,0.006062,0.077286,0.082834,0.000053,0.021201,,5410600,,
0,0,,0.687266,0.000945,0.018261,0.123249,0.165644,0.000067,0.004568,,5311800,,
0,0,,0.831821,0.00029,0.006218,0.081791,0.07858,0.000036,0.001264,,5464000,,
0,0,,0.860074,0.000315,0.006073,0.082387,0.049874,0.000035,0.001243,,5912400,,
0,0,,0.814703,0.000446,0.005461,0.088029,0.090192,0.000081,0.001087,,5383400,,
0,0,,0.70761,0.000494,0.002221,0.11474,0.174707,0.000135,0.000094,,5486400,,
0,0,,0.831118,0.000338,0.006721,0.080709,0.059715,0.000058,0.021341,,5381600,,
0,0,,0.829912,0.000417,0.005794,0.076008,0.086639,0.000068,0.001163,,5403100,,
0,0,,0.807112,0.000335,0.006242,0.099822,0.085196,0.000056,0.001238,,5423600,,
0,0,,0.808413,0.000267,0.006766,0.080061,0.083095,0.000058,0.02134,,5354900,,
0,0,,0.757875,0.00055,0.002203,0.093102,0.146039,0.000115,0.000117,,5429000,,
0,0,,0.869402,0.000308,0.005909,0.068687,0.054448,0.000045,0.001201,,5437300,,
0,0,,0.756195,0.000337,0.00228,0.11897,0.121957,0.000102,0.000159,,5372300,,
0,0,,0.838148,0.000402,0.005786,0.069997,0.084433,0.000061,0.001172,,5371200,,
0,0,,0.787112,0.000335,0.006242,0.099822,0.085196,0.000056,0.021238,,5407700,,
0,0,,0.766414,0.00057,0.01782,0.089746,0.120881,0.000032,0.004538,,5509900,,
0,0,,0.847769,0.000308,0.005953,0.069414,0.055305,0.000045,0.021206,,5404000,,
0,0,,0.684929,0.000609,0.002234,0.117144,0.19486,0.000142,0.000082,,5415900,,
0,0,,0.762117,0.000311,0.007098,0.121981,0.087057,0.000086,0.02135,,5346900,,
0,0,,0.823901,0.000417,0.005836,0.083928,0.084685,0.000071,0.001163,,5365600,,
0,0,,0.847649,0.000387,0.00543,0.063986,0.081371,0.000054,0.001122,,5485500,,
0,0,,0.754045,0.000435,0.006054,0.111424,0.126825,0.000108,0.00111,,5377600,,
0,0,,0.728034,0.000435,0.006096,0.119344,0.144871,0.000111,0.00111,,5378200,,
0,0,,0.687486,0.001164,0.018261,0.124567,0.163886,0.000067,0.004568,,5462900,,
0,0,,0.728597,0.000557,0.018348,0.088931,0.158892,0.000028,0.004647,,5403100,,
