statlog-shuttle,Tuned_CWT,test,2,NANOSECONDS,PREDICTIONS, Generated by ClassifierExperiments.java on 2022-05-16 02:13:18.    SYSTEMPROPERTIES:{user.name:matth,os.arch:amd64,os.name:Windows 10},ENDSYSTEMPROPERTIES
No parameter info
0.7858312505386538,3070241200,62129433300,-1,253365256,7,,-1,-1
0,0,,0.798929,0.000665,0.002124,0.056236,0.141752,0.000018,0.000277,,6118500,,
0,0,,0.85164,0.000297,0.002006,0.071637,0.074156,0.000045,0.000218,,5625900,,
0,0,,0.824449,0.000274,0.002587,0.077181,0.095153,0.000052,0.000305,,5363600,,
0,0,,0.920466,0.00041,0.002149,0.029929,0.046713,0.000036,0.000298,,5283200,,
0,0,,0.85656,0.00059,0.001933,0.077538,0.063099,0.000089,0.000191,,5452800,,
0,0,,0.565878,0.000884,0.002879,0.19071,0.23935,0.000286,0.000014,,5302600,,
0,0,,0.894569,0.000386,0.001888,0.039146,0.063709,0.00004,0.000263,,5303000,,
0,0,,0.814235,0.00057,0.002254,0.052434,0.130168,0.000036,0.000302,,5375400,,
0,0,,0.861811,0.000558,0.023215,0.048381,0.065546,0.000083,0.000406,,5380400,,
0,0,,0.882558,0.000282,0.002311,0.045702,0.0688,0.000046,0.000302,,5335300,,
0,0,,0.895422,0.000403,0.001967,0.048568,0.053383,0.00006,0.000197,,5539900,,
0,0,,0.875229,0.0005,0.001842,0.038505,0.083641,0.000036,0.000246,,5409000,,
0,0,,0.57435,0.000811,0.002976,0.175361,0.246162,0.000276,0.000064,,5664700,,
0,0,,0.8554,0.000557,0.002399,0.054739,0.086551,0.000093,0.000261,,5487800,,
0,0,,0.853022,0.000333,0.001977,0.071949,0.072454,0.000046,0.00022,,5366900,,
0,0,,0.650778,0.000789,0.002968,0.163363,0.18176,0.000262,0.000081,,5397900,,
0,0,,0.855856,0.000679,0.00245,0.065283,0.075394,0.000102,0.000237,,5313700,,
0,0,,0.650778,0.000789,0.002968,0.163363,0.18176,0.000262,0.000081,,5381100,,
0,0,,0.855835,0.000689,0.001746,0.077179,0.064295,0.000086,0.000171,,5436900,,
0,0,,0.798929,0.000665,0.002124,0.056236,0.141752,0.000018,0.000277,,5311600,,
0,0,,0.792342,0.000307,0.002834,0.08318,0.120972,0.000059,0.000306,,5382200,,
0,0,,0.748754,0.000347,0.002312,0.117957,0.130357,0.000081,0.000191,,5408200,,
0,0,,0.831483,0.000328,0.002786,0.080502,0.084559,0.000066,0.000277,,5359100,,
0,0,,0.756038,0.000368,0.002577,0.110626,0.130102,0.000088,0.000201,,5341400,,
0,0,,0.873022,0.000333,0.001977,0.051949,0.072454,0.000046,0.00022,,5459600,,
0,0,,0.894569,0.000386,0.001888,0.039146,0.063709,0.00004,0.000263,,5234400,,
0,0,,0.808769,0.000481,0.002864,0.083575,0.103956,0.000118,0.000237,,5360700,,
0,0,,0.798929,0.000665,0.002124,0.056236,0.141752,0.000018,0.000277,,5422800,,
0,0,,0.557923,0.000834,0.002984,0.18736,0.250564,0.000289,0.000046,,5275900,,
0,0,,0.887747,0.00057,0.001795,0.04137,0.068225,0.00005,0.000242,,5318800,,
0,0,,0.799513,0.000333,0.00227,0.081726,0.115853,0.000056,0.00025,,5453500,,
0,0,,0.862558,0.000282,0.002311,0.065702,0.0688,0.000046,0.000302,,5317600,,
0,0,,0.884167,0.000597,0.001873,0.04874,0.06435,0.000086,0.000188,,5425800,,
0,0,,0.824914,0.000347,0.002121,0.057181,0.115153,0.000052,0.000233,,5465300,,
0,0,,0.650778,0.000789,0.002968,0.163363,0.18176,0.000262,0.000081,,5257900,,
0,0,,0.903112,0.000333,0.001788,0.045702,0.0488,0.000046,0.00022,,5327400,,
0,0,,0.792602,0.00065,0.002069,0.04994,0.154446,0.000018,0.000275,,5895300,,
0,0,,0.553386,0.000827,0.00304,0.18989,0.252515,0.000293,0.000049,,5390300,,
0,0,,0.85057,0.000615,0.002091,0.055022,0.091433,0.000093,0.000176,,5469000,,
0,0,,0.763643,0.000347,0.002312,0.103068,0.130357,0.000081,0.000191,,5523400,,
0,0,,0.853022,0.000333,0.001977,0.071949,0.072454,0.000046,0.00022,,5410800,,
0,0,,0.791698,0.000278,0.002647,0.085711,0.119305,0.000062,0.000299,,5330000,,
0,0,,0.652159,0.000824,0.002938,0.163675,0.180058,0.000262,0.000083,,5450700,,
0,0,,0.553386,0.000827,0.00304,0.18989,0.252515,0.000293,0.000049,,5263400,,
0,0,,0.867957,0.000689,0.00205,0.068806,0.060267,0.000101,0.000131,,5373400,,
0,0,,0.62515,0.000534,0.002802,0.20145,0.169741,0.000197,0.000125,,5383000,,
0,0,,0.843497,0.000248,0.002893,0.043728,0.109249,0.000035,0.000349,,5335800,,
0,0,,0.894674,0.000656,0.002212,0.05438,0.047747,0.00009,0.00024,,5362800,,
0,0,,0.835853,0.000353,0.002667,0.042977,0.117741,0.000035,0.000374,,5379100,,
0,0,,0.763643,0.000347,0.002312,0.103068,0.130357,0.000081,0.000191,,5424300,,
0,0,,0.62515,0.000534,0.002802,0.20145,0.169741,0.000197,0.000125,,5463200,,
0,0,,0.838576,0.00061,0.002674,0.077923,0.079863,0.000119,0.000236,,5509000,,
0,0,,0.56726,0.00092,0.002849,0.191022,0.237648,0.000286,0.000016,,5265200,,
0,0,,0.813926,0.000501,0.023672,0.065925,0.095461,0.000105,0.000411,,5399100,,
0,0,,0.816789,0.000336,0.002069,0.08318,0.097354,0.000059,0.000214,,5462400,,
0,0,,0.875333,0.0005,0.001729,0.038505,0.083641,0.000036,0.000256,,5432100,,
0,0,,0.624202,0.000577,0.00281,0.198772,0.173328,0.000204,0.000107,,5571700,,
0,0,,0.787701,0.0003,0.003003,0.085711,0.122923,0.000062,0.0003,,5392600,,
0,0,,0.798825,0.000665,0.002237,0.056236,0.141752,0.000018,0.000268,,5406400,,
0,0,,0.77257,0.000345,0.002455,0.098628,0.1257,0.000075,0.000227,,5474200,,
0,0,,0.809364,0.000438,0.002724,0.042772,0.144297,0.000032,0.000374,,5382600,,
0,0,,0.798929,0.000665,0.002124,0.056236,0.141752,0.000018,0.000277,,5316900,,
0,0,,0.798375,0.000614,0.002646,0.056236,0.141752,0.000018,0.000359,,5593400,,
0,0,,0.814235,0.00057,0.002254,0.052434,0.130168,0.000036,0.000302,,5561300,,
0,0,,0.561908,0.000672,0.002866,0.227253,0.20699,0.000246,0.000064,,5699700,,
0,0,,0.796131,0.000285,0.002705,0.08318,0.117354,0.000059,0.000287,,5566800,,
0,0,,0.844122,0.000299,0.002273,0.043728,0.109249,0.000035,0.000292,,5333900,,
0,0,,0.62515,0.000534,0.002802,0.20145,0.169741,0.000197,0.000125,,5396700,,
0,0,,0.843601,0.000248,0.00278,0.043728,0.109249,0.000035,0.000358,,5470900,,
0,0,,0.84405,0.000299,0.002371,0.043728,0.109249,0.000035,0.000267,,5369100,,
0,0,,0.873809,0.000352,0.003383,0.048568,0.073383,0.00006,0.000445,,5839200,,
0,0,,0.650205,0.000874,0.002643,0.160779,0.185189,0.000259,0.000051,,5595700,,
0,0,,0.873823,0.000357,0.00258,0.039146,0.083709,0.00004,0.000345,,5454100,,
0,0,,0.793983,0.000685,0.00204,0.050252,0.152744,0.000018,0.000277,,5482800,,
0,0,,0.624287,0.000528,0.002895,0.203464,0.16849,0.000197,0.000139,,5569400,,
0,0,,0.835088,0.000662,0.002039,0.051793,0.1101,0.000033,0.000285,,5546400,,
0,0,,0.86436,0.000296,0.002643,0.057181,0.075153,0.000052,0.000315,,5494100,,
0,0,,0.851087,0.000246,0.002529,0.071637,0.074156,0.000045,0.0003,,5687300,,
0,0,,0.553386,0.000827,0.00304,0.18989,0.252515,0.000293,0.000049,,5576200,,
0,0,,0.844122,0.000299,0.002273,0.043728,0.109249,0.000035,0.000292,,5355800,,
0,0,,0.630205,0.000874,0.002643,0.160779,0.205189,0.000259,0.000051,,5480800,,
0,0,,0.787893,0.000278,0.002833,0.085711,0.122923,0.000062,0.000299,,5358200,,
0,0,,0.587775,0.0006,0.002818,0.21077,0.19773,0.000218,0.000089,,5397100,,
0,0,,0.545878,0.000884,0.002879,0.19071,0.25935,0.000286,0.000014,,5443000,,
0,0,,0.819129,0.000661,0.002151,0.077923,0.099863,0.000119,0.000154,,5401300,,
0,0,,0.57735,0.00092,0.00266,0.184776,0.233993,0.000286,0.000016,,5458800,,
0,0,,0.80436,0.000296,0.002643,0.077181,0.115153,0.000052,0.000315,,5364900,,
0,0,,0.834235,0.00057,0.002254,0.052434,0.110168,0.000036,0.000302,,5396000,,
0,0,,0.844018,0.000299,0.002387,0.043728,0.109249,0.000035,0.000283,,5896100,,
0,0,,0.855835,0.000689,0.001746,0.077179,0.064295,0.000086,0.000171,,5436300,,
0,0,,0.927649,0.000299,0.001889,0.027705,0.042197,0.000025,0.000237,,5351600,,
0,0,,0.835088,0.000662,0.002039,0.051793,0.1101,0.000033,0.000285,,5898600,,
0,0,,0.585878,0.000884,0.002879,0.19071,0.21935,0.000286,0.000014,,5474200,,
0,0,,0.887747,0.00057,0.001795,0.04137,0.068225,0.00005,0.000242,,5412100,,
0,0,,0.753292,0.000354,0.002256,0.115426,0.128406,0.000078,0.000188,,5469500,,
0,0,,0.792163,0.000351,0.00218,0.085711,0.119305,0.000062,0.000228,,5353900,,
0,0,,0.571391,0.000797,0.003003,0.177609,0.246849,0.000279,0.00007,,5364500,,
0,0,,0.921955,0.00045,0.001728,0.032961,0.042645,0.00003,0.000231,,5387900,,
0,0,,0.652159,0.000824,0.002938,0.163675,0.180058,0.000262,0.000083,,5368500,,
0,0,,0.748097,0.000296,0.002948,0.117957,0.130357,0.000081,0.000264,,5304500,,
0,0,,0.77257,0.000345,0.002455,0.098628,0.1257,0.000075,0.000227,,5456100,,
0,0,,0.79896,0.000282,0.002793,0.081726,0.115853,0.000056,0.000332,,5398600,,
0,0,,0.844122,0.000299,0.002273,0.043728,0.109249,0.000035,0.000292,,5428300,,
0,0,,0.613777,0.000897,0.002652,0.172777,0.209591,0.000272,0.000033,,5574600,,
0,0,,0.784504,0.000332,0.002361,0.088539,0.124004,0.000064,0.000196,,5310100,,
0,0,,0.837222,0.000414,0.002047,0.080814,0.079239,0.000066,0.000198,,5411900,,
0,0,,0.788254,0.000351,0.00248,0.085711,0.122923,0.000062,0.000218,,5458200,,
0,0,,0.798929,0.000665,0.002124,0.056236,0.141752,0.000018,0.000277,,5386100,,
0,0,,0.932754,0.000306,0.00157,0.017773,0.047376,0.000004,0.000219,,5365800,,
0,0,,0.650205,0.000874,0.002643,0.160779,0.185189,0.000259,0.000051,,5463800,,
0,0,,0.826215,0.000557,0.002488,0.08382,0.086564,0.000096,0.000261,,5393800,,
0,0,,0.598933,0.000552,0.00276,0.219903,0.177549,0.000217,0.000085,,5364200,,
0,0,,0.553386,0.000827,0.00304,0.18989,0.252515,0.000293,0.000049,,5529300,,
0,0,,0.611788,0.000507,0.022744,0.195906,0.168745,0.00019,0.00012,,5332700,,
0,0,,0.804914,0.000347,0.002121,0.077181,0.115153,0.000052,0.000233,,5487300,,
0,0,,0.892852,0.000335,0.003417,0.039146,0.063709,0.00004,0.000502,,5696400,,
0,0,,0.907199,0.000248,0.002298,0.027705,0.062197,0.000025,0.000328,,5339300,,
0,0,,0.624287,0.000528,0.002895,0.203464,0.16849,0.000197,0.000139,,5696600,,
0,0,,0.591433,0.000573,0.002912,0.227461,0.177294,0.000224,0.000103,,5326000,,
0,0,,0.853513,0.000401,0.002151,0.041161,0.102458,0.00004,0.000277,,5358100,,
0,0,,0.591433,0.000573,0.002912,0.227461,0.177294,0.000224,0.000103,,5330300,,
0,0,,0.76309,0.000296,0.002835,0.103068,0.130357,0.000081,0.000273,,5454100,,
0,0,,0.81108,0.00066,0.022467,0.080804,0.08467,0.000115,0.000204,,5338300,,
0,0,,0.796131,0.000285,0.002705,0.08318,0.117354,0.000059,0.000287,,5382600,,
0,0,,0.834235,0.00057,0.002254,0.052434,0.110168,0.000036,0.000302,,5428400,,
0,0,,0.82481,0.000347,0.002234,0.057181,0.115153,0.000052,0.000224,,5366500,,
0,0,,0.8317,0.000363,0.003763,0.080814,0.082857,0.000066,0.000437,,5519300,,
0,0,,0.86548,0.000471,0.001837,0.050254,0.081693,0.000078,0.000187,,5354100,,
0,0,,0.756901,0.000375,0.002483,0.108612,0.131353,0.000088,0.000187,,5452300,,
0,0,,0.793953,0.000532,0.002706,0.046573,0.155881,0.000014,0.00034,,5366500,,
0,0,,0.56726,0.00092,0.002849,0.191022,0.237648,0.000286,0.000016,,5361500,,
0,0,,0.592296,0.00058,0.002818,0.225447,0.178545,0.000224,0.00009,,5362500,,
0,0,,0.557923,0.000834,0.002984,0.18736,0.250564,0.000289,0.000046,,5419400,,
0,0,,0.818762,0.000481,0.002302,0.07909,0.099099,0.000103,0.000163,,5374800,,
0,0,,0.87457,0.000656,0.002326,0.05438,0.067747,0.00009,0.000231,,5334500,,
0,0,,0.862558,0.000282,0.002311,0.065702,0.0688,0.000046,0.000302,,5442700,,
0,0,,0.894015,0.000335,0.002411,0.039146,0.063709,0.00004,0.000344,,5333000,,
0,0,,0.844018,0.000299,0.002387,0.043728,0.109249,0.000035,0.000283,,5328900,,
0,0,,0.922059,0.00045,0.001615,0.032961,0.042645,0.00003,0.000241,,6334400,,
0,0,,0.896379,0.000494,0.001639,0.047926,0.053316,0.000056,0.000189,,8077200,,
0,0,,0.557923,0.000834,0.002984,0.18736,0.250564,0.000289,0.000046,,5328300,,
0,0,,0.57735,0.00092,0.00266,0.184776,0.233993,0.000286,0.000016,,5809700,,
0,0,,0.56726,0.00092,0.002849,0.191022,0.237648,0.000286,0.000016,,5688700,,
0,0,,0.844808,0.000344,0.001981,0.077948,0.074655,0.000052,0.000211,,5276500,,
0,0,,0.87447,0.000493,0.001823,0.040519,0.08239,0.000036,0.000269,,5544700,,
0,0,,0.553386,0.000827,0.00304,0.18989,0.252515,0.000293,0.000049,,5348800,,
0,0,,0.56726,0.00092,0.002849,0.191022,0.237648,0.000286,0.000016,,5424000,,
0,0,,0.798375,0.000614,0.002646,0.056236,0.141752,0.000018,0.000359,,5321200,,
0,0,,0.56726,0.00092,0.002849,0.191022,0.237648,0.000286,0.000016,,5323300,,
0,0,,0.808935,0.000661,0.002453,0.08417,0.103518,0.000119,0.000145,,5401100,,
0,0,,0.928052,0.00034,0.002083,0.027063,0.042129,0.000022,0.000311,,5391600,,
0,0,,0.800272,0.00034,0.00229,0.079712,0.117104,0.000056,0.000227,,5324300,,
0,0,,0.818576,0.00061,0.002674,0.077923,0.099863,0.000119,0.000236,,5296600,,
0,0,,0.863285,0.000274,0.003593,0.057181,0.075153,0.000052,0.000462,,5372700,,
0,0,,0.818762,0.000481,0.002302,0.07909,0.099099,0.000103,0.000163,,5344800,,
0,0,,0.780071,0.000325,0.002304,0.09107,0.125955,0.000068,0.000209,,5375700,,
0,0,,0.902558,0.000282,0.002311,0.045702,0.0488,0.000046,0.000302,,5241900,,
0,0,,0.839622,0.000308,0.002197,0.077636,0.079975,0.000052,0.000209,,5401300,,
0,0,,0.886748,0.000563,0.002018,0.043385,0.066974,0.00005,0.000262,,5437500,,
0,0,,0.767627,0.000303,0.002779,0.100537,0.128406,0.000078,0.000269,,5352000,,
0,0,,0.592296,0.00058,0.002818,0.225447,0.178545,0.000224,0.00009,,5285800,,
0,0,,0.565878,0.000884,0.002879,0.19071,0.23935,0.000286,0.000014,,5566400,,
0,0,,0.585878,0.000884,0.002879,0.19071,0.21935,0.000286,0.000014,,5414200,,
0,0,,0.921207,0.000358,0.00183,0.033602,0.042712,0.000033,0.000257,,5779500,,
0,0,,0.545878,0.000884,0.002879,0.19071,0.25935,0.000286,0.000014,,6220900,,
0,0,,0.845002,0.000325,0.002064,0.077181,0.075153,0.000052,0.000223,,5633100,,
0,0,,0.788358,0.000351,0.002367,0.085711,0.122923,0.000062,0.000228,,5297600,,
0,0,,0.773433,0.000352,0.002362,0.096613,0.126951,0.000075,0.000214,,5808600,,
0,0,,0.756142,0.000368,0.002464,0.110626,0.130102,0.000088,0.00021,,5398600,,
0,0,,0.585878,0.000884,0.002879,0.19071,0.21935,0.000286,0.000014,,5738100,,
0,0,,0.856409,0.00073,0.001927,0.065283,0.075394,0.000102,0.000155,,5491200,,
0,0,,0.797796,0.000282,0.003799,0.081726,0.115853,0.000056,0.000489,,5229000,,
0,0,,0.628739,0.000584,0.002754,0.196241,0.171377,0.000201,0.000103,,5465500,,
0,0,,0.797859,0.000631,0.002392,0.100969,0.097864,0.000108,0.000175,,5386000,,
0,0,,0.814235,0.00057,0.002254,0.052434,0.130168,0.000036,0.000302,,5345900,,
0,0,,0.804914,0.000347,0.002121,0.077181,0.115153,0.000052,0.000233,,5417400,,
0,0,,0.84405,0.000299,0.002371,0.043728,0.109249,0.000035,0.000267,,5297300,,
0,0,,0.864898,0.000325,0.002178,0.057181,0.075153,0.000052,0.000214,,5407800,,
0,0,,0.799438,0.000624,0.002364,0.100686,0.096601,0.000108,0.000179,,5361900,,
0,0,,0.772879,0.000301,0.002885,0.096613,0.126951,0.000075,0.000296,,5377900,,
0,0,,0.57735,0.00092,0.00266,0.184776,0.233993,0.000286,0.000016,,5276300,,
0,0,,0.796596,0.000358,0.002238,0.08318,0.117354,0.000059,0.000215,,5431200,,
0,0,,0.553386,0.000827,0.00304,0.18989,0.252515,0.000293,0.000049,,5374700,,
0,0,,0.844154,0.000299,0.002257,0.043728,0.109249,0.000035,0.000276,,5380800,,
0,0,,0.798825,0.000665,0.002237,0.056236,0.141752,0.000018,0.000268,,5306300,,
0,0,,0.85448,0.000408,0.001944,0.039146,0.103709,0.00004,0.000273,,5348500,,
0,0,,0.56726,0.00092,0.002849,0.191022,0.237648,0.000286,0.000016,,5359600,,
0,0,,0.793983,0.000685,0.00204,0.050252,0.152744,0.000018,0.000277,,5348200,,
0,0,,0.592296,0.00058,0.002818,0.225447,0.178545,0.000224,0.00009,,5413700,,
0,0,,0.875333,0.0005,0.001729,0.038505,0.083641,0.000036,0.000256,,5257600,,
0,0,,0.557923,0.000834,0.002984,0.18736,0.250564,0.000289,0.000046,,5452100,,
0,0,,0.756038,0.000368,0.002577,0.110626,0.130102,0.000088,0.000201,,5364300,,
0,0,,0.836647,0.000503,0.001933,0.077538,0.083099,0.000089,0.000191,,5405900,,
0,0,,0.7967,0.000358,0.002125,0.08318,0.117354,0.000059,0.000224,,5556500,,
0,0,,0.835452,0.000638,0.002256,0.065925,0.095461,0.000105,0.000163,,5539000,,
0,0,,0.784608,0.000332,0.002248,0.088539,0.124004,0.000064,0.000205,,5333700,,
0,0,,0.819129,0.000661,0.002151,0.077923,0.099863,0.000119,0.000154,,5681500,,
0,0,,0.862558,0.000282,0.002311,0.065702,0.0688,0.000046,0.000302,,5453600,,
0,0,,0.884374,0.000386,0.002191,0.045393,0.067363,0.00004,0.000253,,5227100,,
0,0,,0.798929,0.000665,0.002124,0.056236,0.141752,0.000018,0.000277,,5443100,,
0,0,,0.6193,0.000634,0.002794,0.200726,0.176235,0.000216,0.000096,,5352800,,
0,0,,0.800377,0.00034,0.002176,0.079712,0.117104,0.000056,0.000236,,5300600,,
0,0,,0.896566,0.000392,0.001843,0.0516,0.049316,0.000053,0.000231,,5344400,,
0,0,,0.798825,0.000665,0.002237,0.056236,0.141752,0.000018,0.000268,,5337200,,
0,0,,0.814131,0.00057,0.002367,0.052434,0.130168,0.000036,0.000293,,5363400,,
0,0,,0.804914,0.000347,0.002121,0.077181,0.115153,0.000052,0.000233,,5463300,,
0,0,,0.844154,0.000299,0.002257,0.043728,0.109249,0.000035,0.000276,,5291700,,
0,0,,0.839622,0.000308,0.002197,0.077636,0.079975,0.000052,0.000209,,5327200,,
0,0,,0.887836,0.000548,0.001739,0.04137,0.068225,0.00005,0.000232,,5378100,,
0,0,,0.631788,0.000507,0.002744,0.195906,0.168745,0.00019,0.00012,,5335500,,
0,0,,0.855835,0.000689,0.001746,0.077179,0.064295,0.000086,0.000171,,5381000,,
0,0,,0.842333,0.000248,0.0039,0.043728,0.109249,0.000035,0.000506,,5893700,,
0,0,,0.870017,0.000564,0.002614,0.055022,0.071433,0.000093,0.000257,,5758200,,
0,0,,0.819068,0.000257,0.00272,0.077636,0.099975,0.000052,0.000291,,5987600,,
0,0,,0.56726,0.00092,0.002849,0.191022,0.237648,0.000286,0.000016,,5829500,,
0,0,,0.7967,0.000358,0.002125,0.08318,0.117354,0.000059,0.000224,,5763800,,
0,0,,0.818472,0.00061,0.002787,0.077923,0.099863,0.000119,0.000227,,6044400,,
0,0,,0.900549,0.000307,0.002466,0.033602,0.062712,0.000033,0.00033,,5773400,,
0,0,,0.613777,0.000897,0.002652,0.172777,0.209591,0.000272,0.000033,,5815000,,
0,0,,0.870017,0.000564,0.002614,0.055022,0.071433,0.000093,0.000257,,6255300,,
0,0,,0.874438,0.000493,0.001839,0.040519,0.08239,0.000036,0.000285,,5817000,,
0,0,,0.87478,0.000449,0.002252,0.038505,0.083641,0.000036,0.000337,,6191500,,
0,0,,0.613777,0.000897,0.002652,0.172777,0.209591,0.000272,0.000033,,5423600,,
0,0,,0.853717,0.000564,0.002541,0.055022,0.087815,0.000093,0.000248,,5281500,,
0,0,,0.900549,0.000307,0.002466,0.033602,0.062712,0.000033,0.00033,,5326900,,
0,0,,0.652159,0.000824,0.002938,0.163675,0.180058,0.000262,0.000083,,5372800,,
0,0,,0.57735,0.00092,0.00266,0.184776,0.233993,0.000286,0.000016,,5403800,,
0,0,,0.87057,0.000615,0.002091,0.055022,0.071433,0.000093,0.000176,,5330500,,
0,0,,0.623171,0.000782,0.003028,0.19216,0.180508,0.000266,0.000085,,5272300,,
0,0,,0.650205,0.000874,0.002643,0.160779,0.185189,0.000259,0.000051,,5370000,,
0,0,,0.907199,0.000248,0.002298,0.027705,0.062197,0.000025,0.000328,,5489100,,
0,0,,0.843527,0.000401,0.002227,0.047407,0.106112,0.00004,0.000286,,5425600,,
0,0,,0.85164,0.000297,0.002006,0.071637,0.074156,0.000045,0.000218,,5364900,,
0,0,,0.798929,0.000665,0.002124,0.056236,0.141752,0.000018,0.000277,,5895500,,
0,0,,0.553386,0.000827,0.00304,0.18989,0.252515,0.000293,0.000049,,9320200,,
0,0,,0.907649,0.000299,0.001889,0.027705,0.062197,0.000025,0.000237,,5630500,,
0,0,,0.603687,0.000897,0.002841,0.179024,0.213245,0.000272,0.000033,,5601700,,
0,0,,0.784608,0.000332,0.002248,0.088539,0.124004,0.000064,0.000205,,5755100,,
0,0,,0.59735,0.00092,0.00266,0.184776,0.213993,0.000286,0.000016,,5481700,,
0,0,,0.835853,0.000353,0.002667,0.042977,0.117741,0.000035,0.000374,,5551800,,
0,0,,0.843497,0.000248,0.002893,0.043728,0.109249,0.000035,0.000349,,5529200,,
0,0,,0.616383,0.000897,0.002797,0.173911,0.205663,0.000291,0.000058,,5679300,,
0,0,,0.58726,0.00092,0.002849,0.191022,0.217648,0.000286,0.000016,,5652000,,
0,0,,0.553386,0.000827,0.00304,0.18989,0.252515,0.000293,0.000049,,5389200,,
0,0,,0.782544,0.000509,0.002895,0.112685,0.101003,0.000122,0.000243,,7337900,,
0,0,,0.767191,0.000578,0.003059,0.085414,0.143372,0.000153,0.000234,,5703300,,
0,0,,0.779967,0.000325,0.002417,0.09107,0.125955,0.000068,0.0002,,5230000,,
0,0,,0.844018,0.000299,0.002387,0.043728,0.109249,0.000035,0.000283,,5354700,,
0,0,,0.798929,0.000665,0.002124,0.056236,0.141752,0.000018,0.000277,,5177600,,
0,0,,0.873022,0.000333,0.001977,0.051949,0.072454,0.000046,0.00022,,5184100,,
0,0,,0.844154,0.000299,0.002257,0.043728,0.109249,0.000035,0.000276,,5201100,,
0,0,,0.798929,0.000665,0.002124,0.056236,0.141752,0.000018,0.000277,,5161100,,
0,0,,0.855556,0.000638,0.002143,0.065925,0.075461,0.000105,0.000172,,5437000,,
0,0,,0.583171,0.000782,0.003028,0.19216,0.220508,0.000266,0.000085,,5277800,,
0,0,,0.84405,0.000299,0.002371,0.043728,0.109249,0.000035,0.000267,,5229700,,
0,0,,0.798929,0.000665,0.002124,0.056236,0.141752,0.000018,0.000277,,5202900,,
0,0,,0.57735,0.00092,0.00266,0.184776,0.233993,0.000286,0.000016,,5261200,,
0,0,,0.819025,0.000661,0.002264,0.077923,0.099863,0.000119,0.000145,,5233700,,
0,0,,0.807627,0.000303,0.002779,0.100537,0.088406,0.000078,0.000269,,5202100,,
0,0,,0.55078,0.000827,0.002895,0.188756,0.256443,0.000274,0.000025,,5194800,,
0,0,,0.875333,0.0005,0.001729,0.038505,0.083641,0.000036,0.000256,,5217300,,
0,0,,0.798375,0.000614,0.002646,0.056236,0.141752,0.000018,0.000359,,5209900,,
0,0,,0.624287,0.000528,0.002895,0.203464,0.16849,0.000197,0.000139,,5221600,,
0,0,,0.852468,0.000282,0.0025,0.071949,0.072454,0.000046,0.000302,,5166200,,
0,0,,0.855003,0.000587,0.002665,0.065925,0.075461,0.000105,0.000254,,5209200,,
0,0,,0.553386,0.000827,0.00304,0.18989,0.252515,0.000293,0.000049,,5232600,,
0,0,,0.553386,0.000827,0.00304,0.18989,0.252515,0.000293,0.000049,,5188100,,
0,0,,0.798929,0.000665,0.002124,0.056236,0.141752,0.000018,0.000277,,5168400,,
0,0,,0.830319,0.000328,0.003792,0.080502,0.084559,0.000066,0.000435,,5204600,,
0,0,,0.57735,0.00092,0.00266,0.184776,0.233993,0.000286,0.000016,,5200000,,
0,0,,0.804914,0.000347,0.002121,0.077181,0.115153,0.000052,0.000233,,5221800,,
0,0,,0.814235,0.00057,0.002254,0.052434,0.130168,0.000036,0.000302,,5200500,,
0,0,,0.543946,0.000877,0.003079,0.194375,0.257373,0.000307,0.000042,,5269400,,
0,0,,0.853022,0.000333,0.001977,0.071949,0.072454,0.000046,0.00022,,5204200,,
0,0,,0.814235,0.00057,0.002254,0.052434,0.130168,0.000036,0.000302,,5272000,,
0,0,,0.791609,0.0003,0.002703,0.085711,0.119305,0.000062,0.000309,,5213900,,
0,0,,0.748754,0.000347,0.002312,0.117957,0.130357,0.000081,0.000191,,5249600,,
0,0,,0.843497,0.000248,0.002893,0.043728,0.109249,0.000035,0.000349,,5224100,,
0,0,,0.632356,0.000782,0.002939,0.16308,0.200496,0.000262,0.000085,,5188000,,
0,0,,0.813682,0.000519,0.002777,0.052434,0.130168,0.000036,0.000384,,5209600,,
0,0,,0.855556,0.000638,0.002143,0.065925,0.075461,0.000105,0.000172,,5225800,,
0,0,,0.767627,0.000303,0.002779,0.100537,0.128406,0.000078,0.000269,,5202100,,
0,0,,0.553386,0.000827,0.00304,0.18989,0.252515,0.000293,0.000049,,5209600,,
0,0,,0.798929,0.000665,0.002124,0.056236,0.141752,0.000018,0.000277,,5172600,,
0,0,,0.817796,0.000282,0.003799,0.061726,0.115853,0.000056,0.000489,,5214500,,
0,0,,0.819129,0.000661,0.002151,0.077923,0.099863,0.000119,0.000154,,5191900,,
0,0,,0.894674,0.000656,0.002212,0.05438,0.047747,0.00009,0.00024,,5202900,,
0,0,,0.809364,0.000438,0.002724,0.042772,0.144297,0.000032,0.000374,,5193600,,
0,0,,0.827793,0.00055,0.00246,0.083537,0.0853,0.000096,0.000264,,5209100,,
0,0,,0.813682,0.000519,0.002777,0.052434,0.130168,0.000036,0.000384,,5191100,,
0,0,,0.591433,0.000573,0.002912,0.227461,0.177294,0.000224,0.000103,,5209800,,
0,0,,0.791196,0.000344,0.002387,0.087725,0.118054,0.000062,0.000232,,5201300,,
0,0,,0.852468,0.000282,0.0025,0.071949,0.072454,0.000046,0.000302,,5251100,,
0,0,,0.571391,0.000797,0.003003,0.177609,0.246849,0.000279,0.00007,,5349000,,
0,0,,0.56726,0.00092,0.002849,0.191022,0.237648,0.000286,0.000016,,5484900,,
0,0,,0.863008,0.000333,0.001901,0.065702,0.0688,0.000046,0.000211,,5279200,,
0,0,,0.624749,0.000775,0.003,0.191878,0.179245,0.000266,0.000088,,5227200,,
0,0,,0.7913,0.000344,0.002274,0.087725,0.118054,0.000062,0.000241,,5204900,,
0,0,,0.794611,0.000583,0.00207,0.046573,0.155881,0.000014,0.000268,,5211400,,
0,0,,0.631788,0.000507,0.002744,0.195906,0.168745,0.00019,0.00012,,5232200,,
0,0,,0.903441,0.000696,0.001686,0.048381,0.045546,0.000083,0.000167,,5228100,,
0,0,,0.853617,0.000401,0.002038,0.041161,0.102458,0.00004,0.000286,,5287200,,
0,0,,0.603687,0.000897,0.002841,0.179024,0.213245,0.000272,0.000033,,5283600,,
0,0,,0.875835,0.000689,0.001746,0.057179,0.064295,0.000086,0.000171,,5222600,,
0,0,,0.796789,0.000336,0.002069,0.08318,0.117354,0.000059,0.000214,,5242900,,
0,0,,0.798929,0.000665,0.002124,0.056236,0.141752,0.000018,0.000277,,5237600,,
0,0,,0.8575,0.000638,0.001897,0.064321,0.07541,0.000087,0.000147,,5192800,,
0,0,,0.631788,0.000507,0.002744,0.195906,0.168745,0.00019,0.00012,,5258600,,
0,0,,0.819129,0.000661,0.002151,0.077923,0.099863,0.000119,0.000154,,5444000,,
0,0,,0.548484,0.000884,0.003024,0.191844,0.255422,0.000304,0.000038,,5380000,,
0,0,,0.553386,0.000827,0.00304,0.18989,0.252515,0.000293,0.000049,,5282900,,
0,0,,0.565878,0.000884,0.002879,0.19071,0.23935,0.000286,0.000014,,5242100,,
0,0,,0.748253,0.000566,0.003612,0.064571,0.162484,0.000034,0.02048,,5209700,,
0,0,,0.873022,0.000333,0.001977,0.051949,0.072454,0.000046,0.00022,,5278900,,
0,0,,0.843601,0.000248,0.00278,0.043728,0.109249,0.000035,0.000358,,5206700,,
0,0,,0.808485,0.00061,0.002863,0.08417,0.103518,0.000119,0.000236,,5191800,,
0,0,,0.792163,0.000351,0.00218,0.085711,0.119305,0.000062,0.000228,,5222300,,
0,0,,0.852745,0.000477,0.023434,0.055022,0.067815,0.000093,0.000415,,5215200,,
0,0,,0.798929,0.000665,0.002124,0.056236,0.141752,0.000018,0.000277,,5252300,,
0,0,,0.843426,0.000308,0.00201,0.077636,0.076357,0.000052,0.000209,,5259600,,
0,0,,0.839129,0.000661,0.002151,0.077923,0.079863,0.000119,0.000154,,5249000,,
0,0,,0.901207,0.000358,0.00183,0.033602,0.062712,0.000033,0.000257,,5234100,,
0,0,,0.844882,0.000352,0.002566,0.074815,0.077038,0.00006,0.000288,,5248300,,
0,0,,0.769126,0.000664,0.002507,0.085726,0.14167,0.000153,0.000154,,5232700,,
0,0,,0.884374,0.000386,0.002191,0.045393,0.067363,0.00004,0.000253,,5220700,,
0,0,,0.565878,0.000884,0.002879,0.19071,0.23935,0.000286,0.000014,,5262700,,
0,0,,0.819513,0.000333,0.00227,0.061726,0.115853,0.000056,0.00025,,5264200,,
0,0,,0.927199,0.000248,0.002298,0.027705,0.042197,0.000025,0.000328,,5222900,,
0,0,,0.87296,0.00035,0.002674,0.041161,0.082458,0.00004,0.000359,,5203900,,
0,0,,0.846087,0.000453,0.001893,0.073053,0.078241,0.000074,0.000199,,5309800,,
0,0,,0.598933,0.000552,0.00276,0.219903,0.177549,0.000217,0.000085,,5258900,,
0,0,,0.819129,0.000661,0.002151,0.077923,0.099863,0.000119,0.000154,,5194000,,
0,0,,0.790746,0.000293,0.002797,0.087725,0.118054,0.000062,0.000323,,5189000,,
0,0,,0.853064,0.00035,0.002561,0.041161,0.102458,0.00004,0.000368,,5247300,,
0,0,,0.795085,0.000302,0.002253,0.080167,0.121926,0.000055,0.000212,,5241400,,
0,0,,0.875177,0.000638,0.002382,0.057179,0.064295,0.000086,0.000243,,5199900,,
0,0,,0.844154,0.000299,0.002257,0.043728,0.109249,0.000035,0.000276,,5244400,,
0,0,,0.56726,0.00092,0.002849,0.191022,0.237648,0.000286,0.000016,,5303400,,
0,0,,0.833417,0.000414,0.002234,0.080814,0.082857,0.000066,0.000198,,5233100,,
0,0,,0.57735,0.00092,0.00266,0.184776,0.233993,0.000286,0.000016,,5256300,,
0,0,,0.756142,0.000368,0.002464,0.110626,0.130102,0.000088,0.00021,,5228500,,
0,0,,0.850017,0.000564,0.022614,0.055022,0.071433,0.000093,0.000257,,5227000,,
0,0,,0.843601,0.000248,0.00278,0.043728,0.109249,0.000035,0.000358,,5225300,,
0,0,,0.787495,0.000344,0.00246,0.087725,0.121672,0.000062,0.000241,,5278900,,
0,0,,0.650778,0.000789,0.002968,0.163363,0.18176,0.000262,0.000081,,5235800,,
0,0,,0.852917,0.000333,0.00209,0.071949,0.072454,0.000046,0.000211,,5246400,,
0,0,,0.798375,0.000614,0.002646,0.056236,0.141752,0.000018,0.000359,,5267500,,
0,0,,0.565878,0.000884,0.002879,0.19071,0.23935,0.000286,0.000014,,5266100,,
0,0,,0.565878,0.000884,0.002879,0.19071,0.23935,0.000286,0.000014,,5689500,,
0,0,,0.779112,0.000664,0.002431,0.079479,0.138015,0.000153,0.000145,,5400000,,
0,0,,0.788181,0.000354,0.002256,0.100537,0.108406,0.000078,0.000188,,5852100,,
0,0,,0.798825,0.000665,0.002237,0.056236,0.141752,0.000018,0.000268,,5325300,,
0,0,,0.548484,0.000884,0.003024,0.191844,0.255422,0.000304,0.000038,,5296500,,
0,0,,0.557923,0.000834,0.002984,0.18736,0.250564,0.000289,0.000046,,5288400,,
0,0,,0.894015,0.000335,0.002411,0.039146,0.063709,0.00004,0.000344,,5248300,,
0,0,,0.853022,0.000333,0.001977,0.071949,0.072454,0.000046,0.00022,,5285300,,
0,0,,0.901207,0.000358,0.00183,0.033602,0.062712,0.000033,0.000257,,5282500,,
0,0,,0.60786,0.00055,0.002904,0.215463,0.172892,0.000211,0.000121,,5265000,,
0,0,,0.851087,0.000246,0.002529,0.071637,0.074156,0.000045,0.0003,,5215200,,
0,0,,0.553386,0.000827,0.00304,0.18989,0.252515,0.000293,0.000049,,5261200,,
0,0,,0.84405,0.000299,0.002371,0.043728,0.109249,0.000035,0.000267,,5209600,,
0,0,,0.592296,0.00058,0.002818,0.225447,0.178545,0.000224,0.00009,,5227400,,
0,0,,0.853022,0.000333,0.001977,0.071949,0.072454,0.000046,0.00022,,5204500,,
0,0,,0.748201,0.000296,0.002835,0.117957,0.130357,0.000081,0.000273,,5210800,,
0,0,,0.650205,0.000874,0.002643,0.160779,0.185189,0.000259,0.000051,,5260100,,
0,0,,0.799823,0.000289,0.002699,0.079712,0.117104,0.000056,0.000318,,5217300,,
0,0,,0.810003,0.000573,0.023474,0.080804,0.08467,0.000115,0.000361,,5195900,,
0,0,,0.557923,0.000834,0.002984,0.18736,0.250564,0.000289,0.000046,,5246200,,
0,0,,0.843527,0.000401,0.002227,0.047407,0.106112,0.00004,0.000286,,5222300,,
0,0,,0.553386,0.000827,0.00304,0.18989,0.252515,0.000293,0.000049,,5202700,,
0,0,,0.591433,0.000573,0.002912,0.227461,0.177294,0.000224,0.000103,,5206300,,
0,0,,0.748754,0.000347,0.002312,0.117957,0.130357,0.000081,0.000191,,5229900,,
0,0,,0.799068,0.000257,0.00272,0.077636,0.119975,0.000052,0.000291,,5206100,,
0,0,,0.794611,0.000583,0.00207,0.046573,0.155881,0.000014,0.000268,,5247600,,
0,0,,0.741563,0.000324,0.002893,0.123501,0.131353,0.000088,0.000278,,5321200,,
0,0,,0.521341,0.000877,0.002934,0.193241,0.281301,0.000289,0.000017,,5197100,,
0,0,,0.852917,0.000333,0.00209,0.071949,0.072454,0.000046,0.000211,,5229400,,
0,0,,0.800041,0.000373,0.002845,0.103403,0.09299,0.000092,0.000256,,5220300,,
0,0,,0.760595,0.000424,0.002323,0.103403,0.13299,0.000092,0.000174,,5182800,,
0,0,,0.873917,0.000442,0.002345,0.040519,0.08239,0.000036,0.000351,,5243100,,
0,0,,0.883112,0.000333,0.001788,0.045702,0.0688,0.000046,0.00022,,5240000,,
0,0,,0.810617,0.000654,0.002312,0.083887,0.102254,0.000119,0.000158,,5287400,,
0,0,,0.591433,0.000573,0.002912,0.227461,0.177294,0.000224,0.000103,,5228800,,
0,0,,0.883112,0.000333,0.001788,0.045702,0.0688,0.000046,0.00022,,5340100,,
0,0,,0.809813,0.000488,0.002314,0.042772,0.144297,0.000032,0.000283,,5290900,,
0,0,,0.652159,0.000824,0.002938,0.163675,0.180058,0.000262,0.000083,,5286900,,
0,0,,0.787627,0.000303,0.002779,0.100537,0.108406,0.000078,0.000269,,5217300,,
0,0,,0.866087,0.000453,0.001893,0.073053,0.058241,0.000074,0.000199,,5261600,,
0,0,,0.823978,0.000464,0.002273,0.085299,0.087715,0.000081,0.00019,,5209300,,
0,0,,0.88709,0.000519,0.002431,0.04137,0.068225,0.00005,0.000315,,5261000,,
0,0,,0.808964,0.000487,0.002324,0.096201,0.091743,0.000094,0.000186,,5235800,,
0,0,,0.824542,0.000601,0.002123,0.083537,0.088918,0.000096,0.000182,,5221000,,
0,0,,0.748201,0.000296,0.002835,0.117957,0.130357,0.000081,0.000273,,5322300,,
0,0,,0.855526,0.000403,0.001854,0.068568,0.073383,0.00006,0.000206,,5231600,,
0,0,,0.796235,0.000285,0.002591,0.08318,0.117354,0.000059,0.000296,,5240900,,
0,0,,0.80886,0.000487,0.002438,0.096201,0.091743,0.000094,0.000177,,5297200,,
0,0,,0.545878,0.000884,0.002879,0.19071,0.25935,0.000286,0.000014,,5235700,,
0,0,,0.826768,0.000608,0.001965,0.08382,0.086564,0.000096,0.000179,,5244200,,
0,0,,0.61435,0.000811,0.002976,0.175361,0.206162,0.000276,0.000064,,5230500,,
0,0,,0.60786,0.00055,0.002904,0.215463,0.172892,0.000211,0.000121,,5242500,,
0,0,,0.575929,0.000804,0.002948,0.175078,0.244898,0.000276,0.000067,,5202900,,
0,0,,0.61435,0.000811,0.002976,0.175361,0.206162,0.000276,0.000064,,5294700,,
0,0,,0.592296,0.00058,0.002818,0.225447,0.178545,0.000224,0.00009,,5212800,,
0,0,,0.790446,0.0003,0.00371,0.085711,0.119305,0.000062,0.000467,,5189800,,
0,0,,0.875422,0.000403,0.001967,0.048568,0.073383,0.00006,0.000197,,5206600,,
0,0,,0.855526,0.000403,0.001854,0.068568,0.073383,0.00006,0.000206,,5252000,,
0,0,,0.756142,0.000368,0.002464,0.110626,0.130102,0.000088,0.00021,,5236800,,
0,0,,0.800377,0.00034,0.002176,0.079712,0.117104,0.000056,0.000236,,5317800,,
0,0,,0.873022,0.000333,0.001977,0.051949,0.072454,0.000046,0.00022,,5297500,,
0,0,,0.57735,0.00092,0.00266,0.184776,0.233993,0.000286,0.000016,,5279700,,
0,0,,0.818576,0.00061,0.002674,0.077923,0.099863,0.000119,0.000236,,5329600,,
0,0,,0.797859,0.000631,0.002392,0.100969,0.097864,0.000108,0.000175,,5227400,,
0,0,,0.875333,0.0005,0.001729,0.038505,0.083641,0.000036,0.000256,,5228300,,
0,0,,0.842145,0.000365,0.002256,0.047095,0.107814,0.000039,0.000284,,5262200,,
0,0,,0.819513,0.000333,0.00227,0.061726,0.115853,0.000056,0.00025,,5246100,,
0,0,,0.819129,0.000661,0.002151,0.077923,0.099863,0.000119,0.000154,,5211900,,
0,0,,0.585878,0.000884,0.002879,0.19071,0.21935,0.000286,0.000014,,5204200,,
0,0,,0.57735,0.00092,0.00266,0.184776,0.233993,0.000286,0.000016,,5213600,,
0,0,,0.872468,0.000282,0.0025,0.051949,0.072454,0.000046,0.000302,,5205900,,
0,0,,0.553386,0.000827,0.00304,0.18989,0.252515,0.000293,0.000049,,5237900,,
0,0,,0.883821,0.000335,0.002713,0.045393,0.067363,0.00004,0.000335,,5200700,,
0,0,,0.812443,0.000596,0.002819,0.086438,0.097349,0.000122,0.000233,,5241300,,
0,0,,0.798929,0.000665,0.002124,0.056236,0.141752,0.000018,0.000277,,5291300,,
0,0,,0.809039,0.000661,0.00234,0.08417,0.103518,0.000119,0.000154,,5207500,,
0,0,,0.841488,0.000314,0.002892,0.047095,0.107814,0.000039,0.000357,,5236100,,
0,0,,0.843497,0.000248,0.002893,0.043728,0.109249,0.000035,0.000349,,5217100,,
0,0,,0.578933,0.000552,0.02276,0.219903,0.177549,0.000217,0.000085,,5204600,,
0,0,,0.525878,0.000884,0.002879,0.19071,0.27935,0.000286,0.000014,,5218500,,
0,0,,0.807804,0.000555,0.002313,0.046139,0.142862,0.000036,0.000291,,5284200,,
0,0,,0.875835,0.000689,0.001746,0.057179,0.064295,0.000086,0.000171,,5211800,,
0,0,,0.624202,0.000577,0.00281,0.198772,0.173328,0.000204,0.000107,,5226800,,
0,0,,0.914473,0.00052,0.001681,0.035827,0.047228,0.000044,0.000227,,5214400,,
0,0,,0.844154,0.000299,0.002257,0.043728,0.109249,0.000035,0.000276,,5202500,,
0,0,,0.82436,0.000296,0.002643,0.057181,0.115153,0.000052,0.000315,,5192900,,
0,0,,0.921207,0.000358,0.00183,0.033602,0.042712,0.000033,0.000257,,5222800,,
0,0,,0.833844,0.000419,0.002666,0.046344,0.116306,0.000039,0.000382,,5212700,,
0,0,,0.819513,0.000333,0.00227,0.061726,0.115853,0.000056,0.00025,,5267800,,
0,0,,0.835088,0.000662,0.002039,0.051793,0.1101,0.000033,0.000285,,5260200,,
0,0,,0.771167,0.000664,0.002634,0.08236,0.142822,0.00015,0.000204,,5233100,,
0,0,,0.814235,0.00057,0.002254,0.052434,0.130168,0.000036,0.000302,,5186900,,
0,0,,0.881395,0.000282,0.003317,0.045702,0.0688,0.000046,0.000459,,5205500,,
0,0,,0.60786,0.00055,0.002904,0.215463,0.172892,0.000211,0.000121,,5228700,,
0,0,,0.833313,0.000414,0.002347,0.080814,0.082857,0.000066,0.000188,,5237300,,
0,0,,0.755589,0.000317,0.002986,0.110626,0.130102,0.000088,0.000291,,5193900,,
0,0,,0.819129,0.000661,0.002151,0.077923,0.099863,0.000119,0.000154,,5315400,,
0,0,,0.779112,0.000664,0.002431,0.079479,0.138015,0.000153,0.000145,,5228900,,
0,0,,0.59735,0.00092,0.00266,0.184776,0.213993,0.000286,0.000016,,5239000,,
0,0,,0.853617,0.000401,0.002038,0.041161,0.102458,0.00004,0.000286,,5239800,,
0,0,,0.799513,0.000333,0.00227,0.081726,0.115853,0.000056,0.00025,,5247200,,
0,0,,0.823197,0.000296,0.00365,0.057181,0.115153,0.000052,0.000472,,5243900,,
0,0,,0.853821,0.000564,0.002428,0.055022,0.087815,0.000093,0.000257,,5224800,,
0,0,,0.783097,0.00056,0.002372,0.112685,0.101003,0.000122,0.000161,,5204100,,
0,0,,0.66225,0.000824,0.002749,0.157428,0.176403,0.000262,0.000083,,5202600,,
0,0,,0.809917,0.000488,0.002201,0.042772,0.144297,0.000032,0.000292,,5253900,,
0,0,,0.874438,0.000493,0.001839,0.040519,0.08239,0.000036,0.000285,,5219000,,
0,0,,0.843497,0.000248,0.002893,0.043728,0.109249,0.000035,0.000349,,5190900,,
0,0,,0.798929,0.000665,0.002124,0.056236,0.141752,0.000018,0.000277,,5281100,,
0,0,,0.58726,0.00092,0.002849,0.191022,0.217648,0.000286,0.000016,,5225400,,
0,0,,0.862558,0.000282,0.002311,0.065702,0.0688,0.000046,0.000302,,5205400,,
0,0,,0.557923,0.000834,0.002984,0.18736,0.250564,0.000289,0.000046,,5201600,,
0,0,,0.59735,0.00092,0.00266,0.184776,0.213993,0.000286,0.000016,,5212100,,
0,0,,0.598933,0.000552,0.00276,0.219903,0.177549,0.000217,0.000085,,5224600,,
0,0,,0.921207,0.000358,0.00183,0.033602,0.042712,0.000033,0.000257,,5285800,,
0,0,,0.894015,0.000335,0.002411,0.039146,0.063709,0.00004,0.000344,,5228600,,
0,0,,0.814235,0.00057,0.002254,0.052434,0.130168,0.000036,0.000302,,5303700,,
0,0,,0.553386,0.000827,0.00304,0.18989,0.252515,0.000293,0.000049,,5260400,,
0,0,,0.624287,0.000528,0.002895,0.203464,0.16849,0.000197,0.000139,,5217600,,
0,0,,0.844122,0.000299,0.002273,0.043728,0.109249,0.000035,0.000292,,5229300,,
0,0,,0.541341,0.000877,0.002934,0.193241,0.261301,0.000289,0.000017,,5299100,,
0,0,,0.87087,0.000656,0.002399,0.05438,0.071365,0.00009,0.00024,,5211900,,
0,0,,0.853064,0.00035,0.002561,0.041161,0.102458,0.00004,0.000368,,5257000,,
0,0,,0.786942,0.000293,0.002983,0.087725,0.121672,0.000062,0.000323,,5215000,,
0,0,,0.804345,0.000274,0.0027,0.077181,0.115153,0.000052,0.000296,,5207600,,
0,0,,0.837222,0.000414,0.002047,0.080814,0.079239,0.000066,0.000198,,5243700,,
0,0,,0.773329,0.000352,0.002475,0.096613,0.126951,0.000075,0.000205,,5225800,,
0,0,,0.631788,0.000507,0.002744,0.195906,0.168745,0.00019,0.00012,,5204000,,
0,0,,0.851305,0.000282,0.003506,0.071949,0.072454,0.000046,0.000459,,5221800,,
0,0,,0.89314,0.000409,0.002356,0.044255,0.059492,0.000071,0.000277,,5262400,,
0,0,,0.798375,0.000614,0.002646,0.056236,0.141752,0.000018,0.000359,,5217400,,
0,0,,0.827678,0.000464,0.0022,0.085299,0.084097,0.000081,0.000181,,5258600,,
0,0,,0.553386,0.000827,0.00304,0.18989,0.252515,0.000293,0.000049,,5215200,,
0,0,,0.631788,0.000507,0.002744,0.195906,0.168745,0.00019,0.00012,,5220400,,
0,0,,0.545878,0.000884,0.002879,0.19071,0.25935,0.000286,0.000014,,5229800,,
0,0,,0.56726,0.00092,0.002849,0.191022,0.237648,0.000286,0.000016,,5286600,,
0,0,,0.798929,0.000665,0.002124,0.056236,0.141752,0.000018,0.000277,,5194800,,
0,0,,0.834235,0.00057,0.002254,0.052434,0.110168,0.000036,0.000302,,5229400,,
0,0,,0.624202,0.000577,0.00281,0.198772,0.173328,0.000204,0.000107,,5247700,,
0,0,,0.837769,0.000464,0.002011,0.079052,0.080442,0.000081,0.000181,,5219900,,
0,0,,0.875835,0.000689,0.001746,0.057179,0.064295,0.000086,0.000171,,5206000,,
0,0,,0.525779,0.00082,0.0031,0.218688,0.251264,0.000296,0.000053,,5261800,,
0,0,,0.547357,0.000813,0.003072,0.198405,0.25,0.000296,0.000056,,5250300,,
0,0,,0.816789,0.000336,0.002069,0.08318,0.097354,0.000059,0.000214,,5227600,,
0,0,,0.781162,0.000474,0.002924,0.112372,0.102705,0.000122,0.000241,,5325800,,
0,0,,0.855526,0.000403,0.001854,0.068568,0.073383,0.00006,0.000206,,5260900,,
0,0,,0.864914,0.000347,0.002121,0.057181,0.075153,0.000052,0.000233,,5249000,,
0,0,,0.56726,0.00092,0.002849,0.191022,0.237648,0.000286,0.000016,,5330000,,
0,0,,0.546744,0.000804,0.003036,0.204159,0.244911,0.000279,0.000067,,5248600,,
0,0,,0.61435,0.000811,0.002976,0.175361,0.206162,0.000276,0.000064,,5211500,,
0,0,,0.613777,0.000897,0.002652,0.172777,0.209591,0.000272,0.000033,,5266100,,
0,0,,0.809364,0.000438,0.002724,0.042772,0.144297,0.000032,0.000374,,5290700,,
0,0,,0.80926,0.000438,0.002837,0.042772,0.144297,0.000032,0.000365,,5203300,,
0,0,,0.874438,0.000493,0.001839,0.040519,0.08239,0.000036,0.000285,,5357300,,
0,0,,0.884478,0.000386,0.002077,0.045393,0.067363,0.00004,0.000263,,5471300,,
0,0,,0.843601,0.000248,0.00278,0.043728,0.109249,0.000035,0.000358,,5241100,,
0,0,,0.598933,0.000552,0.00276,0.219903,0.177549,0.000217,0.000085,,5272300,,
0,0,,0.907753,0.000299,0.001775,0.027705,0.062197,0.000025,0.000246,,5222900,,
0,0,,0.874674,0.000656,0.002212,0.05438,0.067747,0.00009,0.00024,,5203500,,
0,0,,0.799823,0.000289,0.002699,0.079712,0.117104,0.000056,0.000318,,7485200,,
0,0,,0.755289,0.000324,0.003899,0.108612,0.131353,0.000088,0.000435,,9788300,,
