statlog-shuttle,Tuned_CWT,test,1,NANOSECONDS,PREDICTIONS, Generated by ClassifierExperiments.java on 2022-05-16 02:11:21.    SYSTEMPROPERTIES:{user.name:matth,os.arch:amd64,os.name:Windows 10},ENDSYSTEMPROPERTIES
No parameter info
0.7858312505386538,2499634900,65738121100,-1,251869152,7,,-1,-1
0,0,,0.812545,0.000532,0.002387,0.104133,0.080148,0.000075,0.00018,,6506900,,
0,0,,0.850139,0.000371,0.002028,0.081139,0.066067,0.000073,0.000183,,5708500,,
0,0,,0.727666,0.000571,0.002114,0.159431,0.109997,0.000176,0.000044,,5793100,,
0,0,,0.811487,0.000512,0.00255,0.103906,0.081267,0.000073,0.000205,,5729100,,
0,0,,0.862214,0.000418,0.001988,0.06944,0.065706,0.000053,0.000181,,5761000,,
0,0,,0.823464,0.000411,0.001902,0.09807,0.075936,0.000094,0.000124,,5815300,,
0,0,,0.817146,0.000581,0.002297,0.099081,0.080654,0.00008,0.000161,,5642600,,
0,0,,0.786049,0.000648,0.00268,0.126212,0.084108,0.000095,0.000207,,5716500,,
0,0,,0.879866,0.000502,0.002216,0.068783,0.048382,0.000044,0.000206,,5792600,,
0,0,,0.702039,0.000736,0.002213,0.170047,0.124729,0.000215,0.00002,,5741900,,
0,0,,0.811359,0.000494,0.002056,0.104775,0.0811,0.000093,0.000124,,5789500,,
0,0,,0.788403,0.00061,0.002341,0.120206,0.08821,0.000096,0.000134,,5568500,,
0,0,,0.867095,0.000647,0.002836,0.085116,0.04393,0.000056,0.00032,,5514300,,
0,0,,0.747696,0.000681,0.00281,0.160194,0.088313,0.000118,0.000187,,5525900,,
0,0,,0.817773,0.001358,0.003283,0.10399,0.073203,0.000041,0.000352,,5516000,,
0,0,,0.83578,0.000676,0.003227,0.104508,0.055419,0.000045,0.000344,,5581300,,
0,0,,0.848768,0.000569,0.002599,0.095914,0.051837,0.00006,0.000253,,5487300,,
0,0,,0.837204,0.000488,0.002355,0.086145,0.073548,0.000055,0.000206,,5637700,,
0,0,,0.673746,0.000681,0.002286,0.187166,0.135889,0.000205,0.000027,,5443600,,
0,0,,0.823289,0.000396,0.002065,0.09807,0.075936,0.000094,0.000151,,5397100,,
0,0,,0.899362,0.000437,0.002211,0.056035,0.041691,0.000026,0.000238,,5463500,,
0,0,,0.802624,0.00052,0.002002,0.107707,0.08692,0.00012,0.000107,,5463000,,
0,0,,0.662949,0.000734,0.002667,0.197673,0.135727,0.000179,0.000072,,6072200,,
0,0,,0.861276,0.000634,0.002689,0.087789,0.047273,0.000048,0.000293,,5521500,,
0,0,,0.786782,0.000616,0.002368,0.120523,0.089481,0.000098,0.000132,,5406800,,
0,0,,0.830708,0.000604,0.002647,0.108223,0.057509,0.000075,0.000234,,6047700,,
0,0,,0.86727,0.000662,0.002673,0.085116,0.04393,0.000056,0.000293,,5644900,,
0,0,,0.662949,0.000734,0.002667,0.197673,0.135727,0.000179,0.000072,,5473900,,
0,0,,0.817948,0.001373,0.003121,0.10399,0.073203,0.000041,0.000325,,5529700,,
0,0,,0.792167,0.000567,0.002521,0.119678,0.084798,0.000093,0.000176,,5457400,,
0,0,,0.682482,0.000655,0.00234,0.184233,0.130068,0.000178,0.000044,,5415500,,
0,0,,0.789285,0.000616,0.002341,0.120433,0.08709,0.000098,0.000136,,5679000,,
0,0,,0.877925,0.000449,0.002433,0.071708,0.047199,0.000039,0.000247,,5465500,,
0,0,,0.83578,0.000676,0.003227,0.104508,0.055419,0.000045,0.000344,,5519000,,
0,0,,0.892595,0.000521,0.002358,0.062029,0.042204,0.000027,0.000265,,5551000,,
0,0,,0.695037,0.000694,0.002461,0.172949,0.128633,0.000156,0.000071,,5498800,,
0,0,,0.839895,0.000585,0.003102,0.107432,0.048601,0.000051,0.000333,,5503100,,
0,0,,0.874973,0.000341,0.001833,0.06315,0.059467,0.000053,0.000183,,5527600,,
0,0,,0.885895,0.000465,0.002122,0.063737,0.047545,0.000039,0.000196,,5484600,,
0,0,,0.893591,0.000531,0.002543,0.063037,0.03997,0.000036,0.000293,,5422300,,
0,0,,0.874973,0.000341,0.001833,0.06315,0.059467,0.000053,0.000183,,5510100,,
0,0,,0.662949,0.000734,0.002667,0.197673,0.135727,0.000179,0.000072,,5478900,,
0,0,,0.800137,0.000583,0.00221,0.111707,0.085145,0.000093,0.000126,,5622900,,
0,0,,0.799711,0.00149,0.003274,0.116593,0.078547,0.00006,0.000325,,5509900,,
0,0,,0.836795,0.00069,0.003016,0.103724,0.055419,0.000045,0.000311,,5400000,,
0,0,,0.677216,0.000733,0.002251,0.173728,0.145838,0.000215,0.00002,,5531400,,
0,0,,0.671561,0.000763,0.002944,0.201081,0.123343,0.000164,0.000143,,5502500,,
0,0,,0.682694,0.000742,0.002212,0.170462,0.143655,0.000213,0.000022,,5483000,,
0,0,,0.682694,0.000742,0.002212,0.170462,0.143655,0.000213,0.000022,,6028700,,
0,0,,0.712268,0.000692,0.002475,0.161093,0.12324,0.000142,0.00009,,5430400,,
0,0,,0.847147,0.000575,0.002625,0.096231,0.053109,0.000062,0.000251,,5938000,,
0,0,,0.787003,0.00057,0.002421,0.121894,0.087867,0.000093,0.000152,,5747000,,
0,0,,0.702039,0.000736,0.002213,0.170047,0.124729,0.000215,0.00002,,5495100,,
0,0,,0.818767,0.000575,0.002271,0.098764,0.079382,0.000078,0.000162,,5544300,,
0,0,,0.820911,0.001299,0.003148,0.100906,0.073367,0.00004,0.000328,,5410600,,
0,0,,0.762128,0.000681,0.002687,0.143656,0.090556,0.000112,0.000181,,5468900,,
0,0,,0.843426,0.000531,0.002238,0.080776,0.072782,0.000058,0.000189,,5526100,,
0,0,,0.665921,0.000733,0.002555,0.193382,0.137182,0.000179,0.000048,,5514100,,
0,0,,0.726699,0.000692,0.002181,0.152059,0.118129,0.000194,0.000046,,5556000,,
0,0,,0.836795,0.00069,0.003016,0.103724,0.055419,0.000045,0.000311,,5425500,,
0,0,,0.877925,0.000449,0.002433,0.071708,0.047199,0.000039,0.000247,,8236200,,
0,0,,0.82376,0.000609,0.002871,0.119424,0.053001,0.000064,0.00027,,5907900,,
0,0,,0.882039,0.000403,0.002151,0.06944,0.045706,0.000053,0.000208,,5536000,,
0,0,,0.792312,0.00061,0.002493,0.11707,0.087254,0.0001,0.000161,,5591000,,
0,0,,0.750613,0.00066,0.002099,0.135571,0.110825,0.000174,0.000057,,5587600,,
0,0,,0.820911,0.001299,0.003148,0.100906,0.073367,0.00004,0.000328,,5516300,,
0,0,,0.682039,0.000736,0.002213,0.170047,0.144729,0.000215,0.00002,,5442500,,
0,0,,0.86727,0.000662,0.002673,0.085116,0.04393,0.000056,0.000293,,5524900,,
0,0,,0.863426,0.000531,0.002238,0.080776,0.052782,0.000058,0.000189,,5627800,,
0,0,,0.866098,0.000637,0.002651,0.084108,0.046165,0.000048,0.000293,,5531200,,
0,0,,0.811359,0.000494,0.002056,0.104775,0.0811,0.000093,0.000124,,5506200,,
0,0,,0.882039,0.000403,0.002151,0.06944,0.045706,0.000053,0.000208,,5475600,,
0,0,,0.799711,0.00149,0.003274,0.116593,0.078547,0.00006,0.000325,,5523700,,
0,0,,0.851429,0.000565,0.002726,0.093787,0.051159,0.000059,0.000274,,5808300,,
0,0,,0.816971,0.000566,0.00246,0.099081,0.080654,0.00008,0.000188,,5907900,,
0,0,,0.833255,0.001218,0.003041,0.105615,0.05651,0.000052,0.000309,,5902300,,
0,0,,0.682694,0.000742,0.002212,0.170462,0.143655,0.000213,0.000022,,5650100,,
0,0,,0.851429,0.000565,0.002726,0.093787,0.051159,0.000059,0.000274,,5448700,,
0,0,,0.786828,0.000556,0.002583,0.121894,0.087867,0.000093,0.000179,,5525500,,
0,0,,0.730647,0.000698,0.002502,0.16141,0.104511,0.000144,0.000088,,5578600,,
0,0,,0.697216,0.000733,0.002251,0.173728,0.125838,0.000215,0.00002,,5549400,,
0,0,,0.69013,0.000566,0.002247,0.179973,0.126853,0.000182,0.000048,,5528500,,
0,0,,0.713619,0.000692,0.002252,0.170156,0.113037,0.000198,0.000046,,5489500,,
0,0,,0.786049,0.000648,0.00268,0.126212,0.084108,0.000095,0.000207,,5512800,,
0,0,,0.861485,0.000478,0.002455,0.083701,0.051599,0.000052,0.000229,,5639000,,
0,0,,0.862214,0.000418,0.001988,0.06944,0.065706,0.000053,0.000181,,5607300,,
0,0,,0.879866,0.000502,0.002216,0.068783,0.048382,0.000044,0.000206,,5893000,,
0,0,,0.830378,0.001149,0.003138,0.10718,0.057789,0.000043,0.000323,,5493300,,
0,0,,0.835955,0.00069,0.003065,0.104508,0.055419,0.000045,0.000317,,5644600,,
0,0,,0.706191,0.000693,0.002563,0.163854,0.12646,0.000146,0.000092,,5610100,,
0,0,,0.837151,0.001183,0.00301,0.104076,0.054218,0.000046,0.000316,,5679000,,
0,0,,0.648301,0.000801,0.003024,0.217984,0.129574,0.000183,0.000134,,5528800,,
0,0,,0.799711,0.00149,0.003274,0.116593,0.078547,0.00006,0.000325,,5426800,,
0,0,,0.74312,0.000659,0.002343,0.152366,0.101294,0.000137,0.00008,,5613700,,
0,0,,0.662733,0.000801,0.0029,0.201446,0.131816,0.000177,0.000128,,5710500,,
0,0,,0.893766,0.000546,0.00238,0.063037,0.03997,0.000036,0.000265,,5567000,,
0,0,,0.799536,0.001475,0.003437,0.116593,0.078547,0.00006,0.000352,,5649400,,
0,0,,0.623641,0.000845,0.003057,0.235972,0.136173,0.000203,0.000108,,6475000,,
0,0,,0.830708,0.000604,0.002647,0.108223,0.057509,0.000075,0.000234,,6698200,,
0,0,,0.867095,0.000647,0.002836,0.085116,0.04393,0.000056,0.00032,,5454000,,
0,0,,0.879866,0.000502,0.002216,0.068783,0.048382,0.000044,0.000206,,5629200,,
0,0,,0.813938,0.001179,0.00316,0.119173,0.062189,0.000057,0.000305,,6035000,,
0,0,,0.86928,0.00048,0.002306,0.075729,0.051945,0.000053,0.000206,,5647900,,
0,0,,0.710868,0.000652,0.002554,0.162782,0.122897,0.000139,0.000107,,5636100,,
0,0,,0.829036,0.001217,0.003083,0.109947,0.056353,0.000043,0.000321,,5654800,,
0,0,,0.86727,0.000662,0.002673,0.085116,0.04393,0.000056,0.000293,,5534400,,
0,0,,0.817001,0.000537,0.002326,0.101689,0.078199,0.000073,0.000176,,5571800,,
0,0,,0.847147,0.000575,0.002625,0.096231,0.053109,0.000062,0.000251,,7640500,,
0,0,,0.623641,0.000845,0.003057,0.235972,0.136173,0.000203,0.000108,,5667200,,
0,0,,0.835955,0.00069,0.003065,0.104508,0.055419,0.000045,0.000317,,7802100,,
0,0,,0.89242,0.000506,0.002521,0.062029,0.042204,0.000027,0.000293,,5575500,,
0,0,,0.885895,0.000465,0.002122,0.063737,0.047545,0.000039,0.000196,,5550200,,
0,0,,0.86166,0.000493,0.002293,0.083701,0.051599,0.000052,0.000202,,5563000,,
0,0,,0.702039,0.000736,0.002213,0.170047,0.124729,0.000215,0.00002,,5501700,,
0,0,,0.671561,0.000763,0.002944,0.201081,0.123343,0.000164,0.000143,,5498100,,
0,0,,0.788403,0.00061,0.002341,0.120206,0.08821,0.000096,0.000134,,5524500,,
0,0,,0.863251,0.000517,0.0024,0.080776,0.052782,0.000058,0.000216,,5523000,,
0,0,,0.84007,0.0006,0.00294,0.107432,0.048601,0.000051,0.000306,,5554700,,
0,0,,0.813944,0.000572,0.002308,0.102445,0.08049,0.000078,0.000162,,5514100,,
0,0,,0.8246,0.000609,0.002822,0.11864,0.053001,0.000064,0.000263,,5524700,,
0,0,,0.863374,0.000697,0.002705,0.086655,0.046222,0.000062,0.000286,,6041400,,
0,0,,0.830203,0.001135,0.0033,0.10718,0.057789,0.000043,0.00035,,5967600,,
0,0,,0.869455,0.000495,0.002144,0.075729,0.051945,0.000053,0.000179,,5710900,,
0,0,,0.623641,0.000845,0.003057,0.235972,0.136173,0.000203,0.000108,,5448800,,
0,0,,0.86727,0.000662,0.002673,0.085116,0.04393,0.000056,0.000293,,5599500,,
0,0,,0.840864,0.000565,0.002963,0.106648,0.048601,0.000051,0.000308,,5960600,,
0,0,,0.89242,0.000506,0.002521,0.062029,0.042204,0.000027,0.000293,,5696500,,
0,0,,0.799711,0.00149,0.003274,0.116593,0.078547,0.00006,0.000325,,5581800,,
0,0,,0.80816,0.000638,0.002844,0.130633,0.057401,0.000078,0.000246,,5616100,,
0,0,,0.738297,0.000656,0.002381,0.156047,0.102403,0.000137,0.00008,,5532300,,
0,0,,0.86727,0.000662,0.002673,0.085116,0.04393,0.000056,0.000293,,5556200,,
0,0,,0.835164,0.000609,0.002586,0.105779,0.055559,0.000073,0.00023,,5609200,,
0,0,,0.787885,0.000576,0.00242,0.122122,0.086748,0.000095,0.000153,,5591500,,
0,0,,0.837151,0.001183,0.00301,0.104076,0.054218,0.000046,0.000316,,5618900,,
0,0,,0.837852,0.000423,0.001827,0.080802,0.078879,0.000088,0.000128,,5519300,,
0,0,,0.835955,0.00069,0.003065,0.104508,0.055419,0.000045,0.000317,,5566800,,
0,0,,0.799711,0.00149,0.003274,0.116593,0.078547,0.00006,0.000325,,5912300,,
0,0,,0.682039,0.000736,0.002213,0.170047,0.144729,0.000215,0.00002,,5592900,,
0,0,,0.789285,0.000616,0.002341,0.120433,0.08709,0.000098,0.000136,,5516500,,
0,0,,0.839895,0.000585,0.003102,0.107432,0.048601,0.000051,0.000333,,5560700,,
0,0,,0.799711,0.00149,0.003274,0.116593,0.078547,0.00006,0.000325,,5580500,,
0,0,,0.837151,0.001183,0.00301,0.104076,0.054218,0.000046,0.000316,,5515500,,
0,0,,0.86727,0.000662,0.002673,0.085116,0.04393,0.000056,0.000293,,5795200,,
0,0,,0.665921,0.000733,0.002555,0.193382,0.137182,0.000179,0.000048,,5504900,,
0,0,,0.74312,0.000659,0.002343,0.152366,0.101294,0.000137,0.00008,,5429900,,
0,0,,0.792167,0.000567,0.002521,0.119678,0.084798,0.000093,0.000176,,5772800,,
0,0,,0.820537,0.00051,0.00235,0.096854,0.079501,0.000069,0.000179,,5528800,,
0,0,,0.866098,0.000637,0.002651,0.084108,0.046165,0.000048,0.000293,,5505800,,
0,0,,0.882748,0.000452,0.002396,0.068028,0.046091,0.000039,0.000247,,6122800,,
0,0,,0.879691,0.000488,0.002378,0.068783,0.048382,0.000044,0.000234,,5825000,,
0,0,,0.67276,0.000728,0.002313,0.176172,0.147787,0.000217,0.000024,,5675100,,
0,0,,0.879866,0.000502,0.002216,0.068783,0.048382,0.000044,0.000206,,5630600,,
0,0,,0.837151,0.001183,0.00301,0.104076,0.054218,0.000046,0.000316,,5533000,,
0,0,,0.799536,0.001475,0.003437,0.116593,0.078547,0.00006,0.000352,,5563600,,
0,0,,0.830378,0.001149,0.003138,0.10718,0.057789,0.000043,0.000323,,5667800,,
0,0,,0.837151,0.001183,0.00301,0.104076,0.054218,0.000046,0.000316,,5466300,,
0,0,,0.843426,0.000531,0.002238,0.080776,0.072782,0.000058,0.000189,,5618800,,
0,0,,0.88572,0.000451,0.002284,0.063737,0.047545,0.000039,0.000223,,5556400,,
0,0,,0.751268,0.000667,0.002098,0.135986,0.10975,0.000172,0.000059,,5561100,,
0,0,,0.883587,0.000452,0.002347,0.067244,0.046091,0.000039,0.00024,,5581300,,
0,0,,0.861631,0.000522,0.002427,0.081093,0.054054,0.00006,0.000214,,5436500,,
0,0,,0.788403,0.00061,0.002341,0.120206,0.08821,0.000096,0.000134,,5987600,,
0,0,,0.877925,0.000449,0.002433,0.071708,0.047199,0.000039,0.000247,,6041400,,
0,0,,0.67276,0.000728,0.002313,0.176172,0.147787,0.000217,0.000024,,5806900,,
0,0,,0.84166,0.000493,0.002293,0.083701,0.071599,0.000052,0.000202,,5795300,,
0,0,,0.830378,0.001149,0.003138,0.10718,0.057789,0.000043,0.000323,,5787800,,
0,0,,0.677216,0.000733,0.002251,0.173728,0.145838,0.000215,0.00002,,5687100,,
0,0,,0.811662,0.000526,0.002388,0.103906,0.081267,0.000073,0.000178,,6107300,,
0,0,,0.690581,0.000688,0.002522,0.175393,0.130582,0.000159,0.000075,,5690000,,
0,0,,0.861806,0.000537,0.002265,0.081093,0.054054,0.00006,0.000187,,5723800,,
0,0,,0.835164,0.000609,0.002586,0.105779,0.055559,0.000073,0.00023,,5695800,,
0,0,,0.816971,0.000566,0.00246,0.099081,0.080654,0.00008,0.000188,,5568100,,
0,0,,0.836976,0.001169,0.003173,0.104076,0.054218,0.000046,0.000343,,5436100,,
0,0,,0.837151,0.001183,0.00301,0.104076,0.054218,0.000046,0.000316,,5647600,,
0,0,,0.836795,0.00069,0.003016,0.103724,0.055419,0.000045,0.000311,,5636300,,
0,0,,0.848593,0.000555,0.002761,0.095914,0.051837,0.00006,0.00028,,6055000,,
0,0,,0.794432,0.000574,0.002247,0.11516,0.087373,0.000091,0.000124,,5701100,,
0,0,,0.824796,0.000539,0.002177,0.093718,0.078545,0.000073,0.000152,,5534300,,
0,0,,0.817146,0.000581,0.002297,0.099081,0.080654,0.00008,0.000161,,5495400,,
0,0,,0.830533,0.000589,0.00281,0.108223,0.057509,0.000075,0.000261,,5594100,,
0,0,,0.851429,0.000565,0.002726,0.093787,0.051159,0.000059,0.000274,,5522300,,
0,0,,0.794257,0.000559,0.00241,0.11516,0.087373,0.000091,0.000151,,5528000,,
0,0,,0.835955,0.00069,0.003065,0.104508,0.055419,0.000045,0.000317,,5517300,,
0,0,,0.706972,0.000687,0.002585,0.164321,0.125189,0.000145,0.000101,,5490200,,
0,0,,0.836976,0.001169,0.003173,0.104076,0.054218,0.000046,0.000343,,5648200,,
0,0,,0.86727,0.000662,0.002673,0.085116,0.04393,0.000056,0.000293,,5550100,,
0,0,,0.662949,0.000734,0.002667,0.197673,0.135727,0.000179,0.000072,,5554200,,
0,0,,0.799711,0.00149,0.003274,0.116593,0.078547,0.00006,0.000325,,5683400,,
0,0,,0.837151,0.001183,0.00301,0.104076,0.054218,0.000046,0.000316,,5503400,,
0,0,,0.702039,0.000736,0.002213,0.170047,0.124729,0.000215,0.00002,,5576800,,
0,0,,0.817896,0.000599,0.002744,0.124444,0.053994,0.00008,0.000242,,5602500,,
0,0,,0.893591,0.000531,0.002543,0.063037,0.03997,0.000036,0.000293,,5559200,,
0,0,,0.834336,0.000569,0.002722,0.112452,0.049594,0.000066,0.00026,,5710500,,
0,0,,0.792312,0.00061,0.002493,0.11707,0.087254,0.0001,0.000161,,5509800,,
0,0,,0.837083,0.000585,0.005602,0.107432,0.048601,0.000051,0.000646,,5640300,,
0,0,,0.861485,0.000478,0.002455,0.083701,0.051599,0.000052,0.000229,,5658500,,
0,0,,0.893766,0.000546,0.00238,0.063037,0.03997,0.000036,0.000265,,5567000,,
0,0,,0.900202,0.000437,0.002163,0.055251,0.041691,0.000026,0.000231,,5534600,,
0,0,,0.792342,0.000581,0.002359,0.119678,0.084798,0.000093,0.000149,,5976200,,
0,0,,0.882748,0.000452,0.002396,0.068028,0.046091,0.000039,0.000247,,5558400,,
0,0,,0.799711,0.00149,0.003274,0.116593,0.078547,0.00006,0.000325,,5908500,,
0,0,,0.702039,0.000736,0.002213,0.170047,0.124729,0.000215,0.00002,,5711400,,
0,0,,0.877925,0.000449,0.002433,0.071708,0.047199,0.000039,0.000247,,5537800,,
0,0,,0.813769,0.000558,0.002471,0.102445,0.08049,0.000078,0.000189,,5509600,,
0,0,,0.882748,0.000452,0.002396,0.068028,0.046091,0.000039,0.000247,,5494600,,
0,0,,0.877925,0.000449,0.002433,0.071708,0.047199,0.000039,0.000247,,5519200,,
0,0,,0.792487,0.000625,0.00233,0.11707,0.087254,0.0001,0.000134,,5620900,,
0,0,,0.799255,0.000577,0.00221,0.111479,0.086264,0.000091,0.000124,,5552700,,
0,0,,0.837151,0.001183,0.00301,0.104076,0.054218,0.000046,0.000316,,5460500,,
0,0,,0.807403,0.000585,0.001964,0.095099,0.09472,0.000126,0.000103,,5760000,,
0,0,,0.836976,0.001169,0.003173,0.104076,0.054218,0.000046,0.000343,,5583200,,
0,0,,0.697216,0.000733,0.002251,0.173728,0.125838,0.000215,0.00002,,5583100,,
0,0,,0.86727,0.000662,0.002673,0.085116,0.04393,0.000056,0.000293,,5626100,,
0,0,,0.89242,0.000506,0.002521,0.062029,0.042204,0.000027,0.000293,,5484200,,
0,0,,0.682039,0.000736,0.002213,0.170047,0.144729,0.000215,0.00002,,5468200,,
0,0,,0.788403,0.00061,0.002341,0.120206,0.08821,0.000096,0.000134,,5558600,,
0,0,,0.728007,0.000705,0.002177,0.152889,0.11598,0.000191,0.00005,,5554800,,
0,0,,0.883762,0.000467,0.002185,0.067244,0.046091,0.000039,0.000213,,5560700,,
0,0,,0.799711,0.00149,0.003274,0.116593,0.078547,0.00006,0.000325,,5597800,,
0,0,,0.878245,0.000507,0.002243,0.0691,0.049654,0.000046,0.000205,,5511100,,
0,0,,0.730647,0.000698,0.002502,0.16141,0.104511,0.000144,0.000088,,5554100,,
0,0,,0.810708,0.000604,0.002647,0.108223,0.077509,0.000075,0.000234,,5579900,,
0,0,,0.899362,0.000437,0.002211,0.056035,0.041691,0.000026,0.000238,,5567400,,
0,0,,0.702039,0.000736,0.002213,0.170047,0.124729,0.000215,0.00002,,5485200,,
0,0,,0.786828,0.000556,0.002583,0.121894,0.087867,0.000093,0.000179,,5949600,,
0,0,,0.879866,0.000502,0.002216,0.068783,0.048382,0.000044,0.000206,,5604800,,
0,0,,0.713619,0.000692,0.002252,0.170156,0.113037,0.000198,0.000046,,6047100,,
0,0,,0.684372,0.000768,0.002847,0.18486,0.126858,0.00016,0.000135,,5700200,,
0,0,,0.846531,0.000651,0.002916,0.097536,0.052012,0.000047,0.000307,,5543500,,
0,0,,0.86727,0.000662,0.002673,0.085116,0.04393,0.000056,0.000293,,5454600,,
0,0,,0.847551,0.000728,0.002899,0.097723,0.05074,0.000048,0.00031,,5568100,,
0,0,,0.663788,0.000734,0.002618,0.196889,0.135727,0.000179,0.000065,,5543900,,
0,0,,0.844349,0.000719,0.00291,0.101087,0.050576,0.000046,0.000312,,5558800,,
0,0,,0.879691,0.000488,0.002378,0.068783,0.048382,0.000044,0.000234,,5591700,,
0,0,,0.837151,0.001183,0.00301,0.104076,0.054218,0.000046,0.000316,,5440900,,
0,0,,0.879866,0.000502,0.002216,0.068783,0.048382,0.000044,0.000206,,5610300,,
0,0,,0.878851,0.000488,0.002427,0.069567,0.048382,0.000044,0.00024,,5517700,,
0,0,,0.836795,0.00069,0.003016,0.103724,0.055419,0.000045,0.000311,,5509400,,
0,0,,0.799711,0.00149,0.003274,0.116593,0.078547,0.00006,0.000325,,5734600,,
0,0,,0.799711,0.00149,0.003274,0.116593,0.078547,0.00006,0.000325,,5417900,,
0,0,,0.86727,0.000662,0.002673,0.085116,0.04393,0.000056,0.000293,,5570000,,
0,0,,0.823289,0.000396,0.002065,0.09807,0.075936,0.000094,0.000151,,5856800,,
0,0,,0.815528,0.000506,0.002093,0.089609,0.092013,0.000117,0.000134,,5506400,,
0,0,,0.88987,0.000581,0.002412,0.064577,0.042261,0.000041,0.000259,,5640200,,
0,0,,0.799711,0.00149,0.003274,0.116593,0.078547,0.00006,0.000325,,5469200,,
0,0,,0.726699,0.000692,0.002181,0.152059,0.118129,0.000194,0.000046,,5490600,,
0,0,,0.830378,0.001149,0.003138,0.10718,0.057789,0.000043,0.000323,,5635800,,
0,0,,0.835955,0.00069,0.003065,0.104508,0.055419,0.000045,0.000317,,5541700,,
0,0,,0.865923,0.000623,0.002813,0.084108,0.046165,0.000048,0.00032,,5524200,,
0,0,,0.89242,0.000506,0.002521,0.062029,0.042204,0.000027,0.000293,,6208000,,
0,0,,0.867095,0.000647,0.002836,0.085116,0.04393,0.000056,0.00032,,5431700,,
0,0,,0.833255,0.001218,0.003041,0.105615,0.05651,0.000052,0.000309,,5906800,,
0,0,,0.830378,0.001149,0.003138,0.10718,0.057789,0.000043,0.000323,,5753200,,
0,0,,0.86727,0.000662,0.002673,0.085116,0.04393,0.000056,0.000293,,5443800,,
0,0,,0.807403,0.000585,0.001964,0.095099,0.09472,0.000126,0.000103,,5490200,,
0,0,,0.747521,0.000666,0.002973,0.160194,0.088313,0.000118,0.000214,,5421000,,
0,0,,0.665921,0.000733,0.002555,0.193382,0.137182,0.000179,0.000048,,5453400,,
0,0,,0.820911,0.001299,0.003148,0.100906,0.073367,0.00004,0.000328,,5487200,,
0,0,,0.811359,0.000494,0.002056,0.104775,0.0811,0.000093,0.000124,,5463100,,
0,0,,0.820911,0.001299,0.003148,0.100906,0.073367,0.00004,0.000328,,5431000,,
0,0,,0.830533,0.000589,0.00281,0.108223,0.057509,0.000075,0.000261,,5435100,,
0,0,,0.787003,0.00057,0.002421,0.121894,0.087867,0.000093,0.000152,,5599000,,
0,0,,0.850314,0.000385,0.001866,0.081139,0.066067,0.000073,0.000156,,5565300,,
0,0,,0.885895,0.000465,0.002122,0.063737,0.047545,0.000039,0.000196,,5839600,,
0,0,,0.664137,0.000733,0.002323,0.191826,0.140745,0.000218,0.00002,,5539900,,
0,0,,0.882039,0.000403,0.002151,0.06944,0.045706,0.000053,0.000208,,5471900,,
0,0,,0.762128,0.000681,0.002687,0.143656,0.090556,0.000112,0.000181,,6022500,,
0,0,,0.830533,0.000589,0.00281,0.108223,0.057509,0.000075,0.000261,,5644300,,
0,0,,0.772355,0.000637,0.002777,0.142206,0.081713,0.000098,0.000214,,5577600,,
0,0,,0.837151,0.001183,0.00301,0.104076,0.054218,0.000046,0.000316,,8570100,,
0,0,,0.694586,0.000571,0.002186,0.177529,0.124904,0.000179,0.000044,,7277800,,
0,0,,0.851604,0.00058,0.002564,0.093787,0.051159,0.000059,0.000247,,5593300,,
0,0,,0.8781,0.000464,0.002271,0.071708,0.047199,0.000039,0.00022,,5530800,,
0,0,,0.843251,0.000517,0.0024,0.080776,0.072782,0.000058,0.000216,,5444100,,
0,0,,0.82376,0.000609,0.002871,0.119424,0.053001,0.000064,0.00027,,5919200,,
0,0,,0.8781,0.000464,0.002271,0.071708,0.047199,0.000039,0.00022,,5587400,,
0,0,,0.830378,0.001149,0.003138,0.10718,0.057789,0.000043,0.000323,,5927700,,
0,0,,0.863251,0.000517,0.0024,0.080776,0.052782,0.000058,0.000216,,5712700,,
0,0,,0.849455,0.000495,0.002144,0.075729,0.071945,0.000053,0.000179,,5491600,,
0,0,,0.835164,0.000609,0.002586,0.105779,0.055559,0.000073,0.00023,,5382700,,
0,0,,0.677216,0.000733,0.002251,0.173728,0.145838,0.000215,0.00002,,5597500,,
0,0,,0.882039,0.000403,0.002151,0.06944,0.045706,0.000053,0.000208,,5459800,,
0,0,,0.792342,0.000581,0.002359,0.119678,0.084798,0.000093,0.000149,,5597200,,
0,0,,0.715037,0.000694,0.002461,0.172949,0.108633,0.000156,0.000071,,5538700,,
0,0,,0.834161,0.000555,0.002885,0.112452,0.049594,0.000066,0.000287,,5392900,,
0,0,,0.671561,0.000763,0.002944,0.201081,0.123343,0.000164,0.000143,,5823900,,
0,0,,0.66929,0.000676,0.002347,0.18961,0.137838,0.000208,0.000031,,5517100,,
0,0,,0.683348,0.000749,0.00221,0.170877,0.14258,0.000212,0.000024,,5487600,,
0,0,,0.712268,0.000692,0.002475,0.161093,0.12324,0.000142,0.00009,,5594700,,
0,0,,0.847147,0.000575,0.002625,0.096231,0.053109,0.000062,0.000251,,5399000,,
0,0,,0.867095,0.000647,0.002836,0.085116,0.04393,0.000056,0.00032,,5474000,,
0,0,,0.879866,0.000502,0.002216,0.068783,0.048382,0.000044,0.000206,,5599200,,
0,0,,0.878245,0.000507,0.002243,0.0691,0.049654,0.000046,0.000205,,5507300,,
0,0,,0.86727,0.000662,0.002673,0.085116,0.04393,0.000056,0.000293,,5494800,,
0,0,,0.682482,0.000655,0.00234,0.184233,0.130068,0.000178,0.000044,,5477900,,
0,0,,0.893766,0.000546,0.00238,0.063037,0.03997,0.000036,0.000265,,5483300,,
0,0,,0.694586,0.000571,0.002186,0.177529,0.124904,0.000179,0.000044,,5553200,,
0,0,,0.710868,0.000652,0.002554,0.162782,0.122897,0.000139,0.000107,,5615400,,
0,0,,0.671561,0.000763,0.002944,0.201081,0.123343,0.000164,0.000143,,5534500,,
0,0,,0.702039,0.000736,0.002213,0.170047,0.124729,0.000215,0.00002,,5428300,,
0,0,,0.702039,0.000736,0.002213,0.170047,0.124729,0.000215,0.00002,,5640100,,
0,0,,0.862214,0.000418,0.001988,0.06944,0.065706,0.000053,0.000181,,5534600,,
0,0,,0.682039,0.000736,0.002213,0.170047,0.144729,0.000215,0.00002,,5992800,,
0,0,,0.8781,0.000464,0.002271,0.071708,0.047199,0.000039,0.00022,,5647000,,
0,0,,0.682039,0.000736,0.002213,0.170047,0.144729,0.000215,0.00002,,5430900,,
0,0,,0.841485,0.000478,0.002455,0.083701,0.071599,0.000052,0.000229,,5593500,,
0,0,,0.823289,0.000396,0.002065,0.09807,0.075936,0.000094,0.000151,,5511300,,
0,0,,0.86727,0.000662,0.002673,0.085116,0.04393,0.000056,0.000293,,5535500,,
0,0,,0.841806,0.000537,0.002265,0.081093,0.074054,0.00006,0.000187,,5514100,,
0,0,,0.697216,0.000733,0.002251,0.173728,0.125838,0.000215,0.00002,,5418400,,
0,0,,0.851429,0.000565,0.002726,0.093787,0.051159,0.000059,0.000274,,5493700,,
0,0,,0.682482,0.000655,0.00234,0.184233,0.130068,0.000178,0.000044,,5843500,,
0,0,,0.862214,0.000418,0.001988,0.06944,0.065706,0.000053,0.000181,,5757000,,
0,0,,0.877925,0.000449,0.002433,0.071708,0.047199,0.000039,0.000247,,6204900,,
0,0,,0.638074,0.000845,0.002933,0.219434,0.138416,0.000197,0.000101,,5530300,,
0,0,,0.879691,0.000488,0.002378,0.068783,0.048382,0.000044,0.000234,,5464300,,
0,0,,0.750613,0.00066,0.002099,0.135571,0.110825,0.000174,0.000057,,5526800,,
0,0,,0.810708,0.000604,0.002647,0.108223,0.077509,0.000075,0.000234,,5625800,,
0,0,,0.837151,0.001183,0.00301,0.104076,0.054218,0.000046,0.000316,,5590900,,
0,0,,0.794432,0.000574,0.002247,0.11516,0.087373,0.000091,0.000124,,5620600,,
0,0,,0.879691,0.000488,0.002378,0.068783,0.048382,0.000044,0.000234,,5455200,,
0,0,,0.816958,0.000531,0.002277,0.100678,0.079318,0.000071,0.000167,,5943700,,
0,0,,0.794323,0.000585,0.002036,0.113197,0.089627,0.00013,0.000103,,6064900,,
0,0,,0.86727,0.000662,0.002673,0.085116,0.04393,0.000056,0.000293,,5758800,,
0,0,,0.799711,0.00149,0.003274,0.116593,0.078547,0.00006,0.000325,,5790800,,
0,0,,0.836018,0.00045,0.002023,0.086786,0.0745,0.000073,0.00015,,5803400,,
0,0,,0.843251,0.000517,0.0024,0.080776,0.072782,0.000058,0.000216,,5669500,,
0,0,,0.752325,0.000527,0.002081,0.141442,0.103397,0.000156,0.000071,,6438700,,
0,0,,0.834336,0.000569,0.002722,0.112452,0.049594,0.000066,0.00026,,6044800,,
0,0,,0.830708,0.000604,0.002647,0.108223,0.057509,0.000075,0.000234,,5566500,,
0,0,,0.663788,0.000734,0.002618,0.196889,0.135727,0.000179,0.000065,,5540100,,
0,0,,0.687387,0.000736,0.002581,0.178313,0.130741,0.000163,0.000079,,5613200,,
0,0,,0.811691,0.00057,0.002049,0.094673,0.09076,0.000126,0.00013,,5490900,,
0,0,,0.823585,0.000594,0.003034,0.119424,0.053001,0.000064,0.000297,,5626800,,
0,0,,0.799711,0.00149,0.003274,0.116593,0.078547,0.00006,0.000325,,5562300,,
0,0,,0.820537,0.00051,0.00235,0.096854,0.079501,0.000069,0.000179,,5533300,,
0,0,,0.66282,0.00084,0.002287,0.179367,0.154442,0.000239,0.000004,,5625600,,
0,0,,0.702039,0.000736,0.002213,0.170047,0.124729,0.000215,0.00002,,5390500,,
0,0,,0.761214,0.000678,0.002876,0.1442,0.090708,0.000116,0.000208,,5554000,,
0,0,,0.882039,0.000403,0.002151,0.06944,0.045706,0.000053,0.000208,,5566100,,
0,0,,0.83578,0.000676,0.003227,0.104508,0.055419,0.000045,0.000344,,5542700,,
0,0,,0.678026,0.000649,0.002401,0.186677,0.132018,0.00018,0.000048,,5545100,,
0,0,,0.682039,0.000736,0.002213,0.170047,0.144729,0.000215,0.00002,,5492200,,
0,0,,0.69013,0.000566,0.002247,0.179973,0.126853,0.000182,0.000048,,5550100,,
0,0,,0.638074,0.000845,0.002933,0.219434,0.138416,0.000197,0.000101,,5577900,,
0,0,,0.882748,0.000452,0.002396,0.068028,0.046091,0.000039,0.000247,,5625200,,
0,0,,0.684372,0.000768,0.002847,0.18486,0.126858,0.00016,0.000135,,5529300,,
0,0,,0.885895,0.000465,0.002122,0.063737,0.047545,0.000039,0.000196,,5456700,,
0,0,,0.760507,0.000686,0.002713,0.143973,0.091828,0.000114,0.000179,,5577700,,
0,0,,0.879866,0.000502,0.002216,0.068783,0.048382,0.000044,0.000206,,5548600,,
0,0,,0.851429,0.000565,0.002726,0.093787,0.051159,0.000059,0.000274,,5563200,,
0,0,,0.893434,0.000521,0.002309,0.061246,0.042204,0.000027,0.000259,,6188300,,
0,0,,0.893434,0.000521,0.002309,0.061246,0.042204,0.000027,0.000259,,5559800,,
0,0,,0.840864,0.000565,0.002963,0.106648,0.048601,0.000051,0.000308,,6042700,,
0,0,,0.848768,0.000569,0.002599,0.095914,0.051837,0.00006,0.000253,,5697900,,
0,0,,0.882923,0.000467,0.002233,0.068028,0.046091,0.000039,0.00022,,5890600,,
0,0,,0.787003,0.00057,0.002421,0.121894,0.087867,0.000093,0.000152,,5639500,,
0,0,,0.697216,0.000733,0.002251,0.173728,0.125838,0.000215,0.00002,,5543000,,
0,0,,0.677216,0.000733,0.002251,0.173728,0.145838,0.000215,0.00002,,5450000,,
0,0,,0.74312,0.000659,0.002343,0.152366,0.101294,0.000137,0.00008,,5611300,,
0,0,,0.830378,0.001149,0.003138,0.10718,0.057789,0.000043,0.000323,,5564700,,
0,0,,0.677216,0.000733,0.002251,0.173728,0.145838,0.000215,0.00002,,5519600,,
0,0,,0.8781,0.000464,0.002271,0.071708,0.047199,0.000039,0.00022,,5661600,,
0,0,,0.677216,0.000733,0.002251,0.173728,0.145838,0.000215,0.00002,,5472000,,
0,0,,0.752325,0.000527,0.002081,0.141442,0.103397,0.000156,0.000071,,5565500,,
0,0,,0.678026,0.000649,0.002401,0.186677,0.132018,0.00018,0.000048,,5560900,,
0,0,,0.899362,0.000437,0.002211,0.056035,0.041691,0.000026,0.000238,,5499300,,
0,0,,0.792487,0.000625,0.00233,0.11707,0.087254,0.0001,0.000134,,5628600,,
0,0,,0.663788,0.000734,0.002618,0.196889,0.135727,0.000179,0.000065,,5441600,,
0,0,,0.86727,0.000662,0.002673,0.085116,0.04393,0.000056,0.000293,,5561000,,
0,0,,0.712268,0.000692,0.002475,0.161093,0.12324,0.000142,0.00009,,5605300,,
0,0,,0.786828,0.000556,0.002583,0.121894,0.087867,0.000093,0.000179,,5564300,,
0,0,,0.726699,0.000692,0.002181,0.152059,0.118129,0.000194,0.000046,,5512800,,
0,0,,0.702039,0.000736,0.002213,0.170047,0.124729,0.000215,0.00002,,7314500,,
0,0,,0.866098,0.000637,0.002651,0.084108,0.046165,0.000048,0.000293,,5561600,,
0,0,,0.847147,0.000575,0.002625,0.096231,0.053109,0.000062,0.000251,,5551100,,
0,0,,0.843251,0.000517,0.0024,0.080776,0.072782,0.000058,0.000216,,6052300,,
0,0,,0.823464,0.000411,0.001902,0.09807,0.075936,0.000094,0.000124,,5529500,,
0,0,,0.750401,0.000573,0.002227,0.149342,0.097238,0.000139,0.00008,,6057700,,
0,0,,0.835955,0.00069,0.003065,0.104508,0.055419,0.000045,0.000317,,6160100,,
0,0,,0.762128,0.000681,0.002687,0.143656,0.090556,0.000112,0.000181,,5485600,,
0,0,,0.79908,0.000562,0.002372,0.111479,0.086264,0.000091,0.000151,,5515700,,
0,0,,0.694586,0.000571,0.002186,0.177529,0.124904,0.000179,0.000044,,5546900,,
0,0,,0.726699,0.000692,0.002181,0.152059,0.118129,0.000194,0.000046,,5549400,,
0,0,,0.682482,0.000655,0.00234,0.184233,0.130068,0.000178,0.000044,,5648200,,
0,0,,0.694586,0.000571,0.002186,0.177529,0.124904,0.000179,0.000044,,5497100,,
0,0,,0.84166,0.000493,0.002293,0.083701,0.071599,0.000052,0.000202,,5465800,,
0,0,,0.702039,0.000736,0.002213,0.170047,0.124729,0.000215,0.00002,,5807500,,
0,0,,0.836976,0.001169,0.003173,0.104076,0.054218,0.000046,0.000343,,5551400,,
0,0,,0.694586,0.000571,0.002186,0.177529,0.124904,0.000179,0.000044,,5535900,,
0,0,,0.807227,0.00057,0.002126,0.095099,0.09472,0.000126,0.00013,,5517600,,
0,0,,0.811691,0.00057,0.002049,0.094673,0.09076,0.000126,0.00013,,5456200,,
0,0,,0.866098,0.000637,0.002651,0.084108,0.046165,0.000048,0.000293,,5669700,,
0,0,,0.811662,0.000526,0.002388,0.103906,0.081267,0.000073,0.000178,,5557300,,
0,0,,0.659892,0.000769,0.002649,0.198428,0.138019,0.000184,0.000059,,5523400,,
0,0,,0.833255,0.001218,0.003041,0.105615,0.05651,0.000052,0.000309,,5674100,,
0,0,,0.851429,0.000565,0.002726,0.093787,0.051159,0.000059,0.000274,,5431400,,
0,0,,0.8781,0.000464,0.002271,0.071708,0.047199,0.000039,0.00022,,5594000,,
0,0,,0.848768,0.000569,0.002599,0.095914,0.051837,0.00006,0.000253,,5609700,,
0,0,,0.697216,0.000733,0.002251,0.173728,0.125838,0.000215,0.00002,,5536700,,
0,0,,0.702039,0.000736,0.002213,0.170047,0.124729,0.000215,0.00002,,5570800,,
0,0,,0.677216,0.000733,0.002251,0.173728,0.145838,0.000215,0.00002,,5906400,,
0,0,,0.86727,0.000662,0.002673,0.085116,0.04393,0.000056,0.000293,,5551700,,
0,0,,0.878245,0.000507,0.002243,0.0691,0.049654,0.000046,0.000205,,5982900,,
0,0,,0.683348,0.000749,0.00221,0.170877,0.14258,0.000212,0.000024,,5647000,,
0,0,,0.832329,0.000599,0.002621,0.107906,0.056237,0.000074,0.000236,,5566400,,
0,0,,0.86166,0.000493,0.002293,0.083701,0.051599,0.000052,0.000202,,5447600,,
0,0,,0.710647,0.000698,0.002502,0.16141,0.124511,0.000144,0.000088,,5519400,,
0,0,,0.837151,0.001183,0.00301,0.104076,0.054218,0.000046,0.000316,,5555700,,
0,0,,0.799536,0.001475,0.003437,0.116593,0.078547,0.00006,0.000352,,5617600,,
0,0,,0.836976,0.001169,0.003173,0.104076,0.054218,0.000046,0.000343,,5442900,,
0,0,,0.867095,0.000647,0.002836,0.085116,0.04393,0.000056,0.00032,,5431200,,
0,0,,0.799711,0.00149,0.003274,0.116593,0.078547,0.00006,0.000325,,5563000,,
0,0,,0.82376,0.000609,0.002871,0.119424,0.053001,0.000064,0.00027,,5579500,,
0,0,,0.86166,0.000493,0.002293,0.083701,0.051599,0.000052,0.000202,,5487600,,
0,0,,0.787003,0.00057,0.002421,0.121894,0.087867,0.000093,0.000152,,5550200,,
0,0,,0.893434,0.000521,0.002309,0.061246,0.042204,0.000027,0.000259,,5444400,,
0,0,,0.837555,0.000462,0.002021,0.087428,0.072306,0.000073,0.000154,,5564400,,
0,0,,0.835955,0.00069,0.003065,0.104508,0.055419,0.000045,0.000317,,5593900,,
0,0,,0.828861,0.001203,0.003246,0.109947,0.056353,0.000043,0.000348,,5493300,,
0,0,,0.799711,0.00149,0.003274,0.116593,0.078547,0.00006,0.000325,,5590800,,
0,0,,0.799536,0.001475,0.003437,0.116593,0.078547,0.00006,0.000352,,5381200,,
0,0,,0.66282,0.00084,0.002287,0.179367,0.154442,0.000239,0.000004,,5529300,,
0,0,,0.837151,0.001183,0.00301,0.104076,0.054218,0.000046,0.000316,,5565800,,
0,0,,0.851604,0.00058,0.002564,0.093787,0.051159,0.000059,0.000247,,5552200,,
0,0,,0.863374,0.000697,0.002705,0.086655,0.046222,0.000062,0.000286,,5492200,,
0,0,,0.843251,0.000517,0.0024,0.080776,0.072782,0.000058,0.000216,,5935600,,
0,0,,0.794432,0.000574,0.002247,0.11516,0.087373,0.000091,0.000124,,5576000,,
0,0,,0.836018,0.00045,0.002023,0.086786,0.0745,0.000073,0.00015,,5863900,,
0,0,,0.86928,0.00048,0.002306,0.075729,0.051945,0.000053,0.000206,,5631900,,
0,0,,0.739246,0.000527,0.002153,0.15954,0.098304,0.000159,0.000071,,5497200,,
0,0,,0.867095,0.000647,0.002836,0.085116,0.04393,0.000056,0.00032,,5426800,,
0,0,,0.879691,0.000488,0.002378,0.068783,0.048382,0.000044,0.000234,,5610400,,
0,0,,0.786782,0.000616,0.002368,0.120523,0.089481,0.000098,0.000132,,5510700,,
0,0,,0.861806,0.000537,0.002265,0.081093,0.054054,0.00006,0.000187,,5555100,,
0,0,,0.833255,0.001218,0.003041,0.105615,0.05651,0.000052,0.000309,,5590200,,
0,0,,0.84166,0.000493,0.002293,0.083701,0.071599,0.000052,0.000202,,5711500,,
0,0,,0.834989,0.000595,0.002748,0.105779,0.055559,0.000073,0.000257,,5541700,,
0,0,,0.837151,0.001183,0.00301,0.104076,0.054218,0.000046,0.000316,,5549400,,
0,0,,0.882214,0.000418,0.001988,0.06944,0.045706,0.000053,0.000181,,5495200,,
0,0,,0.811487,0.000512,0.00255,0.103906,0.081267,0.000073,0.000205,,5564600,,
0,0,,0.818554,0.001353,0.003305,0.104457,0.071931,0.000039,0.00036,,5419200,,
0,0,,0.893766,0.000546,0.00238,0.063037,0.03997,0.000036,0.000265,,5437300,,
0,0,,0.893434,0.000521,0.002309,0.061246,0.042204,0.000027,0.000259,,5656500,,
0,0,,0.713619,0.000692,0.002252,0.170156,0.113037,0.000198,0.000046,,5468300,,
0,0,,0.847376,0.000713,0.003062,0.097723,0.05074,0.000048,0.000337,,5822000,,
0,0,,0.848593,0.000555,0.002761,0.095914,0.051837,0.00006,0.00028,,5633500,,
0,0,,0.832154,0.000584,0.002783,0.107906,0.056237,0.000074,0.000263,,5477600,,
0,0,,0.694586,0.000571,0.002186,0.177529,0.124904,0.000179,0.000044,,5765400,,
0,0,,0.861485,0.000478,0.002455,0.083701,0.051599,0.000052,0.000229,,5538900,,
0,0,,0.892595,0.000521,0.002358,0.062029,0.042204,0.000027,0.000265,,5461900,,
0,0,,0.788228,0.000596,0.002504,0.120206,0.08821,0.000096,0.000161,,5565600,,
0,0,,0.707141,0.00061,0.002307,0.166245,0.123469,0.000158,0.000071,,5450800,,
0,0,,0.86727,0.000662,0.002673,0.085116,0.04393,0.000056,0.000293,,5542100,,
0,0,,0.83578,0.000676,0.003227,0.104508,0.055419,0.000045,0.000344,,6031600,,
0,0,,0.817001,0.000537,0.002326,0.101689,0.078199,0.000073,0.000176,,5551400,,
0,0,,0.8425,0.000493,0.002244,0.082917,0.071599,0.000052,0.000196,,5538300,,
0,0,,0.785874,0.000634,0.002843,0.126212,0.084108,0.000095,0.000234,,5408000,,
0,0,,0.86727,0.000662,0.002673,0.085116,0.04393,0.000056,0.000293,,5538700,,
0,0,,0.749959,0.000654,0.002101,0.135156,0.111899,0.000175,0.000055,,5517200,,
0,0,,0.879866,0.000502,0.002216,0.068783,0.048382,0.000044,0.000206,,5492700,,
0,0,,0.751268,0.000667,0.002098,0.135986,0.10975,0.000172,0.000059,,5490800,,
0,0,,0.830378,0.001149,0.003138,0.10718,0.057789,0.000043,0.000323,,5438700,,
0,0,,0.86727,0.000662,0.002673,0.085116,0.04393,0.000056,0.000293,,5766500,,
0,0,,0.711708,0.000652,0.002505,0.161998,0.122897,0.000139,0.000101,,5507300,,
0,0,,0.86727,0.000662,0.002673,0.085116,0.04393,0.000056,0.000293,,5520300,,
0,0,,0.820712,0.000524,0.002188,0.096854,0.079501,0.000069,0.000152,,5459100,,
0,0,,0.638074,0.000845,0.002933,0.219434,0.138416,0.000197,0.000101,,5469300,,
0,0,,0.792312,0.00061,0.002493,0.11707,0.087254,0.0001,0.000161,,5610000,,
0,0,,0.847551,0.000728,0.002899,0.097723,0.05074,0.000048,0.00031,,5533800,,
0,0,,0.82376,0.000609,0.002871,0.119424,0.053001,0.000064,0.00027,,5507500,,
0,0,,0.817146,0.000581,0.002297,0.099081,0.080654,0.00008,0.000161,,5454600,,
0,0,,0.837151,0.001183,0.00301,0.104076,0.054218,0.000046,0.000316,,5450100,,
0,0,,0.786049,0.000648,0.00268,0.126212,0.084108,0.000095,0.000207,,5507200,,
0,0,,0.824796,0.000539,0.002177,0.093718,0.078545,0.000073,0.000152,,5489700,,
0,0,,0.799711,0.00149,0.003274,0.116593,0.078547,0.00006,0.000325,,5502700,,
0,0,,0.702039,0.000736,0.002213,0.170047,0.124729,0.000215,0.00002,,5413000,,
0,0,,0.8781,0.000464,0.002271,0.071708,0.047199,0.000039,0.00022,,5612000,,
0,0,,0.835955,0.00069,0.003065,0.104508,0.055419,0.000045,0.000317,,5549300,,
0,0,,0.849455,0.000495,0.002144,0.075729,0.071945,0.000053,0.000179,,5946000,,
0,0,,0.850314,0.000385,0.001866,0.081139,0.066067,0.000073,0.000156,,5579500,,
0,0,,0.861276,0.000634,0.002689,0.087789,0.047273,0.000048,0.000293,,5536200,,
0,0,,0.714586,0.000571,0.002186,0.177529,0.104904,0.000179,0.000044,,6003400,,
0,0,,0.747521,0.000666,0.002973,0.160194,0.088313,0.000118,0.000214,,5847300,,
0,0,,0.87807,0.000493,0.002405,0.0691,0.049654,0.000046,0.000232,,5786700,,
0,0,,0.799711,0.00149,0.003274,0.116593,0.078547,0.00006,0.000325,,5756600,,
0,0,,0.830203,0.001135,0.0033,0.10718,0.057789,0.000043,0.00035,,5855100,,
0,0,,0.89242,0.000506,0.002521,0.062029,0.042204,0.000027,0.000293,,6081400,,
0,0,,0.87807,0.000493,0.002405,0.0691,0.049654,0.000046,0.000232,,5875900,,
0,0,,0.695037,0.000694,0.002461,0.172949,0.128633,0.000156,0.000071,,5898000,,
0,0,,0.88572,0.000451,0.002284,0.063737,0.047545,0.000039,0.000223,,5633100,,
0,0,,0.799711,0.00149,0.003274,0.116593,0.078547,0.00006,0.000325,,5663600,,
0,0,,0.882748,0.000452,0.002396,0.068028,0.046091,0.000039,0.000247,,5513100,,
0,0,,0.893766,0.000546,0.00238,0.063037,0.03997,0.000036,0.000265,,5588300,,
0,0,,0.678026,0.000649,0.002401,0.186677,0.132018,0.00018,0.000048,,5493000,,
0,0,,0.865923,0.000623,0.002813,0.084108,0.046165,0.000048,0.00032,,5540400,,
0,0,,0.885895,0.000465,0.002122,0.063737,0.047545,0.000039,0.000196,,5595900,,
0,0,,0.87807,0.000493,0.002405,0.0691,0.049654,0.000046,0.000232,,5494400,,
0,0,,0.84091,0.0006,0.002891,0.106648,0.048601,0.000051,0.0003,,5441100,,
0,0,,0.682694,0.000742,0.002212,0.170462,0.143655,0.000213,0.000022,,5499200,,
0,0,,0.799711,0.00149,0.003274,0.116593,0.078547,0.00006,0.000325,,5524700,,
0,0,,0.786782,0.000616,0.002368,0.120523,0.089481,0.000098,0.000132,,5524300,,
0,0,,0.810708,0.000604,0.002647,0.108223,0.077509,0.000075,0.000234,,5665900,,
0,0,,0.893259,0.000506,0.002472,0.061246,0.042204,0.000027,0.000286,,5530400,,
0,0,,0.736879,0.000654,0.002173,0.153254,0.106807,0.000179,0.000055,,5900700,,
0,0,,0.738842,0.000726,0.00291,0.16661,0.090601,0.000118,0.000193,,5618700,,
0,0,,0.841485,0.000478,0.002455,0.083701,0.071599,0.000052,0.000229,,5523400,,
0,0,,0.813938,0.001179,0.00316,0.119173,0.062189,0.000057,0.000305,,5536100,,
