chess-krvk,CWE,test,2,NANOSECONDS,PREDICTIONS, Generated by ClassifierExperiments.java on 2022-05-16 23:14:03.    SYSTEMPROPERTIES:{user.name:matth,os.arch:amd64,os.name:Windows 10},ENDSYSTEMPROPERTIES
No parameter info
0.250711743772242,710720400,16185559600,-1,112802504,18,,-1,-1
0,6,,0.109118,0.032184,0.085378,0.124404,0.008335,0.004184,0.221401,0.03264,0.001745,0.013395,0.014325,0.029588,0.048391,0.157115,0.001746,0.107881,0.007454,0.000715,,3211400,,
0,13,,0.105089,0.048962,0.103242,0.0411,0.010067,0.006341,0.145243,0.058979,0.005355,0.022909,0.019954,0.00446,0.07154,0.202172,0.001639,0.142655,0.009245,0.001048,,2841300,,
0,2,,0.086823,0.121019,0.150625,0.012096,0.026946,0.018285,0.044008,0.147413,0.003254,0.070374,0.036923,0.001574,0.117144,0.050184,0.009578,0.091889,0.010724,0.001142,,2839900,,
0,15,,0.093614,0.056978,0.118423,0.055546,0.019524,0.004609,0.114881,0.068509,0.00393,0.027403,0.022557,0.003761,0.091122,0.126094,0.004888,0.168365,0.018183,0.001613,,2853600,,
0,6,,0.115518,0.019368,0.064009,0.187381,0.004177,0.000965,0.237097,0.022359,0.000751,0.007495,0.004145,0.064181,0.042495,0.146325,0.000213,0.081472,0.001878,0.000171,,2836500,,
0,6,,0.108257,0.037103,0.074094,0.136079,0.014593,0.005498,0.203342,0.041219,0.000703,0.016028,0.018164,0.030296,0.051229,0.146594,0.001302,0.112947,0.002315,0.000237,,2840000,,
0,13,,0.110873,0.051846,0.11006,0.038984,0.016152,0.009521,0.125959,0.056971,0.003057,0.025769,0.026289,0.005448,0.078366,0.183777,0.001794,0.149662,0.004731,0.000743,,2853700,,
0,15,,0.092532,0.071648,0.139053,0.02288,0.023042,0.00454,0.068204,0.099256,0.004071,0.036369,0.02895,0.001481,0.09247,0.115378,0.005082,0.174917,0.018965,0.001162,,2841300,,
0,6,,0.102147,0.040065,0.089359,0.134035,0.006984,0.000939,0.19942,0.066627,0.000195,0.015515,0.013361,0.021265,0.058552,0.143089,0.000184,0.10628,0.001811,0.000172,,2834600,,
0,6,,0.106601,0.034316,0.094483,0.10642,0.019526,0.006927,0.207378,0.04317,0.002505,0.014344,0.012543,0.013812,0.058364,0.156178,0.00536,0.106054,0.011181,0.000837,,2870300,,
0,6,,0.098139,0.023415,0.079201,0.163687,0.004537,0.001072,0.227351,0.027428,0.000252,0.008637,0.007871,0.068741,0.04729,0.142356,0.000177,0.097955,0.001727,0.000165,,2831400,,
0,13,,0.100471,0.04307,0.102756,0.063805,0.00989,0.005988,0.140314,0.075282,0.002908,0.02303,0.01911,0.008045,0.069183,0.195045,0.000922,0.135611,0.003926,0.000644,,2833400,,
0,6,,0.106169,0.039965,0.084041,0.116056,0.017887,0.006165,0.221027,0.040505,0.001054,0.015688,0.02166,0.015354,0.049641,0.146627,0.001567,0.108514,0.007459,0.000622,,2844400,,
0,13,,0.102957,0.043787,0.105615,0.040272,0.021438,0.012396,0.142781,0.053861,0.005019,0.019983,0.019225,0.001799,0.07341,0.198375,0.005811,0.140098,0.012073,0.001099,,2829500,,
0,13,,0.10496,0.04206,0.103568,0.043142,0.020304,0.012958,0.134246,0.052709,0.005239,0.019736,0.018898,0.002894,0.07119,0.201988,0.005819,0.147706,0.011481,0.001101,,2880800,,
0,6,,0.093416,0.052518,0.093183,0.073661,0.012091,0.003542,0.19655,0.062152,0.002501,0.030963,0.01308,0.011853,0.056496,0.160356,0.001163,0.127609,0.008013,0.000853,,2863000,,
0,15,,0.10093,0.065643,0.132577,0.02148,0.039377,0.013694,0.069823,0.0775,0.003338,0.034431,0.038391,0.00101,0.093882,0.109051,0.009679,0.170173,0.017973,0.001048,,2829200,,
0,6,,0.115581,0.036403,0.087788,0.103951,0.006287,0.001341,0.22315,0.041231,0.002231,0.011996,0.010761,0.017505,0.055985,0.16761,0.000798,0.107937,0.008564,0.000881,,2860100,,
0,13,,0.107229,0.042302,0.087822,0.078889,0.010642,0.007371,0.170632,0.047232,0.003099,0.019493,0.018283,0.015455,0.064506,0.194315,0.001125,0.127433,0.003556,0.000614,,2835600,,
0,13,,0.094692,0.044161,0.103762,0.034493,0.008891,0.006089,0.156851,0.05301,0.004533,0.01858,0.016008,0.002612,0.077231,0.204959,0.001509,0.16213,0.009395,0.001093,,2909600,,
0,13,,0.105652,0.052102,0.114154,0.02278,0.015568,0.009858,0.124478,0.063519,0.003048,0.0251,0.025377,0.001104,0.086213,0.18495,0.001738,0.158781,0.004869,0.000709,,2866700,,
0,13,,0.086677,0.048154,0.133254,0.017688,0.025977,0.017946,0.105549,0.06318,0.006724,0.034388,0.030955,0.000489,0.092417,0.16115,0.006114,0.152021,0.015257,0.002061,,2856500,,
0,7,,0.104091,0.132212,0.135803,0.024743,0.017378,0.007801,0.074828,0.149907,0.000564,0.046543,0.027632,0.003488,0.114817,0.073477,0.001771,0.083258,0.001569,0.000119,,2856000,,
0,13,,0.104205,0.042369,0.091123,0.057517,0.009285,0.006291,0.17286,0.046513,0.005542,0.01631,0.013522,0.003692,0.065002,0.20868,0.001701,0.14137,0.012708,0.00131,,2830000,,
0,13,,0.096989,0.063552,0.116984,0.030143,0.019606,0.009336,0.112495,0.080297,0.002962,0.03265,0.031371,0.00207,0.082387,0.170139,0.001793,0.141732,0.004753,0.000742,,2851900,,
0,6,,0.093428,0.042338,0.088356,0.105799,0.015816,0.006083,0.223108,0.040702,0.000452,0.016718,0.024703,0.019749,0.056989,0.147043,0.001343,0.114654,0.002487,0.000231,,2875400,,
0,7,,0.103499,0.130178,0.137035,0.021526,0.017989,0.00989,0.067676,0.148446,0.000697,0.052293,0.030527,0.004623,0.112711,0.069084,0.001994,0.090639,0.001081,0.000112,,2856500,,
0,13,,0.109447,0.041484,0.095681,0.065407,0.009091,0.007407,0.163721,0.050657,0.003099,0.020674,0.018728,0.011281,0.066308,0.193535,0.001125,0.138185,0.003556,0.000614,,2865500,,
0,6,,0.106963,0.026145,0.067638,0.17037,0.005329,0.000985,0.254318,0.039809,0.000836,0.008081,0.009362,0.027922,0.053144,0.145081,0.000498,0.078079,0.005063,0.000377,,2832500,,
0,7,,0.106023,0.131501,0.134597,0.022052,0.016992,0.00937,0.069654,0.147431,0.000339,0.054395,0.031713,0.003919,0.107389,0.070704,0.00217,0.090638,0.001,0.000113,,2871600,,
0,13,,0.098753,0.059926,0.116224,0.03119,0.019337,0.009539,0.108717,0.080772,0.003057,0.034062,0.031238,0.00216,0.077665,0.177985,0.001794,0.142107,0.004731,0.000743,,2844200,,
0,6,,0.106239,0.042694,0.091466,0.126624,0.016206,0.005983,0.200722,0.044393,0.000522,0.016853,0.023299,0.027677,0.063379,0.127201,0.001192,0.102623,0.002656,0.00027,,2885700,,
0,6,,0.100687,0.020711,0.073845,0.192821,0.004151,0.001305,0.227568,0.021751,0.000174,0.007891,0.009489,0.065216,0.03765,0.148262,0.000185,0.086551,0.001628,0.000115,,2839000,,
0,6,,0.119999,0.034184,0.071435,0.158507,0.009194,0.000966,0.240518,0.037507,0.002406,0.009751,0.00661,0.018047,0.048837,0.135768,0.001601,0.088517,0.015163,0.00099,,2841700,,
0,6,,0.116666,0.023946,0.076006,0.167814,0.004769,0.001281,0.220844,0.026144,0.000353,0.007315,0.009965,0.065216,0.043152,0.149959,0.000213,0.084309,0.001878,0.000171,,2846100,,
0,13,,0.102673,0.04106,0.101357,0.048704,0.011987,0.007655,0.15477,0.045754,0.004472,0.018711,0.020016,0.008572,0.064868,0.208551,0.002102,0.148814,0.008969,0.000965,,2838400,,
0,13,,0.094381,0.049589,0.091188,0.066732,0.015773,0.009416,0.168878,0.052734,0.003604,0.01912,0.022344,0.006706,0.068293,0.186071,0.001777,0.133062,0.009261,0.001073,,2858400,,
0,6,,0.092226,0.038524,0.101655,0.126082,0.019002,0.00715,0.185713,0.048586,0.004699,0.025835,0.013065,0.018562,0.071706,0.114772,0.00311,0.112202,0.014496,0.002612,,2859000,,
0,6,,0.105242,0.042054,0.088833,0.106091,0.00953,0.001346,0.201813,0.070777,0.000373,0.01891,0.021773,0.015176,0.061764,0.150225,0.000433,0.103932,0.001564,0.000164,,2857000,,
0,6,,0.116057,0.021167,0.057288,0.185744,0.003771,0.001187,0.241217,0.026605,0.000965,0.005782,0.005556,0.036226,0.040397,0.166836,0.000227,0.086148,0.004444,0.000384,,2853600,,
0,15,,0.101572,0.072851,0.135239,0.020626,0.028066,0.01065,0.073696,0.079016,0.002608,0.039493,0.037079,0.004467,0.092649,0.102431,0.005677,0.179739,0.01342,0.000721,,2854800,,
0,13,,0.113038,0.044462,0.10168,0.059553,0.009404,0.006379,0.16359,0.057743,0.003178,0.022947,0.017153,0.006426,0.071039,0.187823,0.000913,0.130207,0.003852,0.000614,,2873200,,
0,13,,0.102271,0.048985,0.112995,0.020924,0.028222,0.016339,0.122008,0.056244,0.003699,0.024438,0.028421,0.000074,0.07496,0.193386,0.005312,0.152733,0.007952,0.001037,,2859200,,
0,6,,0.088409,0.043622,0.100025,0.07395,0.020201,0.006504,0.181313,0.049665,0.007204,0.026153,0.014787,0.011552,0.0682,0.146752,0.002952,0.134441,0.01971,0.004561,,2857100,,
0,6,,0.094347,0.040432,0.088509,0.096804,0.019798,0.007602,0.191378,0.048938,0.005345,0.029124,0.013385,0.012272,0.072715,0.142384,0.00257,0.116375,0.015447,0.002573,,2857400,,
0,15,,0.090545,0.067114,0.122153,0.048332,0.027779,0.008465,0.095225,0.076508,0.003222,0.031923,0.031623,0.007331,0.091526,0.107936,0.005289,0.169894,0.014412,0.000721,,2852900,,
0,6,,0.098406,0.022495,0.082077,0.128564,0.017843,0.007608,0.233564,0.038987,0.000559,0.011111,0.011989,0.020134,0.05407,0.157899,0.004217,0.104997,0.005315,0.000165,,2847000,,
0,13,,0.094288,0.04042,0.090137,0.069993,0.008479,0.005877,0.174048,0.048985,0.004956,0.018153,0.012618,0.007983,0.072485,0.203252,0.001557,0.136391,0.009284,0.001095,,2882900,,
0,6,,0.102345,0.042829,0.088477,0.080393,0.0259,0.01756,0.199086,0.044293,0.001298,0.025413,0.024586,0.010075,0.054024,0.150591,0.007489,0.119839,0.00554,0.000263,,2872400,,
0,6,,0.108096,0.031491,0.077965,0.157776,0.005563,0.000986,0.233806,0.038751,0.002217,0.011862,0.004971,0.02754,0.056192,0.136997,0.000835,0.095774,0.008294,0.000883,,2865300,,
0,6,,0.114243,0.044062,0.09184,0.092545,0.016381,0.006048,0.209103,0.045518,0.000647,0.017278,0.023073,0.017505,0.059706,0.150086,0.001161,0.10777,0.002764,0.000268,,2849700,,
0,13,,0.093052,0.060916,0.118886,0.025699,0.01878,0.009607,0.116081,0.081294,0.002852,0.030916,0.030374,0.001868,0.083488,0.172848,0.001793,0.145997,0.004839,0.00071,,2854700,,
0,13,,0.091697,0.056557,0.114622,0.016784,0.027692,0.016096,0.101357,0.068155,0.00903,0.040335,0.029999,0,0.091397,0.161968,0.004507,0.150473,0.016525,0.002805,,2852700,,
0,6,,0.118688,0.036118,0.087708,0.099187,0.019992,0.009746,0.224772,0.039545,0.000754,0.01982,0.018671,0.015236,0.046346,0.138255,0.004338,0.116519,0.004055,0.000251,,2898900,,
0,13,,0.091629,0.048249,0.111039,0.032099,0.02091,0.011878,0.12091,0.062144,0.010649,0.032798,0.021937,0.001833,0.081675,0.177871,0.004451,0.147407,0.019312,0.003209,,2853600,,
0,15,,0.106644,0.062031,0.129544,0.032538,0.023657,0.00678,0.091512,0.070152,0.003578,0.030934,0.026648,0.00289,0.089859,0.116016,0.006257,0.181922,0.018008,0.001029,,2831600,,
0,13,,0.110548,0.03436,0.088335,0.083153,0.008702,0.006272,0.171351,0.053546,0.003691,0.017075,0.014256,0.01208,0.065492,0.196644,0.000913,0.12913,0.003838,0.000614,,2845800,,
0,13,,0.094821,0.052632,0.100789,0.045768,0.016617,0.009597,0.150358,0.053703,0.003022,0.025881,0.027136,0.007089,0.074102,0.189065,0.001789,0.142255,0.004663,0.000713,,2847400,,
0,13,,0.093174,0.055047,0.114266,0.031262,0.010602,0.00592,0.130707,0.075112,0.004381,0.024986,0.01975,0.001868,0.077903,0.189686,0.001536,0.153084,0.009572,0.001143,,2864200,,
0,6,,0.10918,0.041994,0.086088,0.105213,0.017261,0.00593,0.219463,0.044893,0.001216,0.019514,0.019886,0.015725,0.055793,0.14691,0.001614,0.106591,0.0025,0.00023,,2864000,,
0,6,,0.098809,0.022696,0.059173,0.182275,0.004039,0.00099,0.260354,0.034426,0.000599,0.00809,0.00583,0.031262,0.043987,0.149059,0.000231,0.096222,0.001792,0.000165,,2836800,,
0,6,,0.097133,0.050585,0.09952,0.085697,0.010102,0.003529,0.19104,0.060331,0.00169,0.023484,0.015611,0.013389,0.052193,0.156458,0.001913,0.129227,0.007429,0.000669,,2848300,,
0,13,,0.103728,0.050103,0.11278,0.025058,0.028555,0.016538,0.119381,0.059713,0.003696,0.025194,0.028419,0.000606,0.075313,0.18963,0.005484,0.146915,0.008178,0.000709,,2836800,,
0,13,,0.108958,0.035892,0.088532,0.077231,0.008409,0.006258,0.174621,0.052089,0.003628,0.016579,0.01337,0.009521,0.066462,0.204883,0.000955,0.128105,0.003894,0.000614,,2849100,,
0,13,,0.092875,0.053127,0.118169,0.025334,0.026987,0.01506,0.107756,0.066782,0.009264,0.036086,0.030563,0.001833,0.084147,0.163799,0.005108,0.144579,0.01568,0.002851,,2927300,,
0,6,,0.118082,0.026618,0.077064,0.13898,0.004863,0.001296,0.236802,0.036216,0.000371,0.008076,0.010252,0.027844,0.050467,0.162995,0.000123,0.097838,0.001942,0.000171,,2852900,,
0,6,,0.106557,0.042023,0.078504,0.15509,0.01467,0.005189,0.227918,0.041759,0.000868,0.012303,0.018742,0.025891,0.055053,0.119751,0.001306,0.086298,0.00745,0.00063,,2843800,,
0,6,,0.108392,0.036707,0.075754,0.133025,0.014432,0.005698,0.210513,0.038504,0.000864,0.01629,0.016942,0.027659,0.05277,0.150769,0.001349,0.107912,0.002182,0.000237,,2843900,,
0,13,,0.111168,0.042676,0.0911,0.067606,0.008058,0.00716,0.168905,0.054892,0.002868,0.022043,0.019504,0.008991,0.06548,0.190314,0.001234,0.133947,0.003439,0.000614,,2865300,,
0,13,,0.104884,0.038524,0.086035,0.091723,0.008324,0.005726,0.174512,0.050851,0.002814,0.015469,0.016737,0.015414,0.072194,0.185972,0.000921,0.125341,0.003914,0.000644,,2898900,,
0,6,,0.10068,0.017393,0.061461,0.211325,0.003559,0.000989,0.244463,0.019391,0.000349,0.008023,0.00382,0.064181,0.036691,0.143169,0.000185,0.082577,0.001628,0.000115,,2871900,,
0,6,,0.106179,0.037578,0.088266,0.10695,0.018964,0.006955,0.211769,0.038742,0.002668,0.017862,0.012592,0.011094,0.053401,0.160675,0.006033,0.109229,0.010207,0.000837,,2847900,,
0,7,,0.092919,0.132206,0.131708,0.018867,0.025674,0.018861,0.060376,0.142674,0.000538,0.044976,0.032168,0.002207,0.106,0.090929,0.007931,0.087638,0.004262,0.000066,,2855500,,
0,15,,0.098563,0.063515,0.115076,0.043926,0.0206,0.00608,0.106694,0.07342,0.00512,0.034441,0.024493,0.006612,0.083827,0.123061,0.005571,0.170062,0.01785,0.001091,,2863600,,
0,15,,0.086792,0.071758,0.144671,0.010121,0.041306,0.013232,0.057301,0.091186,0.006537,0.046064,0.040871,0.000417,0.108177,0.074883,0.007857,0.170974,0.024931,0.002921,,2843400,,
0,15,,0.091798,0.067465,0.12276,0.050849,0.029099,0.009196,0.103823,0.07031,0.003512,0.030049,0.030774,0.005709,0.086708,0.103817,0.005338,0.166309,0.021106,0.001378,,2900300,,
0,6,,0.087952,0.03524,0.098534,0.095553,0.018825,0.012897,0.199562,0.055373,0.005994,0.027405,0.015557,0.014912,0.076665,0.131829,0.002477,0.103454,0.014899,0.002872,,2866100,,
0,6,,0.110747,0.028204,0.076227,0.10944,0.018449,0.008059,0.22654,0.037776,0.000883,0.013142,0.012425,0.012447,0.051525,0.181455,0.004657,0.102913,0.00494,0.000171,,2859400,,
0,15,,0.10476,0.063329,0.127249,0.030784,0.020902,0.004633,0.085369,0.075998,0.004071,0.028608,0.024814,0.004769,0.095234,0.119034,0.005082,0.185238,0.018965,0.001162,,2867200,,
0,6,,0.091847,0.051754,0.114513,0.082463,0.028973,0.011323,0.163046,0.053329,0.004979,0.03311,0.025551,0.01092,0.075455,0.103958,0.004859,0.125803,0.015406,0.002711,,2849500,,
0,15,,0.090592,0.062459,0.125785,0.048163,0.027884,0.009027,0.100924,0.072547,0.002968,0.030017,0.031132,0.003471,0.087596,0.110492,0.00512,0.1701,0.018892,0.002832,,2923500,,
0,13,,0.102522,0.042689,0.092784,0.052021,0.00874,0.006103,0.164525,0.051686,0.004934,0.018181,0.013629,0.003996,0.074274,0.204892,0.001701,0.146888,0.009339,0.001097,,2905800,,
0,13,,0.12207,0.048293,0.108588,0.026975,0.021894,0.009836,0.139272,0.054882,0.003253,0.020746,0.021761,0.000473,0.065489,0.192835,0.002447,0.150281,0.010176,0.000729,,2869900,,
0,13,,0.098426,0.046491,0.104429,0.063679,0.01011,0.005786,0.144395,0.074815,0.002814,0.021668,0.019227,0.007016,0.073936,0.186535,0.000921,0.135193,0.003914,0.000644,,2834600,,
0,13,,0.104863,0.050778,0.104968,0.050009,0.016489,0.009488,0.135582,0.055834,0.003184,0.024486,0.026395,0.011084,0.075252,0.182996,0.001728,0.141535,0.004587,0.000742,,2845500,,
0,7,,0.08945,0.135802,0.137357,0.013985,0.023356,0.009436,0.051387,0.172818,0.00045,0.063734,0.032044,0.002023,0.107761,0.068495,0.002056,0.08869,0.001077,0.00008,,2871800,,
0,6,,0.111838,0.028595,0.069488,0.178368,0.004777,0.000906,0.235698,0.039714,0.000195,0.00851,0.010649,0.036463,0.055229,0.131777,0.000184,0.085627,0.001811,0.000172,,2921900,,
0,13,,0.107135,0.049089,0.103623,0.038335,0.010139,0.007429,0.14393,0.051259,0.004893,0.025228,0.019511,0.004623,0.074332,0.197279,0.001885,0.151495,0.008719,0.001096,,2858900,,
0,7,,0.103061,0.132597,0.139357,0.028511,0.016871,0.007571,0.069172,0.149737,0.000308,0.047833,0.027386,0.004335,0.116202,0.066811,0.001868,0.086673,0.001586,0.00012,,2862200,,
0,6,,0.109223,0.02566,0.077031,0.176017,0.004747,0.001279,0.225753,0.035262,0.000247,0.007757,0.010488,0.038657,0.054839,0.139022,0.000138,0.09189,0.001817,0.000172,,2879400,,
0,6,,0.117109,0.024309,0.071881,0.181082,0.00613,0.003263,0.214654,0.020637,0.000036,0.01184,0.012585,0.091745,0.037033,0.126364,0.001074,0.079157,0.001029,0.000072,,2892500,,
0,6,,0.112118,0.022591,0.073797,0.160127,0.006393,0.004161,0.233003,0.028274,0.000083,0.010395,0.01369,0.040662,0.044247,0.151447,0.000905,0.096918,0.001118,0.000072,,2896600,,
0,6,,0.086104,0.047333,0.118624,0.069556,0.027946,0.015179,0.162564,0.047854,0.003572,0.035935,0.028016,0.012125,0.073718,0.115955,0.007098,0.132181,0.01446,0.001778,,2863800,,
0,6,,0.10562,0.037734,0.081345,0.142076,0.015008,0.005552,0.218631,0.042803,0.000625,0.015803,0.018365,0.025031,0.054603,0.12691,0.001302,0.105694,0.002659,0.000238,,2829600,,
0,13,,0.109912,0.052123,0.096355,0.041399,0.022884,0.009758,0.147994,0.054447,0.003926,0.022564,0.023963,0.002322,0.064647,0.199018,0.002075,0.135665,0.010246,0.000701,,2844000,,
0,6,,0.098238,0.035137,0.076358,0.130158,0.005696,0.001032,0.243349,0.038303,0.00169,0.014888,0.011332,0.016723,0.047079,0.16487,0.000792,0.105404,0.008082,0.000868,,2865600,,
0,13,,0.108937,0.035731,0.087117,0.090454,0.008098,0.005929,0.17085,0.047859,0.002908,0.015988,0.016557,0.017467,0.066655,0.189122,0.000922,0.130837,0.003926,0.000644,,2937800,,
0,6,,0.116493,0.020668,0.06286,0.148413,0.004177,0.000965,0.262339,0.033499,0.000751,0.008092,0.004982,0.022376,0.049146,0.170941,0.000213,0.092036,0.001878,0.000171,,2838300,,
0,6,,0.106748,0.0465,0.089447,0.096503,0.018761,0.008578,0.211207,0.043344,0.000801,0.02431,0.026599,0.020824,0.052911,0.14404,0.001615,0.105325,0.00226,0.00023,,2829200,,
0,6,,0.114999,0.04234,0.089385,0.096418,0.008277,0.003439,0.213174,0.041119,0.002637,0.02166,0.012904,0.017779,0.05726,0.152136,0.001169,0.116635,0.007815,0.000855,,2872000,,
0,15,,0.097581,0.067444,0.12466,0.050624,0.027574,0.008496,0.091068,0.076426,0.003073,0.032882,0.030987,0.007902,0.094922,0.102469,0.005385,0.163528,0.014252,0.000728,,2853300,,
0,7,,0.103406,0.131916,0.128293,0.030218,0.018991,0.009034,0.079427,0.147409,0.000339,0.052927,0.03121,0.007137,0.10163,0.073077,0.00217,0.081707,0.001,0.000113,,2871100,,
0,13,,0.088029,0.046831,0.115826,0.024626,0.021282,0.012209,0.128641,0.063906,0.0095,0.031113,0.021039,0.000417,0.088906,0.168738,0.003583,0.15207,0.019105,0.004178,,2880800,,
0,6,,0.104765,0.043125,0.081175,0.116612,0.010998,0.003278,0.201249,0.066091,0.000461,0.025531,0.013253,0.019627,0.054959,0.153445,0.00053,0.103452,0.001285,0.000164,,2849400,,
0,13,,0.103238,0.048621,0.100708,0.044469,0.015591,0.009772,0.150475,0.056704,0.003611,0.022106,0.022505,0.003996,0.075521,0.189589,0.001734,0.145919,0.004733,0.000709,,2830800,,
0,13,,0.095192,0.04452,0.104366,0.031152,0.018453,0.01752,0.139834,0.051705,0.005223,0.02285,0.018961,0.000425,0.069989,0.202035,0.006293,0.158883,0.010622,0.001977,,2830000,,
0,6,,0.088698,0.050179,0.104271,0.046541,0.030317,0.011151,0.177426,0.053736,0.005476,0.033865,0.02568,0.003721,0.078831,0.132292,0.003011,0.13536,0.016181,0.003265,,2839900,,
0,13,,0.09776,0.033327,0.09356,0.075446,0.007618,0.006023,0.180856,0.045073,0.002654,0.015152,0.016784,0.008219,0.06462,0.21167,0.000875,0.135834,0.003909,0.00062,,2862700,,
0,6,,0.095238,0.036199,0.078234,0.116113,0.005906,0.001355,0.237382,0.037488,0.002346,0.012255,0.01183,0.019749,0.050988,0.165588,0.000894,0.119489,0.008139,0.000808,,2829400,,
0,6,,0.111951,0.021241,0.080133,0.161955,0.00655,0.003749,0.220032,0.021644,0.000082,0.012675,0.009629,0.071981,0.041209,0.140286,0.001066,0.094633,0.001114,0.000072,,2838500,,
0,7,,0.09611,0.12224,0.146804,0.018933,0.015356,0.007932,0.078894,0.148483,0.000132,0.045436,0.026344,0.001104,0.114362,0.076967,0.00176,0.097568,0.001288,0.000287,,2855300,,
0,13,,0.102957,0.043787,0.105615,0.040272,0.021438,0.012396,0.142781,0.053861,0.005019,0.019983,0.019225,0.001799,0.07341,0.198375,0.005811,0.140098,0.012073,0.001099,,2875100,,
0,6,,0.113341,0.040782,0.081999,0.112344,0.017857,0.005997,0.215578,0.048356,0.001405,0.020143,0.020052,0.01909,0.056232,0.138993,0.001457,0.103624,0.002488,0.000262,,2916800,,
0,6,,0.11579,0.031639,0.088562,0.149009,0.006561,0.001221,0.209485,0.033132,0.000413,0.016073,0.010564,0.06216,0.047703,0.136846,0.000433,0.088385,0.00186,0.000164,,2855100,,
0,6,,0.115973,0.029659,0.083744,0.152335,0.004828,0.000686,0.2349,0.045469,0.000195,0.01018,0.008877,0.02598,0.055255,0.135259,0.000184,0.094493,0.001811,0.000172,,2861500,,
0,6,,0.095429,0.036854,0.087759,0.125374,0.006456,0.001187,0.209677,0.062576,0.000131,0.014834,0.013097,0.019758,0.059192,0.153838,0.000184,0.111462,0.002021,0.000172,,2844800,,
0,6,,0.09188,0.039279,0.095587,0.10911,0.01858,0.012783,0.182866,0.055459,0.005898,0.031407,0.015822,0.017335,0.074822,0.131141,0.003013,0.09717,0.015508,0.002341,,2834100,,
0,13,,0.102999,0.046648,0.110625,0.031529,0.026538,0.015819,0.127637,0.053861,0.003695,0.023069,0.027724,0.00101,0.073486,0.191126,0.005628,0.15054,0.007032,0.001031,,2881500,,
0,15,,0.101634,0.067421,0.124933,0.053885,0.028885,0.00913,0.086176,0.072357,0.003572,0.030108,0.030717,0.009815,0.086484,0.104641,0.005383,0.162862,0.020613,0.001385,,2872300,,
0,15,,0.1066,0.06716,0.138018,0.025535,0.030425,0.011001,0.075102,0.074101,0.00216,0.036017,0.035681,0.00289,0.095329,0.100633,0.006516,0.178611,0.013483,0.000739,,2845400,,
0,6,,0.084369,0.034689,0.088839,0.1384,0.006545,0.001324,0.204064,0.045199,0.000252,0.01446,0.012249,0.06199,0.052739,0.142905,0.000177,0.109905,0.001727,0.000165,,2848500,,
0,6,,0.1136,0.036422,0.086872,0.104669,0.008393,0.003307,0.226012,0.037366,0.00169,0.018266,0.011698,0.016721,0.051451,0.154021,0.001913,0.119502,0.007429,0.000669,,2839200,,
0,13,,0.107284,0.028407,0.081588,0.095966,0.008497,0.007739,0.180836,0.040215,0.002738,0.017388,0.015102,0.018701,0.062087,0.198715,0.001353,0.129041,0.003765,0.000577,,2883100,,
0,13,,0.104808,0.034898,0.080657,0.090326,0.008857,0.008322,0.185565,0.048276,0.003623,0.015782,0.013412,0.012088,0.059801,0.204175,0.001163,0.122184,0.005235,0.000827,,2902400,,
0,13,,0.103815,0.038627,0.080085,0.089804,0.007766,0.006513,0.184035,0.051942,0.003194,0.019917,0.014207,0.013408,0.060707,0.196809,0.001246,0.123587,0.003724,0.000614,,2849000,,
0,15,,0.092219,0.070166,0.140415,0.019598,0.027926,0.008514,0.079825,0.080129,0.002479,0.033888,0.033557,0.002612,0.10023,0.103832,0.005294,0.184252,0.014344,0.000721,,2846000,,
0,7,,0.10508,0.136264,0.143389,0.019803,0.018312,0.008404,0.061561,0.154971,0.000731,0.053574,0.031441,0.001447,0.113466,0.064762,0.001832,0.083401,0.001449,0.000112,,2858100,,
0,15,,0.116923,0.069951,0.125095,0.028983,0.033826,0.008533,0.095281,0.070398,0.004104,0.030992,0.031734,0.001005,0.082825,0.108529,0.007042,0.162048,0.021821,0.00091,,2860900,,
0,15,,0.089888,0.073344,0.140629,0.009781,0.051393,0.014805,0.046794,0.099355,0.009151,0.047394,0.045931,0.000064,0.102167,0.07882,0.009716,0.152974,0.025441,0.002354,,2891400,,
0,6,,0.106885,0.03723,0.08996,0.104978,0.005788,0.000957,0.225739,0.044001,0.001913,0.012971,0.009339,0.016914,0.061612,0.151449,0.000833,0.119838,0.008711,0.000881,,2830400,,
0,6,,0.109803,0.0393,0.077551,0.11245,0.015703,0.005954,0.234156,0.037025,0.000954,0.012955,0.018868,0.014417,0.046984,0.156947,0.00127,0.10753,0.007503,0.000629,,2853700,,
0,6,,0.097396,0.039415,0.088829,0.099441,0.009054,0.001473,0.211973,0.068473,0.000413,0.017731,0.021495,0.013423,0.061512,0.158629,0.000433,0.108287,0.00186,0.000164,,2875000,,
0,6,,0.123124,0.035425,0.064824,0.111267,0.008461,0.000983,0.262359,0.030322,0.003045,0.011888,0.006805,0.008505,0.042267,0.171339,0.002001,0.101658,0.014739,0.000987,,2868100,,
0,13,,0.111278,0.038729,0.091571,0.072317,0.00963,0.006343,0.169701,0.057429,0.003178,0.020732,0.018939,0.01049,0.070978,0.190266,0.000913,0.123039,0.003852,0.000614,,2853900,,
0,6,,0.100284,0.058474,0.103252,0.089817,0.019391,0.005412,0.173368,0.070134,0.000344,0.027116,0.028351,0.013162,0.06615,0.124162,0.001305,0.116325,0.002685,0.00027,,2916200,,
0,13,,0.10129,0.049144,0.105618,0.030055,0.024676,0.015516,0.134341,0.053402,0.005628,0.024594,0.02041,0.000137,0.070633,0.204119,0.00688,0.141299,0.011211,0.001048,,2865500,,
0,15,,0.091219,0.062922,0.135534,0.013641,0.037671,0.017611,0.067747,0.074664,0.002791,0.032696,0.038297,0.000563,0.095497,0.122266,0.011966,0.176234,0.017825,0.000856,,2849100,,
0,13,,0.088029,0.046831,0.115826,0.024626,0.021282,0.012209,0.128641,0.063906,0.0095,0.031113,0.021039,0.000417,0.088906,0.168738,0.003583,0.15207,0.019105,0.004178,,2830700,,
0,15,,0.103969,0.064351,0.131184,0.018854,0.020669,0.004751,0.083867,0.080465,0.004062,0.030102,0.025149,0.001104,0.103389,0.117091,0.005003,0.185211,0.019619,0.00116,,2846500,,
0,6,,0.108756,0.041857,0.085205,0.109102,0.017353,0.005843,0.213364,0.046914,0.001054,0.019416,0.021329,0.017562,0.053588,0.142266,0.001567,0.11208,0.002515,0.00023,,2876100,,
0,13,,0.093728,0.040893,0.089053,0.063166,0.008449,0.006073,0.17243,0.048916,0.005253,0.018015,0.013152,0.00711,0.068707,0.207764,0.001597,0.145522,0.009124,0.001049,,2857400,,
0,6,,0.098238,0.035137,0.076358,0.130158,0.005696,0.001032,0.243349,0.038303,0.00169,0.014888,0.011332,0.016723,0.047079,0.16487,0.000792,0.105404,0.008082,0.000868,,2851300,,
0,13,,0.099326,0.042341,0.088656,0.070326,0.008847,0.005961,0.167774,0.053221,0.004503,0.017791,0.013521,0.008456,0.072887,0.196927,0.001762,0.137536,0.009065,0.001099,,2842600,,
0,13,,0.102804,0.040649,0.090608,0.067023,0.008342,0.005982,0.158792,0.049128,0.005201,0.017856,0.013329,0.010006,0.068915,0.202782,0.001625,0.14689,0.008967,0.001101,,2852400,,
0,13,,0.107643,0.054541,0.109619,0.034344,0.016624,0.009889,0.13615,0.059573,0.003284,0.024707,0.026187,0.003488,0.077731,0.185846,0.001673,0.143204,0.004757,0.00074,,2848600,,
0,15,,0.102301,0.061369,0.122112,0.039657,0.020639,0.004733,0.10614,0.072044,0.004996,0.028729,0.022521,0.003775,0.094333,0.121506,0.005091,0.169687,0.01925,0.001116,,2891100,,
0,6,,0.105363,0.033105,0.082736,0.114396,0.00886,0.003697,0.226132,0.032637,0.002097,0.014389,0.014615,0.024598,0.044106,0.166593,0.001735,0.116846,0.007424,0.000669,,2868100,,
0,15,,0.103969,0.064351,0.131184,0.018854,0.020669,0.004751,0.083867,0.080465,0.004062,0.030102,0.025149,0.001104,0.103389,0.117091,0.005003,0.185211,0.019619,0.00116,,2842600,,
0,13,,0.110177,0.060003,0.115808,0.027512,0.018335,0.010098,0.122968,0.060952,0.003343,0.032805,0.028385,0.001788,0.078492,0.18133,0.001801,0.140803,0.00469,0.000712,,2851400,,
0,6,,0.086104,0.047333,0.118624,0.069556,0.027946,0.015179,0.162564,0.047854,0.003572,0.035935,0.028016,0.012125,0.073718,0.115955,0.007098,0.132181,0.01446,0.001778,,2833400,,
0,6,,0.120728,0.033516,0.066983,0.147896,0.009677,0.000966,0.229394,0.034407,0.002514,0.00892,0.00662,0.024676,0.041898,0.155195,0.001596,0.098899,0.015125,0.00099,,2861000,,
0,13,,0.104224,0.046139,0.115615,0.030794,0.017914,0.012325,0.137159,0.052332,0.002695,0.024328,0.026276,0.00265,0.075845,0.188628,0.002531,0.155441,0.004461,0.000643,,2863200,,
0,13,,0.105953,0.053615,0.108647,0.030442,0.010183,0.006392,0.142281,0.058847,0.005034,0.024746,0.017737,0.001338,0.07451,0.198347,0.001551,0.149633,0.009651,0.001092,,2846000,,
0,6,,0.106712,0.036303,0.075757,0.129077,0.008088,0.001302,0.235184,0.036845,0.003167,0.011735,0.009049,0.015354,0.046394,0.163505,0.001334,0.107488,0.011683,0.00102,,2864300,,
0,6,,0.081655,0.049248,0.099214,0.07724,0.007958,0.001347,0.205122,0.061761,0.002036,0.019871,0.01386,0.010067,0.060371,0.159357,0.000805,0.140787,0.008449,0.000852,,2840200,,
0,15,,0.091219,0.062922,0.135534,0.013641,0.037671,0.017611,0.067747,0.074664,0.002791,0.032696,0.038297,0.000563,0.095497,0.122266,0.011966,0.176234,0.017825,0.000856,,2909700,,
0,6,,0.106179,0.037578,0.088266,0.10695,0.018964,0.006955,0.211769,0.038742,0.002668,0.017862,0.012592,0.011094,0.053401,0.160675,0.006033,0.109229,0.010207,0.000837,,2856000,,
0,6,,0.110528,0.038989,0.078798,0.109065,0.015745,0.006033,0.240436,0.034306,0.001107,0.013243,0.017331,0.012749,0.04986,0.161562,0.001318,0.100839,0.007463,0.000629,,2882500,,
0,13,,0.104219,0.048051,0.097812,0.06505,0.016159,0.009853,0.147069,0.0509,0.003643,0.019522,0.022482,0.011004,0.066172,0.187856,0.001789,0.138311,0.009005,0.001103,,2838800,,
0,6,,0.107831,0.03855,0.089472,0.111963,0.017878,0.009553,0.207731,0.03679,0.000342,0.018135,0.025931,0.029588,0.05355,0.139556,0.00215,0.108968,0.001842,0.000169,,2869700,,
0,13,,0.093644,0.06428,0.122419,0.017566,0.019064,0.009876,0.101764,0.078075,0.003048,0.031374,0.030468,0.000062,0.089038,0.180924,0.001738,0.151082,0.004869,0.000709,,2885500,,
0,6,,0.110772,0.037226,0.069941,0.130396,0.006983,0.003343,0.239636,0.041268,0.003038,0.0191,0.006852,0.025762,0.050689,0.150184,0.001169,0.094972,0.007815,0.000855,,2920800,,
0,13,,0.092086,0.056086,0.123642,0.02023,0.020722,0.012313,0.113522,0.074029,0.002695,0.030163,0.031116,0.001435,0.077484,0.183366,0.002531,0.153475,0.004461,0.000643,,2845700,,
0,13,,0.106251,0.044829,0.103729,0.027886,0.008595,0.00614,0.141226,0.058018,0.00464,0.019782,0.016459,0.001104,0.083371,0.201367,0.001475,0.164221,0.009765,0.001141,,2842700,,
0,7,,0.105101,0.122525,0.133202,0.035548,0.020192,0.010677,0.080328,0.139466,0.000132,0.046187,0.032389,0.009567,0.101763,0.074562,0.002979,0.084122,0.001163,0.000098,,2868400,,
0,13,,0.10331,0.044601,0.0882,0.058294,0.009171,0.007333,0.169246,0.052448,0.005294,0.022798,0.014543,0.008198,0.068984,0.203225,0.001885,0.132657,0.008719,0.001096,,2840600,,
0,15,,0.101572,0.072851,0.135239,0.020626,0.028066,0.01065,0.073696,0.079016,0.002608,0.039493,0.037079,0.004467,0.092649,0.102431,0.005677,0.179739,0.01342,0.000721,,2834700,,
0,6,,0.100842,0.033792,0.098816,0.105783,0.005832,0.001068,0.22549,0.040155,0.001745,0.013315,0.008988,0.010438,0.05927,0.161103,0.000748,0.123686,0.007902,0.001025,,2932200,,
0,15,,0.100608,0.072621,0.139502,0.024067,0.027655,0.008289,0.074812,0.082572,0.002344,0.034422,0.033616,0.004132,0.100162,0.099478,0.005341,0.175108,0.014545,0.000728,,2854100,,
0,13,,0.102928,0.043049,0.095496,0.057028,0.010076,0.006468,0.163625,0.048942,0.006347,0.016836,0.014072,0.003535,0.063624,0.210832,0.001639,0.141444,0.012799,0.001261,,2866700,,
0,13,,0.108449,0.043117,0.102703,0.058515,0.009023,0.006369,0.168243,0.056598,0.003171,0.022094,0.016922,0.005099,0.070249,0.19153,0.000913,0.132335,0.004057,0.000614,,2851300,,
0,13,,0.09188,0.051071,0.108445,0.040906,0.016473,0.009939,0.1463,0.055236,0.003052,0.02361,0.027573,0.006168,0.076977,0.189824,0.001833,0.145445,0.004588,0.000681,,2830600,,
0,13,,0.098631,0.051967,0.108389,0.047215,0.016429,0.009814,0.137716,0.057924,0.003057,0.023237,0.027532,0.007763,0.079188,0.183874,0.001837,0.14017,0.004546,0.00071,,2919800,,
0,13,,0.105052,0.047189,0.093101,0.062726,0.015571,0.009425,0.144133,0.053761,0.003539,0.023234,0.020622,0.012233,0.075288,0.187661,0.001728,0.139405,0.004587,0.000742,,2850900,,
0,6,,0.106701,0.045092,0.09422,0.071754,0.032652,0.014055,0.199265,0.04466,0.00134,0.024999,0.026875,0.006214,0.057568,0.153436,0.007744,0.107964,0.005199,0.000263,,2869000,,
0,15,,0.098934,0.068297,0.139526,0.023463,0.027131,0.008067,0.077927,0.079122,0.00216,0.036472,0.035398,0.001104,0.098069,0.10444,0.005076,0.179844,0.013784,0.001186,,2834200,,
0,13,,0.123208,0.049439,0.093104,0.06022,0.019161,0.009332,0.141932,0.047357,0.005031,0.021017,0.02197,0.006647,0.060237,0.189911,0.003241,0.138254,0.009174,0.000764,,2849900,,
0,13,,0.108937,0.035731,0.087117,0.090454,0.008098,0.005929,0.17085,0.047859,0.002908,0.015988,0.016557,0.017467,0.066655,0.189122,0.000922,0.130837,0.003926,0.000644,,2864200,,
0,6,,0.11882,0.023424,0.071555,0.178292,0.006172,0.001131,0.20716,0.030324,0.000934,0.010716,0.006967,0.076705,0.040901,0.140384,0.000387,0.084314,0.00165,0.000164,,2904400,,
0,13,,0.106196,0.042737,0.095205,0.054032,0.011166,0.00734,0.160899,0.046124,0.004113,0.020019,0.020472,0.009567,0.062929,0.207622,0.002281,0.139308,0.009025,0.000965,,2853200,,
0,6,,0.107415,0.029948,0.086732,0.113067,0.022671,0.009395,0.2187,0.044112,0.000912,0.013826,0.013126,0.01739,0.059272,0.159176,0.005099,0.094453,0.004544,0.000164,,2858600,,
0,15,,0.106937,0.071024,0.136264,0.027828,0.02805,0.008329,0.064859,0.082712,0.002602,0.035348,0.034189,0.00624,0.101079,0.100455,0.005273,0.17383,0.014222,0.000759,,2850600,,
0,6,,0.101323,0.023831,0.066563,0.167643,0.004297,0.001009,0.258428,0.036654,0.000036,0.010302,0.010755,0.025475,0.047377,0.152072,0.000142,0.092338,0.00153,0.000224,,2871600,,
0,6,,0.113969,0.049668,0.0795,0.103997,0.018568,0.008306,0.215859,0.044489,0.000609,0.025979,0.02642,0.024194,0.051592,0.133496,0.001684,0.099315,0.002093,0.000262,,2878400,,
0,6,,0.103944,0.042692,0.081648,0.121773,0.016908,0.005423,0.228541,0.04575,0.001001,0.015509,0.022064,0.017535,0.053881,0.138961,0.00157,0.094915,0.007262,0.000622,,2842700,,
0,7,,0.092354,0.12211,0.14226,0.033052,0.016485,0.007791,0.079378,0.146887,0.000223,0.045163,0.028567,0.003502,0.109707,0.081313,0.001804,0.0879,0.001327,0.000176,,2879500,,
0,13,,0.091697,0.056557,0.114622,0.016784,0.027692,0.016096,0.101357,0.068155,0.00903,0.040335,0.029999,0,0.091397,0.161968,0.004507,0.150473,0.016525,0.002805,,2862500,,
0,6,,0.116909,0.025677,0.063103,0.173159,0.004304,0.001129,0.227227,0.037206,0.000218,0.009203,0.010258,0.041042,0.048276,0.148098,0.000184,0.092279,0.001558,0.000171,,2849700,,
0,6,,0.097133,0.050585,0.09952,0.085697,0.010102,0.003529,0.19104,0.060331,0.00169,0.023484,0.015611,0.013389,0.052193,0.156458,0.001913,0.129227,0.007429,0.000669,,2846800,,
0,15,,0.10126,0.055757,0.116374,0.054665,0.022412,0.00697,0.105757,0.065297,0.00393,0.028918,0.025516,0.01053,0.08736,0.122456,0.006136,0.167654,0.017932,0.001075,,2848600,,
0,13,,0.091697,0.056557,0.114622,0.016784,0.027692,0.016096,0.101357,0.068155,0.00903,0.040335,0.029999,0,0.091397,0.161968,0.004507,0.150473,0.016525,0.002805,,2875000,,
0,13,,0.106196,0.042737,0.095205,0.054032,0.011166,0.00734,0.160899,0.046124,0.004113,0.020019,0.020472,0.009567,0.062929,0.207622,0.002281,0.139308,0.009025,0.000965,,2842800,,
0,6,,0.106593,0.040102,0.084925,0.112167,0.017795,0.006252,0.227126,0.038483,0.001216,0.015786,0.020217,0.013517,0.051846,0.151271,0.001614,0.103025,0.007444,0.000622,,2851300,,
0,6,,0.093374,0.033898,0.066755,0.14393,0.005792,0.001013,0.245478,0.037697,0.002294,0.012134,0.006558,0.022085,0.048977,0.156694,0.001033,0.11324,0.008241,0.000808,,2869900,,
0,15,,0.119287,0.067047,0.136857,0.018028,0.036151,0.008751,0.080774,0.076573,0.002933,0.031002,0.031427,0.000473,0.084987,0.104401,0.006556,0.171524,0.022352,0.000877,,2854500,,
0,6,,0.111711,0.024503,0.065093,0.198153,0.004283,0.001151,0.247487,0.029698,0.000719,0.005607,0.00651,0.033216,0.044583,0.137276,0.000237,0.083992,0.005394,0.000384,,2898200,,
0,13,,0.103019,0.030015,0.081564,0.093712,0.009382,0.007482,0.185538,0.042673,0.002775,0.017711,0.015433,0.015919,0.060148,0.19992,0.001327,0.129028,0.003776,0.000577,,2837700,,
0,6,,0.085272,0.041605,0.118018,0.081037,0.019685,0.010393,0.167591,0.051027,0.00494,0.02934,0.01668,0.014668,0.076938,0.124566,0.006098,0.129786,0.020076,0.002277,,2870800,,
0,13,,0.108374,0.051706,0.097468,0.038086,0.009104,0.007183,0.147791,0.052758,0.004655,0.027161,0.020329,0.003919,0.069462,0.200067,0.001992,0.150228,0.008667,0.00105,,2846400,,
0,6,,0.119434,0.024554,0.080997,0.145133,0.004409,0.000831,0.213541,0.038484,0.000266,0.009852,0.008969,0.033719,0.050333,0.160961,0.000138,0.106662,0.001549,0.000171,,2831600,,
0,13,,0.10895,0.043495,0.083241,0.081088,0.009609,0.007124,0.175816,0.051468,0.002868,0.020862,0.019058,0.013165,0.063679,0.191095,0.001234,0.123194,0.003439,0.000614,,2879200,,
0,6,,0.091847,0.051754,0.114513,0.082463,0.028973,0.011323,0.163046,0.053329,0.004979,0.03311,0.025551,0.01092,0.075455,0.103958,0.004859,0.125803,0.015406,0.002711,,2858800,,
0,6,,0.110329,0.033193,0.07337,0.155925,0.005684,0.001207,0.243846,0.030934,0.003392,0.009365,0.005849,0.021156,0.045088,0.148452,0.000922,0.098512,0.011726,0.001049,,2856900,,
0,13,,0.108967,0.033924,0.086868,0.084774,0.009714,0.007317,0.177864,0.04427,0.002563,0.017401,0.019795,0.015896,0.061978,0.194672,0.001477,0.128167,0.003776,0.000577,,2838600,,
0,6,,0.111911,0.04206,0.080415,0.114645,0.009416,0.003659,0.222875,0.039727,0.002637,0.019456,0.012848,0.02568,0.051856,0.153066,0.001169,0.099911,0.007815,0.000855,,2895200,,
0,6,,0.103022,0.056155,0.096152,0.071588,0.008998,0.001221,0.190582,0.062689,0.002063,0.020761,0.01412,0.006497,0.065807,0.164342,0.000842,0.125714,0.008614,0.000834,,2860100,,
0,6,,0.119434,0.024554,0.080997,0.145133,0.004409,0.000831,0.213541,0.038484,0.000266,0.009852,0.008969,0.033719,0.050333,0.160961,0.000138,0.106662,0.001549,0.000171,,2897300,,
0,15,,0.102154,0.064904,0.141267,0.021292,0.030359,0.011488,0.077911,0.074276,0.00216,0.033916,0.034995,0.00265,0.095148,0.1023,0.006508,0.184521,0.013444,0.000707,,2846800,,
0,13,,0.107156,0.047228,0.115003,0.034456,0.018046,0.012865,0.130465,0.053781,0.002822,0.024193,0.026084,0.003614,0.081466,0.185716,0.00235,0.149627,0.004454,0.000674,,2829600,,
0,13,,0.097039,0.048909,0.109532,0.02989,0.024636,0.021215,0.122493,0.056227,0.003705,0.02763,0.028659,0.00088,0.071035,0.188654,0.0075,0.153533,0.007747,0.000713,,2842900,,
0,13,,0.095192,0.037631,0.092804,0.06567,0.007895,0.005898,0.176891,0.046949,0.004295,0.017204,0.012951,0.003761,0.071375,0.209776,0.001451,0.139953,0.008985,0.001321,,2828700,,
0,7,,0.098503,0.119901,0.121732,0.042493,0.019195,0.010946,0.089005,0.140947,0.000578,0.045237,0.028087,0.00881,0.106644,0.080134,0.002801,0.083751,0.00117,0.000066,,2878500,,
0,13,,0.102525,0.053868,0.113625,0.034252,0.017992,0.010258,0.13037,0.06373,0.003382,0.028312,0.030698,0.00446,0.077955,0.184716,0.001844,0.136634,0.004701,0.00068,,2853000,,
0,13,,0.093917,0.047089,0.092835,0.062344,0.015737,0.009685,0.159098,0.053479,0.003734,0.022972,0.020491,0.007983,0.07644,0.190136,0.001723,0.136909,0.004714,0.000713,,2869000,,
0,13,,0.100628,0.044411,0.088922,0.054782,0.008549,0.006993,0.167322,0.052713,0.005469,0.024354,0.015062,0.006612,0.065003,0.206319,0.00192,0.141173,0.008719,0.00105,,2862500,,
0,6,,0.118462,0.053026,0.10011,0.079772,0.018879,0.005735,0.201157,0.049587,0.000538,0.02847,0.025741,0.011044,0.062688,0.132491,0.00157,0.10803,0.002438,0.000262,,2825600,,
0,13,,0.118761,0.042816,0.088106,0.04544,0.011821,0.006142,0.171651,0.043514,0.005625,0.017095,0.013569,0.001005,0.061422,0.212927,0.002533,0.14052,0.015804,0.00125,,2902900,,
0,6,,0.114089,0.024909,0.089156,0.178063,0.004798,0.001059,0.194026,0.02953,0.000247,0.008947,0.007897,0.071751,0.048322,0.136264,0.000138,0.088816,0.001817,0.000172,,2905200,,
0,6,,0.107724,0.040803,0.089018,0.114373,0.015398,0.006016,0.19773,0.041133,0.00051,0.016836,0.024343,0.026786,0.053664,0.150342,0.001349,0.111555,0.002182,0.000237,,2881400,,
0,7,,0.09095,0.135642,0.136661,0.016653,0.019878,0.007643,0.052141,0.177754,0.000329,0.057141,0.032206,0.001481,0.110847,0.068781,0.001868,0.088549,0.001389,0.000087,,2834600,,
0,13,,0.11038,0.047015,0.106274,0.032572,0.008861,0.00614,0.140894,0.057829,0.004764,0.020283,0.016157,0.001104,0.083664,0.193047,0.001523,0.158908,0.009442,0.001143,,2839100,,
0,13,,0.108486,0.040804,0.110247,0.042234,0.011315,0.008371,0.144993,0.047317,0.00412,0.01928,0.017418,0.003614,0.075544,0.199932,0.002159,0.154205,0.00895,0.001011,,2871400,,
0,7,,0.09441,0.121955,0.137183,0.038341,0.016496,0.007708,0.081153,0.147684,0.000259,0.04518,0.027745,0.003488,0.112216,0.078504,0.001694,0.084495,0.001061,0.000428,,2836500,,
0,13,,0.102246,0.048737,0.097997,0.044967,0.010933,0.007054,0.154792,0.050616,0.005068,0.025415,0.01943,0.006254,0.06524,0.204963,0.00192,0.144599,0.008719,0.00105,,2886900,,
