chess-krvk,CWE,test,1,NANOSECONDS,PREDICTIONS, Generated by ClassifierExperiments.java on 2022-05-16 23:03:01.    SYSTEMPROPERTIES:{user.name:matth,os.arch:amd64,os.name:Windows 10},ENDSYSTEMPROPERTIES
No parameter info
0.2640569395017794,973641100,17867095900,-1,112436896,18,,-1,-1
0,6,,0.101486,0.041768,0.087898,0.138772,0.008403,0.001757,0.15394,0.059508,0.000094,0.021331,0.015505,0.062562,0.053133,0.145861,0.000055,0.105367,0.002467,0.000093,,3819700,,
0,13,,0.100638,0.056839,0.115223,0.036863,0.012408,0.007267,0.125138,0.070253,0.003422,0.029374,0.023997,0.003012,0.067088,0.188784,0.002398,0.147603,0.008877,0.000816,,3376100,,
0,13,,0.101265,0.071494,0.120253,0.022227,0.020455,0.008926,0.107605,0.081214,0.002543,0.032882,0.031009,0.000052,0.084405,0.165313,0.001545,0.142981,0.005382,0.000448,,3301300,,
0,6,,0.127357,0.045113,0.067824,0.132823,0.016909,0.005435,0.20338,0.039065,0.003025,0.020746,0.018303,0.019074,0.043687,0.142742,0.002945,0.103424,0.007866,0.00028,,2970300,,
0,6,,0.109267,0.021661,0.070588,0.168354,0.005291,0.004633,0.211528,0.033609,0.00159,0.019216,0.007492,0.073181,0.046317,0.141108,0.00115,0.083,0.001921,0.000094,,2930000,,
0,6,,0.115402,0.043574,0.086533,0.109113,0.016761,0.009552,0.199875,0.040345,0.000259,0.021893,0.026094,0.0275,0.051726,0.136331,0.002346,0.11041,0.002173,0.000114,,3162800,,
0,13,,0.105286,0.056638,0.106344,0.042727,0.02644,0.016255,0.127713,0.057009,0.003249,0.027707,0.028409,0.002214,0.076202,0.173062,0.007384,0.134942,0.007986,0.000434,,2983700,,
0,13,,0.119265,0.05883,0.114379,0.03317,0.022154,0.008761,0.131345,0.062663,0.002975,0.03391,0.02774,0.002596,0.075625,0.170313,0.001541,0.129434,0.004841,0.000457,,3390800,,
0,6,,0.117349,0.024566,0.071719,0.147011,0.008353,0.001713,0.234131,0.048911,0.001213,0.013487,0.010162,0.026651,0.053124,0.145265,0.000225,0.093287,0.002802,0.000031,,3011500,,
0,6,,0.096194,0.03762,0.08688,0.064402,0.018098,0.012472,0.21291,0.044285,0.003658,0.021895,0.014767,0.006281,0.058249,0.17201,0.006644,0.131715,0.010355,0.001566,,3025500,,
0,6,,0.112394,0.027127,0.083617,0.15341,0.00618,0.001569,0.221343,0.036136,0.000771,0.00857,0.013123,0.028024,0.054132,0.149304,0.000101,0.102205,0.001896,0.000095,,3098100,,
0,13,,0.095719,0.052365,0.119064,0.046349,0.016749,0.00895,0.139467,0.057792,0.002465,0.025717,0.024388,0.0042,0.084394,0.168525,0.001487,0.147341,0.004569,0.000458,,3012200,,
0,6,,0.100335,0.108069,0.108994,0.056949,0.02039,0.012678,0.119846,0.11335,0.001763,0.042617,0.029935,0.008907,0.07403,0.102113,0.005704,0.091328,0.002805,0.000187,,3111200,,
0,15,,0.113459,0.068779,0.120148,0.047954,0.017972,0.004259,0.106147,0.0695,0.003595,0.030658,0.021828,0.00653,0.087855,0.117817,0.004094,0.160797,0.017258,0.00135,,3007600,,
0,15,,0.094145,0.0662,0.128753,0.016486,0.042418,0.015054,0.088991,0.078182,0.003101,0.036171,0.038647,0.000103,0.09313,0.113998,0.008103,0.159452,0.015572,0.001492,,3112900,,
0,13,,0.106905,0.052777,0.103351,0.06238,0.01668,0.008673,0.141402,0.05458,0.002925,0.021573,0.025855,0.009061,0.065828,0.173047,0.001486,0.147714,0.005329,0.000434,,3099000,,
0,6,,0.118097,0.051438,0.081191,0.102327,0.016457,0.010471,0.197633,0.049372,0.001351,0.025714,0.027758,0.027697,0.053391,0.132951,0.002196,0.099401,0.002378,0.000177,,3009800,,
0,7,,0.116439,0.114519,0.116458,0.04252,0.01884,0.010912,0.097921,0.120996,0.000883,0.046528,0.033761,0.012336,0.086929,0.088133,0.002409,0.088859,0.001474,0.000083,,3065200,,
0,13,,0.103782,0.046477,0.096246,0.048068,0.018436,0.012599,0.135286,0.052047,0.005255,0.022406,0.019455,0.003742,0.067336,0.199957,0.007426,0.14824,0.012313,0.000929,,3090100,,
0,6,,0.103569,0.048666,0.103471,0.062797,0.033359,0.013056,0.174398,0.057136,0.001343,0.024621,0.027627,0.008742,0.069828,0.147444,0.005314,0.111589,0.006927,0.000114,,3067400,,
0,15,,0.098004,0.049466,0.106242,0.06689,0.016704,0.004024,0.139725,0.05519,0.004709,0.026384,0.024461,0.001168,0.065468,0.145266,0.006215,0.164045,0.020649,0.005389,,3642400,,
0,7,,0.114414,0.123687,0.123825,0.023154,0.016362,0.007553,0.088578,0.131008,0.000255,0.045695,0.025948,0.001794,0.10443,0.08509,0.001554,0.10458,0.001977,0.000097,,4578900,,
0,13,,0.107636,0.043235,0.091001,0.060109,0.008618,0.005039,0.174584,0.052786,0.004802,0.017963,0.011651,0.006631,0.075273,0.187806,0.001498,0.140424,0.010001,0.000944,,3350600,,
0,6,,0.096188,0.040837,0.102967,0.079326,0.013198,0.004786,0.217446,0.047684,0.000259,0.019199,0.021641,0.008153,0.066998,0.149801,0.000971,0.127322,0.002359,0.000866,,3326800,,
0,6,,0.108954,0.031994,0.088766,0.09295,0.02062,0.009754,0.213012,0.045652,0.000781,0.021081,0.017916,0.010068,0.062744,0.160582,0.006385,0.103384,0.005324,0.000031,,3138800,,
0,13,,0.093466,0.051267,0.109634,0.035751,0.02885,0.015534,0.134021,0.061676,0.003264,0.02394,0.026966,0.003186,0.080851,0.173844,0.005712,0.143264,0.008315,0.000458,,2930800,,
0,13,,0.102998,0.055081,0.102372,0.06494,0.011794,0.008035,0.138132,0.076776,0.002661,0.029817,0.021768,0.009849,0.064117,0.181268,0.001669,0.125077,0.003295,0.000351,,3323800,,
0,13,,0.111548,0.039415,0.099109,0.062891,0.011635,0.008013,0.158363,0.042544,0.003334,0.017107,0.019129,0.013762,0.06899,0.191948,0.003245,0.139579,0.008574,0.000816,,3001400,,
0,6,,0.102347,0.031144,0.094074,0.093747,0.007217,0.004978,0.189606,0.043619,0.001785,0.012915,0.015145,0.010256,0.071022,0.186517,0.000579,0.130233,0.004146,0.00067,,3079400,,
0,13,,0.102606,0.054144,0.11024,0.040745,0.028489,0.016264,0.128824,0.062849,0.003324,0.023827,0.027571,0.004432,0.079836,0.170308,0.005829,0.131876,0.008402,0.000434,,3027600,,
0,6,,0.131587,0.021263,0.079947,0.127999,0.008373,0.001573,0.243995,0.035325,0.000999,0.007104,0.006261,0.014716,0.041671,0.156326,0.001164,0.114294,0.007191,0.000211,,3308700,,
0,13,,0.110572,0.050418,0.083894,0.055841,0.014356,0.004532,0.175235,0.051734,0.004625,0.017494,0.015201,0.005487,0.057454,0.204892,0.002211,0.128231,0.016438,0.001384,,3069600,,
0,13,,0.088318,0.052095,0.113016,0.0199,0.024104,0.011879,0.116132,0.065973,0.010191,0.03454,0.020968,0,0.091832,0.168376,0.004121,0.152622,0.02236,0.003573,,2959200,,
0,15,,0.113236,0.070941,0.115421,0.04252,0.026069,0.011939,0.09973,0.070481,0.002175,0.03881,0.037278,0.012336,0.077062,0.113863,0.005606,0.15112,0.010561,0.000853,,3321900,,
0,6,,0.111398,0.03409,0.070177,0.11674,0.006939,0.001557,0.247563,0.035617,0.003373,0.009861,0.006235,0.013899,0.05618,0.172638,0.000986,0.098771,0.012878,0.001098,,3649000,,
0,15,,0.098695,0.068088,0.116138,0.063332,0.024671,0.007989,0.110395,0.072032,0.002534,0.030786,0.028007,0.010915,0.084194,0.11214,0.004357,0.153035,0.011991,0.000699,,3058500,,
0,15,,0.110236,0.05332,0.117016,0.054018,0.020652,0.007535,0.110505,0.059392,0.003023,0.024608,0.02604,0.013762,0.085066,0.132347,0.006531,0.159888,0.01488,0.001181,,3079500,,
0,13,,0.101207,0.060869,0.100326,0.07921,0.018439,0.00581,0.141713,0.079164,0.000292,0.030475,0.028529,0.015982,0.064446,0.143838,0.001022,0.125101,0.003401,0.000176,,2988600,,
0,13,,0.104318,0.048225,0.087625,0.059047,0.019743,0.011126,0.164001,0.048399,0.004599,0.033221,0.024787,0.005718,0.053076,0.189731,0.006363,0.132521,0.006964,0.000538,,3299800,,
0,6,,0.112417,0.027743,0.054207,0.166021,0.007492,0.003446,0.262508,0.033602,0.002679,0.021421,0.009506,0.024149,0.034954,0.145224,0.004349,0.085616,0.004469,0.000198,,3018300,,
0,13,,0.090728,0.052671,0.110071,0.036605,0.022601,0.012094,0.115793,0.065514,0.010951,0.035186,0.022345,0.003419,0.082003,0.169176,0.005658,0.140984,0.021536,0.002664,,3062000,,
0,6,,0.119019,0.04142,0.084543,0.102232,0.010945,0.001929,0.197565,0.054727,0.002936,0.017594,0.018534,0.019385,0.056025,0.155579,0.001076,0.106907,0.008915,0.000666,,2946000,,
0,15,,0.077171,0.064629,0.143352,0.010874,0.039109,0.013512,0.069583,0.087438,0.006071,0.044643,0.04025,0,0.111456,0.094425,0.006553,0.163967,0.023919,0.003049,,3164200,,
0,15,,0.101031,0.06338,0.137687,0.035216,0.022548,0.007814,0.093116,0.074754,0.001639,0.030617,0.032116,0.001794,0.101743,0.111747,0.004049,0.167798,0.011366,0.001584,,3630800,,
0,13,,0.103942,0.043143,0.087306,0.083844,0.008954,0.004768,0.171661,0.04532,0.004986,0.01351,0.012417,0.013533,0.060922,0.193831,0.001505,0.135569,0.013504,0.001287,,3641200,,
0,13,,0.106168,0.04858,0.102895,0.04767,0.00906,0.005118,0.156908,0.056185,0.004379,0.018287,0.014168,0.005707,0.076021,0.188307,0.001418,0.14917,0.009028,0.000932,,3660900,,
0,13,,0.10597,0.049844,0.100272,0.049273,0.019148,0.012628,0.141949,0.052719,0.005016,0.023032,0.019617,0.002214,0.07248,0.187795,0.007259,0.137195,0.012657,0.000932,,3768900,,
0,6,,0.094193,0.03846,0.08118,0.137201,0.015131,0.005437,0.218947,0.043281,0.001236,0.018734,0.01461,0.025057,0.060762,0.135071,0.00107,0.106617,0.002899,0.000114,,3670400,,
0,6,,0.098429,0.038632,0.080443,0.102024,0.007503,0.005997,0.191498,0.052825,0.003053,0.020389,0.013259,0.016795,0.060819,0.180783,0.000958,0.122809,0.003432,0.000351,,3563700,,
0,13,,0.092702,0.051515,0.104083,0.033822,0.027566,0.01972,0.125644,0.057093,0.003241,0.033128,0.029663,0.002183,0.068506,0.182496,0.00861,0.150869,0.008724,0.000434,,3825100,,
0,13,,0.102606,0.054144,0.11024,0.040745,0.028489,0.016264,0.128824,0.062849,0.003324,0.023827,0.027571,0.004432,0.079836,0.170308,0.005829,0.131876,0.008402,0.000434,,3608000,,
0,15,,0.117549,0.0668,0.122186,0.037134,0.031926,0.007296,0.096502,0.076355,0.002148,0.039222,0.035219,0.0068,0.08503,0.114262,0.004176,0.144678,0.011862,0.000853,,3741100,,
0,13,,0.113589,0.031823,0.103226,0.076608,0.00889,0.00867,0.168953,0.043886,0.001785,0.017382,0.0173,0.012863,0.072001,0.179228,0.00213,0.138028,0.00331,0.000328,,3790000,,
0,6,,0.0866,0.039834,0.098742,0.098129,0.024264,0.01364,0.165419,0.059326,0.008015,0.037341,0.016957,0.016136,0.077517,0.129196,0.004615,0.103715,0.018554,0.002,,3128500,,
0,15,,0.11303,0.065716,0.118902,0.053584,0.025247,0.007391,0.087289,0.071093,0.002122,0.032569,0.030711,0.015012,0.088646,0.117665,0.004307,0.154127,0.011813,0.000776,,3028200,,
0,6,,0.100859,0.068081,0.10955,0.080761,0.018252,0.005889,0.15169,0.078145,0.000639,0.027215,0.027969,0.012765,0.071281,0.124439,0.001055,0.117382,0.00385,0.000178,,2958400,,
0,6,,0.101543,0.023757,0.078523,0.106798,0.017199,0.008467,0.217217,0.039227,0.001061,0.010753,0.0138,0.016662,0.05685,0.176026,0.004525,0.121655,0.005007,0.000932,,3196100,,
0,6,,0.086109,0.035217,0.109245,0.093387,0.023081,0.008907,0.189625,0.05473,0.006527,0.024412,0.016189,0.012654,0.081613,0.116743,0.00281,0.119564,0.01636,0.002826,,3098300,,
0,6,,0.112486,0.037676,0.089056,0.119549,0.007523,0.001569,0.205234,0.040869,0.00282,0.012178,0.013367,0.020903,0.055609,0.158126,0.000907,0.113422,0.007973,0.000731,,3033400,,
0,15,,0.100131,0.068931,0.134634,0.028922,0.021263,0.006717,0.081886,0.084514,0.002714,0.037943,0.03213,0.003012,0.081925,0.125058,0.005605,0.168069,0.015289,0.001258,,3149700,,
0,13,,0.117492,0.039255,0.090929,0.083576,0.008628,0.005245,0.165223,0.050125,0.00201,0.019916,0.014713,0.015523,0.065018,0.180653,0.000602,0.136463,0.004279,0.000351,,3002300,,
0,13,,0.109178,0.056327,0.111108,0.042019,0.017036,0.008754,0.140986,0.059484,0.002847,0.023157,0.025728,0.005581,0.080781,0.169961,0.001546,0.139839,0.005221,0.000448,,3210200,,
0,7,,0.112821,0.120082,0.127814,0.02686,0.019542,0.007933,0.080114,0.138124,0.000857,0.050226,0.034531,0.002583,0.09614,0.083314,0.001552,0.094527,0.002898,0.000083,,3040500,,
0,6,,0.099402,0.042615,0.07199,0.121896,0.008202,0.001575,0.228782,0.040087,0.002301,0.015203,0.012265,0.023693,0.055847,0.156075,0.000908,0.110941,0.00755,0.000668,,3034800,,
0,2,,0.093879,0.110444,0.135413,0.029631,0.015973,0.006809,0.098011,0.124321,0.000572,0.038182,0.025268,0.003427,0.107842,0.096466,0.001299,0.109691,0.002691,0.000083,,3057500,,
0,13,,0.08641,0.051354,0.106554,0.066109,0.011246,0.00517,0.152667,0.070853,0.002307,0.024687,0.020281,0.006896,0.069921,0.183432,0.000602,0.137899,0.003236,0.000375,,2974900,,
0,15,,0.087185,0.062475,0.130588,0.025455,0.035055,0.01384,0.087969,0.079082,0.002218,0.031298,0.036341,0.00183,0.095983,0.121117,0.007952,0.1648,0.015581,0.001231,,3492700,,
0,6,,0.1347,0.019337,0.071798,0.161121,0.008955,0.001381,0.214104,0.032185,0.001009,0.00647,0.006578,0.02828,0.039708,0.1505,0.001129,0.114211,0.008337,0.000198,,3502700,,
0,2,,0.106458,0.104801,0.120722,0.050605,0.017479,0.006821,0.108156,0.116409,0.000165,0.041342,0.02957,0.005581,0.095724,0.096635,0.0012,0.095493,0.001998,0.00084,,2959300,,
0,15,,0.100587,0.083965,0.141606,0.014879,0.029092,0.007749,0.066291,0.096034,0.001773,0.042063,0.039415,0.000052,0.100115,0.103644,0.004222,0.155237,0.012409,0.000867,,3125300,,
0,13,,0.116859,0.055902,0.1046,0.049309,0.017007,0.008913,0.130253,0.058429,0.002208,0.028439,0.024693,0.00843,0.073089,0.170269,0.001485,0.144483,0.005199,0.000434,,2991000,,
0,13,,0.104952,0.045645,0.10074,0.051495,0.010744,0.007581,0.154804,0.049679,0.004812,0.028036,0.019942,0.007783,0.062543,0.193393,0.002835,0.145103,0.008985,0.00093,,3103500,,
0,15,,0.110811,0.061818,0.108628,0.066691,0.024049,0.007516,0.100361,0.069406,0.002669,0.03248,0.025781,0.017013,0.086899,0.1176,0.004307,0.151382,0.011813,0.000776,,2964300,,
0,13,,0.103431,0.044419,0.092107,0.061857,0.008033,0.004804,0.174594,0.054763,0.00452,0.017817,0.012403,0.007283,0.070502,0.190386,0.001564,0.140897,0.009675,0.000944,,2971000,,
0,6,,0.120268,0.03349,0.094759,0.107084,0.008979,0.001932,0.213084,0.052839,0.000753,0.019228,0.016718,0.016196,0.061569,0.14541,0.000225,0.104633,0.002802,0.000031,,3194900,,
0,6,,0.10876,0.04774,0.097534,0.089434,0.026591,0.012966,0.176527,0.04833,0.001342,0.024029,0.024215,0.010053,0.066052,0.141883,0.00689,0.111136,0.006341,0.000178,,2952800,,
0,6,,0.125561,0.049764,0.096359,0.07983,0.012762,0.001232,0.201711,0.051542,0.002949,0.024343,0.012821,0.010366,0.061682,0.149217,0.00103,0.109886,0.008281,0.000666,,3355100,,
0,6,,0.117826,0.046135,0.079411,0.121657,0.015996,0.005594,0.182764,0.046098,0.000292,0.020835,0.022384,0.03147,0.055414,0.138796,0.001022,0.11073,0.003401,0.000176,,3299300,,
0,13,,0.090728,0.052671,0.110071,0.036605,0.022601,0.012094,0.115793,0.065514,0.010951,0.035186,0.022345,0.003419,0.082003,0.169176,0.005658,0.140984,0.021536,0.002664,,2975300,,
0,7,,0.108313,0.104445,0.105124,0.059296,0.017556,0.012554,0.107924,0.120408,0.000544,0.039918,0.025179,0.015458,0.093243,0.091298,0.003676,0.0936,0.001381,0.000083,,3117900,,
0,15,,0.116751,0.06265,0.114353,0.048474,0.018285,0.004288,0.09888,0.068184,0.003195,0.032619,0.022136,0.00843,0.0829,0.126105,0.00418,0.170144,0.017079,0.001348,,3116000,,
0,13,,0.100816,0.072128,0.11862,0.038271,0.019626,0.008991,0.112738,0.083307,0.002582,0.031696,0.029714,0.003867,0.079597,0.15814,0.001542,0.132352,0.005579,0.000434,,3131000,,
0,6,,0.091916,0.032575,0.09053,0.068038,0.018846,0.012126,0.208619,0.039521,0.0023,0.016625,0.015278,0.007435,0.056885,0.185886,0.006728,0.135354,0.01027,0.001068,,3105600,,
0,6,,0.112066,0.023642,0.067727,0.141099,0.005211,0.001326,0.256849,0.038572,0.001011,0.009812,0.005839,0.022402,0.057093,0.15955,0.000136,0.094986,0.002572,0.000107,,3084100,,
0,7,,0.102452,0.130166,0.130056,0.030268,0.021426,0.007332,0.066863,0.150347,0.000545,0.049767,0.034003,0.003867,0.102686,0.07477,0.001331,0.091037,0.003001,0.000083,,3056000,,
0,6,,0.112422,0.045022,0.091506,0.087996,0.015005,0.0055,0.187566,0.048053,0.000605,0.02031,0.020891,0.017737,0.065453,0.148973,0.001069,0.128408,0.003308,0.000176,,2975300,,
0,13,,0.102422,0.052882,0.098696,0.060082,0.016045,0.008774,0.163815,0.053923,0.003133,0.01957,0.020881,0.006376,0.06754,0.178293,0.001612,0.135328,0.009732,0.000896,,2940700,,
0,6,,0.108635,0.023997,0.08696,0.117642,0.007263,0.004374,0.240812,0.033933,0.000094,0.016,0.015939,0.021879,0.050742,0.153488,0.001319,0.115417,0.001477,0.000031,,3747400,,
0,6,,0.079718,0.03758,0.10204,0.095122,0.006294,0.001018,0.212338,0.064642,0.000094,0.016597,0.016434,0.009665,0.061517,0.164194,0.000101,0.130377,0.001622,0.000648,,2963700,,
0,6,,0.11459,0.04577,0.091159,0.098319,0.019851,0.010193,0.188089,0.045052,0.001676,0.021579,0.025528,0.027475,0.061155,0.13749,0.002243,0.107275,0.002379,0.000177,,3177200,,
0,2,,0.111679,0.106137,0.124073,0.045854,0.019104,0.012603,0.093165,0.118222,0.000165,0.037462,0.029851,0.013762,0.09475,0.09058,0.003676,0.097454,0.001381,0.000083,,3057200,,
0,6,,0.100426,0.043094,0.094216,0.103964,0.007944,0.004505,0.184539,0.063725,0.000094,0.023547,0.021128,0.019385,0.055008,0.154137,0.001003,0.121816,0.001436,0.000031,,2945600,,
0,6,,0.108816,0.043521,0.101028,0.113402,0.013455,0.001411,0.164636,0.062896,0.000766,0.02053,0.022177,0.043329,0.059028,0.140023,0.000178,0.102604,0.002167,0.000031,,3724200,,
0,2,,0.106737,0.103834,0.128135,0.039325,0.02167,0.013733,0.102882,0.121068,0.000587,0.03712,0.026785,0.007174,0.081059,0.090087,0.006704,0.108831,0.004081,0.000187,,2968600,,
0,6,,0.076565,0.059159,0.110348,0.060259,0.017819,0.005005,0.170322,0.072053,0.000666,0.025159,0.027377,0.007577,0.073574,0.149936,0.001069,0.139417,0.00358,0.000114,,2997800,,
0,6,,0.105794,0.041687,0.083138,0.135307,0.014765,0.005561,0.204377,0.047345,0.001178,0.017497,0.017647,0.025424,0.056144,0.130536,0.001216,0.108845,0.00336,0.000178,,2949000,,
0,6,,0.10345,0.038748,0.076295,0.110671,0.020809,0.010529,0.230027,0.048655,0.001951,0.020595,0.020021,0.022012,0.051596,0.138337,0.004208,0.097008,0.004808,0.000281,,3002800,,
0,6,,0.109267,0.021661,0.070588,0.168354,0.005291,0.004633,0.211528,0.033609,0.00159,0.019216,0.007492,0.073181,0.046317,0.141108,0.00115,0.083,0.001921,0.000094,,3039600,,
0,13,,0.080845,0.046008,0.113015,0.060558,0.009902,0.004303,0.151486,0.069391,0.002351,0.020184,0.018439,0.005532,0.074638,0.19181,0.000602,0.146438,0.004121,0.000375,,3295800,,
0,6,,0.105424,0.026246,0.066011,0.176952,0.005866,0.003293,0.211376,0.033431,0.001487,0.017693,0.007399,0.075838,0.046985,0.133423,0.000476,0.08621,0.001797,0.000094,,3138900,,
0,13,,0.107636,0.043235,0.091001,0.060109,0.008618,0.005039,0.174584,0.052786,0.004802,0.017963,0.011651,0.006631,0.075273,0.187806,0.001498,0.140424,0.010001,0.000944,,2945700,,
0,13,,0.103372,0.043912,0.0908,0.066935,0.008633,0.005035,0.181768,0.048455,0.004934,0.014819,0.012097,0.006376,0.065078,0.194768,0.001564,0.136357,0.013796,0.001301,,2921200,,
0,6,,0.107837,0.036636,0.072673,0.158387,0.005849,0.001028,0.232121,0.044136,0.003182,0.008865,0.00765,0.027884,0.057051,0.136609,0.001143,0.085687,0.012173,0.001089,,3177600,,
0,13,,0.093846,0.060806,0.118246,0.025049,0.010823,0.005022,0.112672,0.07469,0.004252,0.025632,0.01916,0.000052,0.082301,0.197422,0.001497,0.157846,0.009742,0.000944,,3025500,,
0,6,,0.110208,0.041925,0.07985,0.102681,0.014815,0.005424,0.222098,0.047186,0.001299,0.018411,0.016091,0.016287,0.063631,0.151406,0.001104,0.103889,0.003506,0.00019,,2929000,,
0,6,,0.116327,0.052275,0.087312,0.123876,0.015813,0.005672,0.193962,0.047744,0.000639,0.018568,0.022083,0.027277,0.062909,0.122173,0.001055,0.098287,0.00385,0.000178,,3217200,,
0,6,,0.107572,0.026185,0.068144,0.19226,0.004447,0.001028,0.24461,0.040268,0.000999,0.005524,0.00738,0.035324,0.056846,0.127836,0.000336,0.07469,0.006097,0.000453,,2972100,,
0,6,,0.111281,0.034263,0.072499,0.109404,0.006622,0.001326,0.237358,0.043044,0.002959,0.013588,0.006278,0.016287,0.061371,0.168231,0.000986,0.105005,0.008757,0.00074,,3373700,,
0,15,,0.089214,0.068699,0.139347,0.03051,0.018589,0.003959,0.087068,0.087359,0.002714,0.038363,0.029722,0.000052,0.085655,0.12608,0.00393,0.170121,0.016171,0.002445,,3335700,,
0,7,,0.088592,0.113828,0.128307,0.025455,0.024673,0.014219,0.087001,0.132423,0.000829,0.039988,0.031304,0.00183,0.101906,0.097501,0.004385,0.101956,0.00552,0.000283,,3656400,,
0,15,,0.111351,0.07115,0.131557,0.02686,0.029038,0.008476,0.08137,0.08475,0.002444,0.0409,0.038558,0.002583,0.092948,0.104651,0.004255,0.155985,0.012349,0.000776,,2967200,,
0,6,,0.118072,0.049357,0.093307,0.090253,0.016119,0.005667,0.194933,0.048242,0.000348,0.020184,0.021908,0.017749,0.059151,0.147917,0.001105,0.112623,0.002875,0.00019,,3109900,,
0,15,,0.110691,0.060597,0.135139,0.0335,0.026184,0.013524,0.08696,0.068143,0.001639,0.03103,0.032413,0.00716,0.097557,0.108052,0.006675,0.16962,0.010339,0.000776,,3006500,,
0,6,,0.097389,0.020865,0.068146,0.196406,0.004249,0.001146,0.22644,0.027574,0.000541,0.010535,0.005255,0.05942,0.04266,0.141281,0.000216,0.095543,0.002239,0.000097,,2947800,,
0,13,,0.099862,0.062188,0.121249,0.029479,0.019139,0.012449,0.110469,0.076497,0.002038,0.033495,0.032802,0.003012,0.073493,0.17224,0.002542,0.144298,0.004336,0.000411,,3007200,,
0,13,,0.099063,0.043347,0.101416,0.039967,0.019496,0.012035,0.147138,0.050004,0.00466,0.017944,0.019166,0.000323,0.070666,0.199135,0.00563,0.155769,0.012298,0.001942,,2991300,,
0,6,,0.106151,0.035827,0.071932,0.125802,0.006339,0.001106,0.243718,0.040389,0.003063,0.009933,0.007689,0.019202,0.057446,0.162132,0.001159,0.094624,0.012392,0.001098,,2954400,,
0,6,,0.133823,0.021421,0.08152,0.170976,0.008363,0.001734,0.225103,0.035471,0.000513,0.007087,0.006613,0.021692,0.046612,0.128976,0.001129,0.101353,0.007414,0.0002,,3421200,,
0,6,,0.121649,0.031175,0.085202,0.137935,0.006732,0.001523,0.2092,0.03522,0.000425,0.013727,0.00991,0.046326,0.057153,0.14318,0.00009,0.097703,0.002743,0.000107,,3069700,,
0,15,,0.100131,0.068931,0.134634,0.028922,0.021263,0.006717,0.081886,0.084514,0.002714,0.037943,0.03213,0.003012,0.081925,0.125058,0.005605,0.168069,0.015289,0.001258,,3111200,,
0,13,,0.082506,0.058521,0.119218,0.028329,0.029741,0.01564,0.10716,0.066001,0.00886,0.041424,0.031383,0.001375,0.092575,0.150961,0.005933,0.141096,0.017068,0.002209,,2956500,,
0,6,,0.107801,0.025957,0.073733,0.151713,0.007845,0.001691,0.239624,0.036337,0.00117,0.008164,0.009239,0.022968,0.055762,0.154124,0.000339,0.096792,0.006353,0.000389,,2983000,,
0,6,,0.123175,0.038693,0.07016,0.106212,0.008507,0.001488,0.24305,0.037006,0.003647,0.02185,0.013637,0.00804,0.042112,0.160937,0.003894,0.102041,0.014454,0.001097,,5446000,,
0,13,,0.1129,0.049338,0.103093,0.04171,0.011033,0.007823,0.146891,0.050295,0.005037,0.02669,0.017811,0.007015,0.074794,0.185332,0.002824,0.147932,0.008554,0.00093,,3332700,,
0,6,,0.102144,0.041747,0.084678,0.116237,0.014222,0.005381,0.213672,0.043703,0.000259,0.020599,0.02378,0.01732,0.05714,0.143464,0.000924,0.11098,0.002877,0.000872,,3051600,,
0,13,,0.113419,0.057861,0.09588,0.051216,0.017502,0.012829,0.146474,0.057404,0.002893,0.029756,0.029767,0.012336,0.063708,0.174532,0.002688,0.127183,0.004118,0.000434,,2975500,,
0,13,,0.113211,0.050524,0.099968,0.054756,0.01809,0.011963,0.149291,0.049482,0.002038,0.025766,0.027833,0.011486,0.064012,0.179887,0.002542,0.134403,0.004336,0.000411,,3040800,,
0,13,,0.124218,0.047111,0.087913,0.049818,0.010403,0.004424,0.175583,0.04191,0.006342,0.01726,0.01259,0.001168,0.058644,0.20858,0.003729,0.13389,0.015044,0.001374,,3044200,,
0,13,,0.101467,0.064862,0.115582,0.038827,0.019886,0.008839,0.106491,0.083552,0.002208,0.034902,0.030359,0.005165,0.074282,0.166983,0.001485,0.139476,0.005199,0.000434,,2969700,,
0,13,,0.108715,0.04282,0.090609,0.082029,0.009553,0.005296,0.177793,0.043635,0.0054,0.014031,0.011727,0.008169,0.060042,0.187408,0.001419,0.136629,0.013436,0.00129,,3043100,,
0,6,,0.107842,0.044601,0.098927,0.087445,0.013455,0.001411,0.186757,0.075843,0.000766,0.020355,0.02334,0.011748,0.06676,0.149977,0.000178,0.108395,0.002167,0.000031,,2998200,,
0,6,,0.104046,0.026471,0.084937,0.082798,0.018733,0.008811,0.227237,0.040594,0.000724,0.011828,0.013884,0.007991,0.058629,0.181827,0.004362,0.121162,0.005138,0.000829,,3122200,,
0,13,,0.110317,0.036591,0.093264,0.078395,0.007773,0.005006,0.169094,0.04765,0.002367,0.015274,0.013866,0.012916,0.06899,0.187292,0.000601,0.146249,0.004004,0.000351,,2969300,,
0,15,,0.098223,0.066856,0.130635,0.015531,0.038077,0.014927,0.083011,0.074876,0.002734,0.033515,0.035948,0.000103,0.095564,0.12094,0.008392,0.163644,0.015624,0.001399,,3080900,,
0,6,,0.094756,0.040903,0.095346,0.057337,0.026824,0.017744,0.196784,0.049797,0.001668,0.023587,0.025219,0.006281,0.062777,0.156516,0.006579,0.131462,0.005408,0.001014,,3000100,,
0,6,,0.093627,0.039162,0.090929,0.087332,0.006943,0.000802,0.224715,0.042813,0.002301,0.014517,0.009737,0.011666,0.066258,0.166291,0.000955,0.132665,0.008619,0.000668,,3061400,,
0,6,,0.107572,0.026185,0.068144,0.19226,0.004447,0.001028,0.24461,0.040268,0.000999,0.005524,0.00738,0.035324,0.056846,0.127836,0.000336,0.07469,0.006097,0.000453,,2951800,,
0,13,,0.116741,0.050464,0.100755,0.036605,0.01012,0.005266,0.150963,0.055843,0.00421,0.022025,0.01548,0.001794,0.079386,0.186147,0.001497,0.1516,0.010162,0.000944,,3494100,,
0,15,,0.100508,0.067865,0.130661,0.021236,0.038644,0.015012,0.081368,0.08042,0.002497,0.033873,0.036479,0.00183,0.093622,0.116695,0.008999,0.153069,0.016506,0.000713,,3004000,,
0,13,,0.100263,0.041629,0.090855,0.062695,0.008358,0.007548,0.168747,0.051526,0.005277,0.02821,0.014342,0.009454,0.060737,0.194577,0.002835,0.143033,0.008985,0.00093,,2963300,,
0,13,,0.093583,0.037293,0.091992,0.065237,0.007516,0.004579,0.176641,0.046793,0.003716,0.017148,0.011243,0.006631,0.064036,0.205897,0.001326,0.155096,0.009883,0.00139,,4309900,,
0,6,,0.098429,0.038632,0.080443,0.102024,0.007503,0.005997,0.191498,0.052825,0.003053,0.020389,0.013259,0.016795,0.060819,0.180783,0.000958,0.122809,0.003432,0.000351,,3202700,,
0,15,,0.08193,0.063289,0.148501,0.01299,0.040343,0.019234,0.064904,0.084016,0.006071,0.04367,0.038855,0.000502,0.105631,0.088559,0.009682,0.167557,0.021979,0.002287,,3137900,,
0,6,,0.104912,0.01828,0.066571,0.156856,0.008381,0.004579,0.243717,0.028157,0.000382,0.013622,0.009753,0.033377,0.043107,0.159253,0.002161,0.105371,0.001489,0.000031,,3188900,,
0,13,,0.102576,0.053008,0.107681,0.052361,0.011424,0.005209,0.144963,0.071555,0.002345,0.023524,0.020293,0.004169,0.075822,0.180706,0.000661,0.138877,0.004462,0.000366,,3181700,,
0,15,,0.113815,0.073165,0.13144,0.023154,0.025194,0.008098,0.089834,0.0799,0.001807,0.0361,0.030984,0.001794,0.099109,0.10582,0.004301,0.163236,0.01146,0.00079,,2989800,,
0,6,,0.113618,0.029026,0.063892,0.158942,0.007233,0.00465,0.235646,0.041183,0.001909,0.014054,0.006312,0.036738,0.052386,0.142766,0.00114,0.088869,0.001542,0.000094,,3332200,,
0,13,,0.093786,0.046156,0.099389,0.041152,0.019313,0.012331,0.153776,0.049615,0.00508,0.024598,0.02003,0.001478,0.066452,0.195322,0.007194,0.151079,0.012292,0.000956,,3187900,,
0,6,,0.087342,0.03736,0.099996,0.070019,0.023934,0.008978,0.187383,0.05345,0.006204,0.027577,0.01549,0.007787,0.081374,0.140789,0.002842,0.129598,0.017152,0.002726,,2980400,,
0,6,,0.118459,0.033111,0.088154,0.144528,0.009111,0.001216,0.186908,0.033675,0.001066,0.013624,0.016463,0.058249,0.054713,0.143706,0.000224,0.094273,0.002489,0.000031,,2955800,,
0,13,,0.100298,0.056556,0.103796,0.035323,0.024666,0.012812,0.135448,0.061591,0.005275,0.021435,0.020227,0.001997,0.073962,0.190522,0.005322,0.136608,0.013209,0.000954,,2914200,,
0,13,,0.116767,0.046548,0.079055,0.090783,0.008376,0.007906,0.179746,0.051137,0.002661,0.021478,0.019212,0.018011,0.057623,0.180989,0.001669,0.114392,0.003295,0.000351,,3038500,,
0,6,,0.11806,0.039341,0.091583,0.095947,0.009381,0.004475,0.208638,0.039683,0.001726,0.02175,0.014675,0.016498,0.053878,0.151975,0.002132,0.122497,0.007185,0.000575,,3044000,,
0,6,,0.113404,0.034151,0.094618,0.097881,0.008261,0.001494,0.239276,0.050776,0.000785,0.017877,0.012041,0.014128,0.064399,0.146101,0.000224,0.103335,0.001215,0.000031,,3027400,,
0,15,,0.109411,0.06012,0.105086,0.055248,0.02055,0.004504,0.117362,0.077696,0.004974,0.029107,0.022403,0.007461,0.080024,0.132453,0.004176,0.151094,0.017058,0.001273,,2930500,,
0,6,,0.11723,0.025775,0.067088,0.145465,0.005472,0.001365,0.251673,0.03755,0.000439,0.012131,0.004454,0.02539,0.048422,0.154598,0.000137,0.100764,0.001941,0.000107,,3019600,,
0,15,,0.108816,0.06912,0.126339,0.040268,0.021371,0.00365,0.097584,0.073974,0.00466,0.030623,0.027374,0.006128,0.090069,0.126529,0.004253,0.151113,0.016856,0.001273,,2984000,,
0,15,,0.081923,0.064693,0.136822,0.018873,0.041601,0.020046,0.058061,0.08842,0.008888,0.053381,0.040243,0.002081,0.101956,0.094694,0.010406,0.151096,0.024498,0.002319,,3088900,,
0,6,,0.118072,0.049357,0.093307,0.090253,0.016119,0.005667,0.194933,0.048242,0.000348,0.020184,0.021908,0.017749,0.059151,0.147917,0.001105,0.112623,0.002875,0.00019,,2955500,,
0,13,,0.108533,0.055009,0.110009,0.035685,0.011155,0.005166,0.152345,0.061003,0.00494,0.024292,0.015852,0.001924,0.072652,0.188002,0.001463,0.142604,0.008413,0.000954,,2931500,,
0,13,,0.09027,0.057441,0.125272,0.02607,0.019357,0.012257,0.115923,0.073254,0.002083,0.029657,0.034283,0.002456,0.073833,0.177872,0.002811,0.152558,0.004194,0.000411,,3143900,,
0,13,,0.102302,0.046795,0.095256,0.067969,0.010978,0.005212,0.168397,0.050847,0.005439,0.015135,0.0137,0.006936,0.065344,0.197827,0.00153,0.131407,0.013616,0.001312,,2925400,,
0,6,,0.096314,0.03073,0.082691,0.110729,0.011376,0.006841,0.19962,0.039795,0.002414,0.013853,0.015863,0.017775,0.056707,0.183665,0.0013,0.123146,0.006494,0.000686,,3405400,,
0,2,,0.106737,0.103834,0.128135,0.039325,0.02167,0.013733,0.102882,0.121068,0.000587,0.03712,0.026785,0.007174,0.081059,0.090087,0.006704,0.108831,0.004081,0.000187,,2954000,,
0,6,,0.107842,0.044601,0.098927,0.087445,0.013455,0.001411,0.186757,0.075843,0.000766,0.020355,0.02334,0.011748,0.06676,0.149977,0.000178,0.108395,0.002167,0.000031,,3125200,,
0,15,,0.108853,0.063309,0.127381,0.044292,0.030708,0.008601,0.099757,0.066587,0.002712,0.028679,0.02756,0.001668,0.077143,0.114537,0.006176,0.17081,0.020097,0.001129,,2962600,,
0,13,,0.105925,0.03856,0.098704,0.077057,0.007912,0.005118,0.177028,0.052643,0.002413,0.014861,0.013862,0.011136,0.072248,0.181839,0.000625,0.13628,0.003437,0.000352,,2972600,,
0,6,,0.11686,0.037569,0.078195,0.118441,0.009539,0.004001,0.215407,0.035618,0.001726,0.018022,0.017064,0.0275,0.046405,0.154062,0.002132,0.1097,0.007185,0.000575,,3486600,,
0,15,,0.089331,0.065825,0.115113,0.061451,0.024604,0.007751,0.11576,0.070204,0.002395,0.030573,0.027733,0.009047,0.085401,0.117142,0.004365,0.160491,0.012116,0.000699,,2927700,,
0,6,,0.098903,0.01921,0.0685,0.195489,0.005785,0.00115,0.24311,0.026673,0.000329,0.007498,0.007415,0.052264,0.039198,0.144724,0.000393,0.082769,0.003889,0.002701,,3081200,,
0,6,,0.093694,0.058317,0.106325,0.053558,0.01251,0.001674,0.180453,0.081247,0.002968,0.021898,0.023421,0.004762,0.066034,0.156387,0.001076,0.127682,0.007328,0.000666,,2923300,,
0,6,,0.102896,0.047216,0.081587,0.119984,0.017221,0.005203,0.216822,0.050549,0.001177,0.017696,0.022642,0.020008,0.058333,0.136682,0.001286,0.092331,0.007804,0.000561,,3050200,,
0,6,,0.107466,0.04144,0.080797,0.116057,0.009343,0.001459,0.210822,0.047833,0.003245,0.016074,0.009691,0.019106,0.054663,0.158245,0.00119,0.113556,0.008345,0.000666,,2985900,,
0,13,,0.10299,0.04355,0.080168,0.076921,0.012193,0.004417,0.186932,0.048146,0.004689,0.013793,0.01256,0.007192,0.060454,0.201195,0.002359,0.12407,0.016984,0.001386,,3115600,,
0,6,,0.133152,0.031541,0.086943,0.129683,0.009696,0.001734,0.210771,0.039782,0.002562,0.010537,0.007376,0.013094,0.04872,0.142064,0.002391,0.113281,0.015511,0.001161,,2953600,,
0,13,,0.116767,0.046548,0.079055,0.090783,0.008376,0.007906,0.179746,0.051137,0.002661,0.021478,0.019212,0.018011,0.057623,0.180989,0.001669,0.114392,0.003295,0.000351,,2929100,,
0,15,,0.092158,0.059824,0.126291,0.036095,0.017435,0.003605,0.114937,0.066644,0.003407,0.026703,0.020352,0.003427,0.092432,0.135536,0.004104,0.179006,0.016694,0.001351,,3099000,,
0,6,,0.120393,0.044844,0.099045,0.096624,0.014701,0.005345,0.165371,0.04921,0.000622,0.022526,0.021002,0.02259,0.064149,0.146496,0.001069,0.122819,0.003019,0.000176,,2944700,,
0,15,,0.102171,0.06604,0.120287,0.033064,0.035175,0.015548,0.07767,0.073754,0.003441,0.034228,0.035779,0.003742,0.088512,0.121558,0.011154,0.161566,0.015534,0.000779,,3241400,,
0,13,,0.101067,0.036003,0.090617,0.068012,0.012883,0.007547,0.170702,0.041007,0.003716,0.018338,0.015141,0.011827,0.06006,0.200626,0.00351,0.149188,0.008941,0.000816,,3034500,,
0,13,,0.097469,0.037388,0.090237,0.078554,0.007424,0.004945,0.181819,0.046484,0.003622,0.016418,0.010967,0.006631,0.070233,0.197152,0.001325,0.138144,0.009795,0.001392,,3035100,,
0,6,,0.110318,0.040787,0.078998,0.114405,0.017294,0.009989,0.206969,0.046038,0.002231,0.022342,0.017356,0.029623,0.058081,0.137138,0.002243,0.103633,0.002379,0.000177,,2928600,,
0,15,,0.104338,0.059911,0.135883,0.030558,0.026618,0.012219,0.10055,0.065576,0.00133,0.032279,0.034429,0.004327,0.0865,0.113021,0.005941,0.175156,0.010511,0.000852,,2959700,,
0,13,,0.115492,0.040625,0.103486,0.064149,0.01027,0.005704,0.164517,0.060145,0.002675,0.022878,0.020133,0.006782,0.07313,0.175801,0.000626,0.128698,0.004514,0.000374,,3626400,,
0,13,,0.092896,0.065781,0.120922,0.029837,0.019204,0.008778,0.117072,0.083611,0.002611,0.02881,0.029216,0.003043,0.081207,0.166922,0.001542,0.143756,0.004357,0.000434,,2982100,,
0,15,,0.08345,0.063104,0.144339,0.020672,0.040395,0.020312,0.058353,0.079729,0.005889,0.047507,0.041731,0.002841,0.10142,0.092782,0.011165,0.162587,0.021815,0.00191,,2984400,,
0,6,,0.08622,0.045338,0.113929,0.062146,0.024348,0.008907,0.175411,0.058651,0.008576,0.027862,0.016496,0.00609,0.083276,0.122701,0.003616,0.130534,0.022437,0.003462,,3255600,,
0,15,,0.124745,0.066249,0.127195,0.052335,0.031347,0.00884,0.089329,0.070083,0.002339,0.029438,0.027834,0.003261,0.080625,0.10216,0.006168,0.157923,0.018999,0.001129,,2991700,,
0,6,,0.116445,0.036396,0.07186,0.11377,0.006883,0.001365,0.232182,0.042022,0.002386,0.015907,0.004893,0.019275,0.052699,0.163279,0.000987,0.110784,0.008126,0.00074,,3216900,,
0,13,,0.11002,0.052369,0.104911,0.04798,0.020627,0.01256,0.142516,0.05377,0.00313,0.025554,0.027495,0.011685,0.074445,0.171497,0.002689,0.134239,0.004078,0.000434,,3023600,,
0,13,,0.124597,0.053652,0.085922,0.07063,0.018382,0.00825,0.145951,0.0484,0.004905,0.025103,0.022559,0.007076,0.05677,0.183009,0.003646,0.131026,0.009581,0.000538,,3002800,,
0,15,,0.092782,0.073495,0.141923,0.017797,0.0197,0.004029,0.072266,0.091589,0.003438,0.034062,0.026933,0.000052,0.098606,0.132926,0.004097,0.16827,0.016674,0.001362,,3144400,,
0,7,,0.103926,0.122883,0.125984,0.03043,0.021695,0.007254,0.061234,0.150894,0.000198,0.05367,0.03447,0.005165,0.096045,0.084366,0.001298,0.097783,0.002624,0.000083,,3075500,,
0,6,,0.121184,0.043608,0.078371,0.097988,0.018838,0.005867,0.225527,0.041179,0.001843,0.028467,0.025068,0.00804,0.047514,0.142337,0.003767,0.102929,0.007255,0.000219,,3021400,,
0,15,,0.101519,0.06236,0.11886,0.050605,0.023899,0.007293,0.109751,0.067,0.00133,0.034314,0.033855,0.005581,0.084229,0.122156,0.00397,0.160094,0.011245,0.001941,,3362100,,
0,6,,0.118323,0.047692,0.093613,0.108279,0.007303,0.001589,0.201618,0.048508,0.00249,0.016991,0.010591,0.017506,0.06442,0.13837,0.000861,0.112122,0.008992,0.000731,,3020100,,
0,2,,0.095222,0.103859,0.130549,0.040001,0.015327,0.006547,0.099902,0.127219,0.000165,0.03655,0.026357,0.005581,0.100203,0.104101,0.001437,0.104164,0.002257,0.000558,,3256500,,
0,6,,0.094018,0.042315,0.100782,0.077916,0.023986,0.009388,0.174288,0.053016,0.006678,0.028847,0.01482,0.009433,0.081623,0.136506,0.00415,0.122975,0.017253,0.002004,,2959800,,
0,7,,0.095093,0.106314,0.112514,0.055547,0.02186,0.012948,0.119678,0.122487,0.000581,0.037415,0.028689,0.01319,0.079048,0.09396,0.005643,0.091211,0.003637,0.000187,,3299400,,
0,6,,0.105424,0.026246,0.066011,0.176952,0.005866,0.003293,0.211376,0.033431,0.001487,0.017693,0.007399,0.075838,0.046985,0.133423,0.000476,0.08621,0.001797,0.000094,,3120400,,
0,15,,0.115702,0.067499,0.127314,0.039607,0.024451,0.007761,0.079228,0.075228,0.002122,0.034774,0.030699,0.009267,0.094692,0.112029,0.004307,0.162732,0.011813,0.000776,,2940800,,
0,15,,0.08345,0.063104,0.144339,0.020672,0.040395,0.020312,0.058353,0.079729,0.005889,0.047507,0.041731,0.002841,0.10142,0.092782,0.011165,0.162587,0.021815,0.00191,,2977400,,
0,13,,0.119297,0.045793,0.084702,0.052168,0.009903,0.004801,0.175448,0.045571,0.005538,0.025326,0.018333,0.001168,0.052895,0.208139,0.004565,0.129329,0.015639,0.001384,,3031000,,
0,6,,0.087762,0.053663,0.110423,0.057847,0.018469,0.009989,0.167109,0.067337,0.000259,0.027495,0.032955,0.011011,0.063584,0.148713,0.002661,0.138394,0.002215,0.000114,,3316000,,
0,13,,0.089048,0.061942,0.125892,0.031364,0.017864,0.008581,0.11765,0.07975,0.002038,0.034081,0.031763,0.000052,0.076913,0.169965,0.001365,0.145921,0.004643,0.001169,,2938800,,
0,15,,0.100095,0.085212,0.138474,0.030268,0.028236,0.007815,0.068446,0.097238,0.001827,0.041098,0.037889,0.003867,0.093154,0.098043,0.004219,0.150679,0.012587,0.000853,,3620800,,
0,13,,0.091805,0.060017,0.11213,0.032157,0.012204,0.007041,0.12717,0.074829,0.004891,0.034501,0.018942,0.003667,0.068205,0.191948,0.002545,0.148165,0.008852,0.00093,,3310300,,
0,6,,0.106925,0.025615,0.060889,0.186129,0.004349,0.001028,0.231879,0.038564,0.000986,0.005628,0.007483,0.042394,0.053113,0.145504,0.00033,0.082599,0.006133,0.000451,,3281300,,
0,6,,0.112044,0.026822,0.069607,0.15681,0.00551,0.001603,0.218015,0.036474,0.000806,0.008077,0.012508,0.032582,0.046086,0.162781,0.000101,0.107496,0.002587,0.000093,,3534900,,
0,6,,0.107026,0.025837,0.065989,0.152351,0.005291,0.004633,0.238695,0.043021,0.00159,0.019189,0.008532,0.029848,0.04608,0.154596,0.00115,0.094156,0.001921,0.000094,,3007700,,
0,15,,0.098695,0.068088,0.116138,0.063332,0.024671,0.007989,0.110395,0.072032,0.002534,0.030786,0.028007,0.010915,0.084194,0.11214,0.004357,0.153035,0.011991,0.000699,,3184300,,
0,15,,0.101012,0.07813,0.133797,0.03043,0.028515,0.007777,0.062979,0.098985,0.001483,0.044058,0.038444,0.005165,0.08876,0.107595,0.004228,0.155447,0.012342,0.000853,,3019200,,
0,15,,0.105333,0.055272,0.112552,0.059296,0.025343,0.01276,0.10946,0.063096,0.002185,0.030009,0.029016,0.015458,0.088079,0.115752,0.006675,0.158598,0.010339,0.000776,,3498100,,
0,13,,0.111729,0.053334,0.113165,0.035582,0.018858,0.012799,0.129433,0.056888,0.00313,0.028727,0.028036,0.007015,0.079274,0.169176,0.002689,0.145654,0.004078,0.000434,,2930800,,
0,6,,0.11496,0.031627,0.080073,0.136881,0.004442,0.004243,0.204109,0.037689,0.001166,0.020051,0.011263,0.062958,0.053551,0.139348,0.000862,0.094701,0.001983,0.000094,,2991900,,
0,6,,0.110721,0.031426,0.085723,0.090696,0.018785,0.009221,0.214142,0.04016,0.001198,0.013098,0.013214,0.009638,0.058878,0.177544,0.00567,0.11454,0.005239,0.000107,,3003300,,
0,13,,0.112503,0.040714,0.109424,0.049422,0.011189,0.00867,0.147993,0.045761,0.003334,0.019626,0.017635,0.00716,0.07577,0.18673,0.003245,0.151434,0.008574,0.000816,,2964300,,
0,15,,0.08028,0.063357,0.141606,0.012472,0.040877,0.020083,0.06522,0.090114,0.008895,0.048203,0.039672,0,0.107704,0.093285,0.007828,0.154434,0.022927,0.003042,,3066600,,
0,6,,0.118459,0.033111,0.088154,0.144528,0.009111,0.001216,0.186908,0.033675,0.001066,0.013624,0.016463,0.058249,0.054713,0.143706,0.000224,0.094273,0.002489,0.000031,,3152000,,
0,6,,0.110228,0.042787,0.078139,0.108723,0.01523,0.0057,0.230129,0.040353,0.001489,0.014531,0.016132,0.013899,0.058759,0.155588,0.001104,0.09823,0.008343,0.000637,,2934100,,
0,6,,0.095262,0.042693,0.076139,0.136531,0.015305,0.005558,0.227166,0.038311,0.000842,0.013409,0.017312,0.018497,0.050833,0.138735,0.001184,0.112993,0.008671,0.000561,,3070900,,
0,13,,0.093285,0.051364,0.104263,0.062389,0.011148,0.007041,0.141723,0.076215,0.002752,0.027729,0.018426,0.008784,0.066097,0.188395,0.001391,0.135094,0.003553,0.000351,,2974400,,
0,6,,0.106569,0.035404,0.066735,0.155086,0.005751,0.001028,0.218815,0.041827,0.003113,0.009008,0.007799,0.033289,0.053063,0.154261,0.00118,0.093712,0.012274,0.001084,,2952200,,
0,15,,0.108935,0.067493,0.127174,0.035679,0.024902,0.0079,0.089384,0.073154,0.001796,0.032285,0.030285,0.005823,0.092022,0.113083,0.00415,0.173112,0.011971,0.000852,,3146800,,
0,7,,0.08582,0.113071,0.145853,0.018099,0.017271,0.00647,0.077806,0.153599,0.000165,0.04569,0.03288,0.000052,0.104946,0.087919,0.0012,0.106889,0.001435,0.000834,,2996300,,
