cardiotocography-10clases,Tuned_CWT,test,0,NANOSECONDS,PREDICTIONS, Generated by ClassifierExperiments.java on 2022-05-16 02:07:37.    SYSTEMPROPERTIES:{user.name:matth,os.arch:amd64,os.name:Windows 10},ENDSYSTEMPROPERTIES
No parameter info
0.5767441860465117,446426200,428828700,-1,20648144,10,,-1,-1
0,0,,0.283066,0.080173,0.021525,0.011939,0.058533,0.085847,0.130771,0.043937,0.072905,0.211303,,1073100,,
0,0,,0.334541,0.096438,0.022484,0.009861,0.036693,0.106652,0.13489,0.046628,0.069055,0.142759,,1001100,,
0,0,,0.343066,0.090173,0.021525,0.007939,0.038533,0.079847,0.110771,0.063937,0.072905,0.171303,,989900,,
0,0,,0.215615,0.079899,0.021251,0.011939,0.058506,0.085847,0.130771,0.043937,0.18089,0.171344,,993700,,
0,0,,0.253291,0.141335,0.022443,0.031638,0.0369,0.101183,0.127798,0.050614,0.062573,0.172224,,991800,,
0,1,,0.212643,0.216233,0.035443,0.027498,0.048582,0.167434,0.074844,0.032442,0.055989,0.128893,,982700,,
0,0,,0.239785,0.090173,0.021525,0.007939,0.036492,0.079847,0.130771,0.043937,0.183005,0.166526,,989600,,
0,0,,0.283066,0.090173,0.021525,0.007939,0.041033,0.079847,0.130771,0.043937,0.112905,0.188803,,1016700,,
0,0,,0.297736,0.101606,0.043111,0.033799,0.056771,0.095877,0.123727,0.050614,0.064328,0.132431,,1006900,,
0,0,,0.293292,0.107473,0.021126,0.013654,0.05741,0.114741,0.111053,0.044615,0.070526,0.166109,,1029700,,
0,0,,0.311345,0.091277,0.04322,0.011213,0.058408,0.085836,0.143155,0.049164,0.067773,0.13861,,1023900,,
0,0,,0.249733,0.082396,0.021525,0.011939,0.049644,0.085847,0.130771,0.043937,0.092905,0.231303,,1027700,,
0,1,,0.203374,0.232517,0.015267,0.022998,0.028545,0.155391,0.074123,0.031765,0.115027,0.120994,,1027700,,
0,0,,0.314468,0.103577,0.021224,0.009154,0.037647,0.102697,0.110333,0.043937,0.090526,0.166436,,1022200,,
0,0,,0.274468,0.113577,0.021224,0.013154,0.057647,0.108697,0.110333,0.043937,0.090526,0.166436,,1020000,,
0,0,,0.263066,0.090173,0.021525,0.007939,0.041033,0.079847,0.130771,0.043937,0.132905,0.188803,,1020800,,
0,1,,0.133078,0.326257,0.008657,0.067176,0.038769,0.234699,0.035321,0.019583,0.062655,0.073804,,1019100,,
0,0,,0.23382,0.232336,0.015541,0.022998,0.028819,0.155391,0.074123,0.031765,0.075989,0.12922,,1040900,,
0,1,,0.198073,0.214107,0.016663,0.034429,0.027818,0.197476,0.105597,0.043087,0.048709,0.114041,,1022700,,
0,0,,0.23382,0.202336,0.015541,0.026998,0.028819,0.161391,0.074123,0.031765,0.075989,0.14922,,1021100,,
0,1,,0.207145,0.209137,0.015352,0.030018,0.047826,0.1783,0.075842,0.033882,0.059923,0.142575,,1019900,,
0,0,,0.283066,0.090173,0.021525,0.007939,0.041033,0.079847,0.130771,0.043937,0.132905,0.168803,,1027100,,
0,5,,0.163032,0.188176,0.036385,0.048101,0.047879,0.199649,0.085014,0.067243,0.049747,0.114775,,1046200,,
0,9,,0.223066,0.080173,0.021525,0.011939,0.058533,0.085847,0.130771,0.043937,0.097905,0.246303,,1011400,,
0,0,,0.327931,0.09859,0.02192,0.02399,0.036931,0.085505,0.1346,0.045854,0.069159,0.155518,,994700,,
0,0,,0.240305,0.106663,0.020581,0.006887,0.039834,0.074189,0.126943,0.042021,0.128674,0.213904,,992200,,
0,0,,0.263066,0.080173,0.021525,0.011939,0.058533,0.085847,0.130771,0.043937,0.112905,0.191303,,993600,,
0,0,,0.332621,0.110354,0.021251,0.007939,0.040759,0.079847,0.110771,0.063937,0.071943,0.160578,,994100,,
0,0,,0.21382,0.202336,0.015541,0.026998,0.028819,0.161391,0.074123,0.031765,0.060989,0.18422,,995100,,
0,0,,0.299231,0.093202,0.021814,0.008809,0.04052,0.080994,0.111061,0.064711,0.111839,0.167819,,996300,,
0,0,,0.294542,0.103401,0.023799,0.01299,0.061641,0.092175,0.151047,0.059221,0.065685,0.135498,,995000,,
0,1,,0.175917,0.355819,0.009135,0.077693,0.019249,0.192936,0.033893,0.018239,0.042655,0.074463,,991400,,
0,0,,0.232334,0.109899,0.021251,0.007939,0.036465,0.079847,0.130771,0.043937,0.17099,0.166566,,994100,,
0,0,,0.283066,0.090173,0.021525,0.007939,0.041033,0.079847,0.110771,0.063937,0.112905,0.188803,,994600,,
0,0,,0.215615,0.079899,0.021251,0.011939,0.058506,0.085847,0.130771,0.043937,0.14089,0.211344,,991900,,
0,0,,0.218425,0.075333,0.022751,0.012959,0.057469,0.101829,0.194067,0.05448,0.065053,0.197634,,994100,,
0,1,,0.119078,0.324426,0.011698,0.035815,0.023077,0.195918,0.049985,0.023649,0.087989,0.128366,,992700,,
0,9,,0.214468,0.093577,0.021224,0.013154,0.057647,0.108697,0.110333,0.043937,0.110526,0.226436,,1008100,,
0,0,,0.247756,0.106937,0.020855,0.006887,0.039861,0.074189,0.126943,0.042021,0.120688,0.213863,,992100,,
0,0,,0.293292,0.087473,0.021126,0.013654,0.05741,0.114741,0.111053,0.044615,0.070526,0.186109,,998600,,
0,0,,0.318377,0.086743,0.042194,0.013435,0.037205,0.087727,0.1346,0.045854,0.070121,0.163744,,995700,,
0,0,,0.267437,0.103667,0.02225,0.009154,0.041349,0.103028,0.118888,0.047247,0.108178,0.178803,,995700,,
0,9,,0.223066,0.090173,0.021525,0.007939,0.038533,0.079847,0.130771,0.043937,0.137905,0.226303,,996300,,
0,0,,0.24913,0.21335,0.016211,0.046271,0.027491,0.141049,0.077951,0.033681,0.073205,0.12166,,996000,,
0,0,,0.225396,0.083195,0.023419,0.012809,0.079123,0.087664,0.147509,0.05141,0.107402,0.182073,,996400,,
0,0,,0.274468,0.093577,0.021224,0.013154,0.037647,0.108697,0.110333,0.043937,0.070526,0.226436,,996600,,
0,0,,0.237981,0.1381,0.021773,0.030587,0.038228,0.095525,0.12397,0.048698,0.085356,0.179784,,997800,,
0,0,,0.254468,0.093577,0.021224,0.013154,0.037647,0.108697,0.110333,0.043937,0.070526,0.246436,,994300,,
0,0,,0.256856,0.102843,0.02393,0.012145,0.033195,0.12248,0.146085,0.051605,0.109756,0.141106,,1001300,,
0,0,,0.215615,0.109899,0.021251,0.007939,0.078506,0.079847,0.130771,0.043937,0.16089,0.151344,,1012900,,
0,0,,0.256323,0.118164,0.04473,0.01322,0.039115,0.10084,0.177264,0.060615,0.061189,0.128539,,993100,,
0,0,,0.28751,0.101528,0.043509,0.024861,0.057895,0.086983,0.143445,0.049937,0.066707,0.137625,,993100,,
0,0,,0.216263,0.100076,0.022104,0.011939,0.058433,0.086186,0.138664,0.047327,0.115817,0.203192,,1003500,,
0,0,,0.294468,0.093577,0.021224,0.013154,0.037647,0.108697,0.110333,0.043937,0.070526,0.206436,,992300,,
0,0,,0.283066,0.080173,0.021525,0.011939,0.058533,0.085847,0.130771,0.043937,0.072905,0.211303,,992600,,
0,0,,0.242512,0.11801,0.020747,0.050587,0.037025,0.095194,0.115414,0.045388,0.107705,0.167418,,992300,,
0,0,,0.316035,0.090263,0.02255,0.007939,0.039735,0.080178,0.119327,0.067247,0.090556,0.16617,,993000,,
0,0,,0.323066,0.110173,0.021525,0.007939,0.038533,0.079847,0.130771,0.043937,0.072905,0.171303,,992200,,
0,0,,0.307737,0.101341,0.023064,0.024861,0.056593,0.086991,0.142782,0.050017,0.066967,0.139647,,994400,,
0,0,,0.243066,0.109261,0.021579,0.008164,0.036976,0.109876,0.127285,0.072257,0.086871,0.184664,,994800,,
0,0,,0.316035,0.075263,0.04255,0.022939,0.039735,0.080178,0.139327,0.047247,0.070556,0.16617,,991000,,
0,0,,0.235615,0.089899,0.021251,0.007939,0.038506,0.079847,0.130771,0.043937,0.18089,0.171344,,991600,,
0,0,,0.205928,0.120093,0.023836,0.011236,0.03283,0.122198,0.155489,0.078008,0.128214,0.122168,,998100,,
0,0,,0.263066,0.090173,0.021525,0.007939,0.041033,0.079847,0.110771,0.063937,0.132905,0.188803,,998300,,
0,1,,0.194388,0.317662,0.012367,0.032867,0.02175,0.195576,0.053813,0.025566,0.045205,0.100806,,988800,,
0,0,,0.229414,0.126903,0.042919,0.032428,0.068632,0.088686,0.122716,0.049164,0.065394,0.173743,,996000,,
0,0,,0.283066,0.100173,0.021525,0.011939,0.038533,0.085847,0.130771,0.043937,0.072905,0.211303,,995500,,
0,0,,0.245684,0.117431,0.023572,0.017938,0.034551,0.133982,0.149032,0.052529,0.060898,0.164382,,1008900,,
0,0,,0.258012,0.105721,0.02322,0.01299,0.069519,0.091836,0.143155,0.049164,0.067773,0.17861,,998800,,
0,1,,0.163374,0.202517,0.015267,0.026998,0.068545,0.161391,0.074123,0.031765,0.080027,0.175994,,994700,,
0,0,,0.283066,0.110173,0.021525,0.007939,0.041033,0.079847,0.130771,0.043937,0.092905,0.188803,,995600,,
0,0,,0.205396,0.085013,0.023419,0.012809,0.079123,0.087664,0.147509,0.069592,0.107402,0.182073,,997900,,
0,0,,0.259959,0.129696,0.021126,0.013654,0.068521,0.114741,0.111053,0.044615,0.070526,0.166109,,995300,,
0,0,,0.269733,0.102396,0.021525,0.011939,0.049644,0.085847,0.130771,0.043937,0.072905,0.211303,,995600,,
0,0,,0.237311,0.107118,0.020581,0.006887,0.059587,0.074189,0.126943,0.042021,0.154726,0.170638,,995500,,
0,0,,0.274468,0.113577,0.041224,0.013154,0.037647,0.108697,0.110333,0.043937,0.070526,0.186436,,995200,,
0,0,,0.236035,0.090263,0.02255,0.007939,0.039735,0.080178,0.119327,0.067247,0.170556,0.16617,,996700,,
1,1,,0.061551,0.31178,0.009846,0.114827,0.011205,0.298615,0.106424,0.031094,0.024665,0.029993,,992200,,
1,1,,0.133078,0.31959,0.008657,0.079843,0.018769,0.248699,0.035321,0.019583,0.042655,0.093804,,993100,,
1,1,,0.172725,0.307537,0.011987,0.054516,0.021506,0.225296,0.054521,0.026233,0.045205,0.080474,,988600,,
1,0,,0.232157,0.212212,0.015161,0.028647,0.048576,0.17111,0.074831,0.032431,0.055989,0.128887,,997800,,
1,1,,0.115129,0.327213,0.02998,0.082797,0.034976,0.221639,0.044783,0.047051,0.036413,0.060019,,1005100,,
1,1,,0.113078,0.34959,0.008657,0.063843,0.038769,0.234699,0.035321,0.019583,0.042655,0.093804,,1009400,,
1,1,,0.133078,0.377368,0.008657,0.062065,0.038769,0.208699,0.035321,0.019583,0.042655,0.073804,,994100,,
1,1,,0.088388,0.360604,0.009327,0.083117,0.037441,0.234357,0.03915,0.0215,0.039872,0.086244,,986800,,
1,1,,0.099629,0.33671,0.009342,0.086264,0.016602,0.242641,0.058494,0.022271,0.05924,0.068805,,990900,,
1,1,,0.124553,0.343633,0.009616,0.103987,0.036928,0.215504,0.03944,0.022273,0.038806,0.065259,,988500,,
1,1,,0.137415,0.294301,0.011318,0.037464,0.062834,0.205637,0.050693,0.024316,0.067989,0.108033,,987000,,
1,1,,0.094939,0.299946,0.010012,0.147316,0.035275,0.228299,0.042323,0.024188,0.056456,0.061246,,990700,,
1,1,,0.119574,0.31341,0.029323,0.065037,0.035849,0.245394,0.04449,0.04643,0.037634,0.062859,,986200,,
1,1,,0.152157,0.212212,0.015161,0.028647,0.048576,0.17111,0.074831,0.032431,0.120989,0.143887,,987300,,
1,1,,0.097943,0.359673,0.009053,0.064228,0.017167,0.254357,0.03915,0.0215,0.03891,0.098019,,987000,,
1,1,,0.093078,0.326257,0.008657,0.087176,0.038769,0.234699,0.035321,0.019583,0.042655,0.113804,,987700,,
1,1,,0.113078,0.30959,0.008657,0.083843,0.038769,0.234699,0.035321,0.019583,0.042655,0.113804,,984100,,
1,1,,0.133078,0.366257,0.008657,0.047176,0.038769,0.234699,0.035321,0.019583,0.042655,0.073804,,985400,,
1,1,,0.149564,0.365597,0.009425,0.043727,0.017678,0.248314,0.038429,0.020823,0.039872,0.066571,,987000,,
1,1,,0.113078,0.30959,0.008657,0.083843,0.038769,0.234699,0.035321,0.019583,0.062655,0.093804,,995200,,
1,1,,0.124553,0.365855,0.009616,0.081765,0.036928,0.215504,0.03944,0.022273,0.038806,0.065259,,1017900,,
1,1,,0.093078,0.32959,0.008657,0.083843,0.038769,0.234699,0.035321,0.019583,0.042655,0.113804,,988700,,
1,1,,0.113078,0.30959,0.008657,0.083843,0.038769,0.234699,0.035321,0.019583,0.042655,0.113804,,987700,,
1,1,,0.114741,0.409715,0.009037,0.058194,0.019013,0.198979,0.034613,0.018916,0.042655,0.094136,,987300,,
1,1,,0.110023,0.348594,0.009866,0.08261,0.014202,0.245537,0.046583,0.048345,0.035333,0.058909,,988700,,
1,1,,0.179078,0.284426,0.011698,0.055815,0.023077,0.195918,0.049985,0.023649,0.047989,0.128366,,987200,,
1,1,,0.093078,0.30959,0.008657,0.083843,0.038769,0.234699,0.035321,0.019583,0.082655,0.093804,,986900,,
1,1,,0.117415,0.334301,0.011318,0.037464,0.042834,0.205637,0.050693,0.024316,0.047989,0.128033,,989200,,
1,0,,0.358377,0.073409,0.022194,0.00899,0.037205,0.105505,0.1346,0.045854,0.070121,0.143744,,993800,,
1,1,,0.137415,0.324301,0.011318,0.033464,0.022834,0.179637,0.050693,0.024316,0.127989,0.088033,,994100,,
1,6,,0.222914,0.084208,0.02542,0.030671,0.028477,0.113199,0.244952,0.108601,0.050191,0.091367,,1001400,,
1,1,,0.114254,0.335694,0.008755,0.063342,0.019006,0.228655,0.034601,0.018906,0.062655,0.114131,,997900,,
1,1,,0.115917,0.385819,0.009135,0.041693,0.039249,0.218936,0.033893,0.018239,0.042655,0.094463,,988500,,
1,1,,0.095174,0.342327,0.010956,0.067868,0.034273,0.25282,0.047096,0.026107,0.053239,0.07014,,986800,,
1,1,,0.130484,0.370007,0.011626,0.070475,0.032945,0.232479,0.050925,0.028024,0.030455,0.042581,,987000,,
1,1,,0.089243,0.34262,0.008947,0.120713,0.018256,0.209846,0.035611,0.020356,0.061589,0.092819,,994900,,
1,1,,0.130484,0.35223,0.011626,0.088253,0.012945,0.252479,0.050925,0.028024,0.030455,0.042581,,998000,,
1,5,,0.135278,0.196728,0.016487,0.028863,0.020294,0.236155,0.10877,0.085098,0.081285,0.091042,,1004900,,
1,1,,0.093078,0.326257,0.008657,0.087176,0.038769,0.234699,0.035321,0.019583,0.042655,0.113804,,990200,,
1,1,,0.11017,0.357589,0.010258,0.089125,0.014915,0.235022,0.065366,0.022895,0.035376,0.059285,,989100,,
1,1,,0.129564,0.366708,0.029425,0.062616,0.037678,0.208314,0.038429,0.020823,0.039872,0.066571,,992900,,
1,1,,0.114254,0.335694,0.008755,0.063342,0.039006,0.228655,0.034601,0.018906,0.062655,0.094131,,987400,,
1,1,,0.08556,0.316418,0.011352,0.125419,0.012619,0.273616,0.049979,0.028022,0.050889,0.046126,,989300,,
1,1,,0.1042,0.286392,0.014763,0.10559,0.035326,0.223668,0.090522,0.034056,0.033439,0.072044,,988500,,
1,1,,0.114713,0.345358,0.009196,0.081558,0.01553,0.239878,0.062755,0.026428,0.038116,0.066469,,984700,,
1,1,,0.125729,0.351959,0.049715,0.041264,0.017165,0.249461,0.038719,0.021596,0.038806,0.065587,,987200,,
1,1,,0.088388,0.380604,0.009327,0.083117,0.037441,0.214357,0.03915,0.0215,0.039872,0.086244,,989400,,
1,1,,0.109564,0.386708,0.009425,0.082616,0.037678,0.208314,0.038429,0.020823,0.039872,0.066571,,990200,,
1,1,,0.094319,0.366978,0.011336,0.089605,0.033458,0.231332,0.050635,0.027251,0.031521,0.063565,,995700,,
1,1,,0.119078,0.304426,0.011698,0.055815,0.063077,0.195918,0.049985,0.023649,0.047989,0.128366,,998900,,
1,1,,0.08556,0.356418,0.011352,0.085419,0.012619,0.273616,0.049979,0.028022,0.050889,0.046126,,1024400,,
1,1,,0.130484,0.35223,0.011626,0.088253,0.012945,0.252479,0.050925,0.028024,0.030455,0.042581,,1002400,,
1,1,,0.144553,0.346967,0.009616,0.065098,0.016928,0.251059,0.03944,0.022273,0.038806,0.065259,,998700,,
1,1,,0.200486,0.224559,0.015541,0.026998,0.05993,0.161391,0.074123,0.031765,0.055989,0.14922,,992000,,
1,0,,0.259959,0.109696,0.021126,0.013654,0.068521,0.114741,0.111053,0.044615,0.070526,0.186109,,987900,,
1,1,,0.085627,0.309316,0.008383,0.083843,0.058742,0.234699,0.035321,0.019583,0.070641,0.093844,,992600,,
1,1,,0.115108,0.325855,0.010192,0.106536,0.015482,0.223712,0.062944,0.042895,0.036456,0.06082,,989500,,
1,1,,0.159078,0.284426,0.011698,0.055815,0.023077,0.195918,0.049985,0.023649,0.047989,0.148366,,992000,,
1,1,,0.110906,0.322744,0.009327,0.103064,0.0385,0.226126,0.034903,0.01969,0.041589,0.093152,,989500,,
1,1,,0.093078,0.34959,0.008657,0.063843,0.038769,0.234699,0.035321,0.019583,0.062655,0.093804,,996100,,
1,1,,0.114939,0.389946,0.010012,0.083316,0.015275,0.222299,0.042323,0.024188,0.036456,0.061246,,1001600,,
1,1,,0.109243,0.29262,0.008947,0.104713,0.058256,0.235846,0.035611,0.020356,0.041589,0.092819,,995100,,
1,1,,0.119798,0.364841,0.009522,0.103262,0.01681,0.218053,0.039116,0.020978,0.03924,0.06838,,997300,,
1,1,,0.109564,0.386708,0.009425,0.062616,0.037678,0.208314,0.038429,0.020823,0.039872,0.086571,,997300,,
1,0,,0.233269,0.126067,0.023031,0.01188,0.057073,0.122163,0.134911,0.086156,0.080715,0.124736,,995100,,
1,1,,0.113078,0.30959,0.008657,0.083843,0.038769,0.234699,0.035321,0.019583,0.062655,0.093804,,1021700,,
1,1,,0.108388,0.352826,0.009327,0.084895,0.037441,0.220357,0.03915,0.0215,0.039872,0.086244,,991100,,
1,1,,0.158335,0.295934,0.033518,0.07299,0.038101,0.203802,0.063189,0.031517,0.038572,0.064043,,987400,,
1,1,,0.094254,0.335694,0.008755,0.063342,0.039006,0.228655,0.034601,0.018906,0.062655,0.114131,,994800,,
1,1,,0.19382,0.202336,0.015541,0.026998,0.028819,0.161391,0.074123,0.031765,0.095989,0.16922,,1002700,,
1,1,,0.115108,0.345855,0.010192,0.086536,0.035482,0.243712,0.042944,0.022895,0.036456,0.06082,,992000,,
1,1,,0.125927,0.370298,0.029033,0.058336,0.03742,0.204017,0.039954,0.023846,0.040418,0.070751,,994000,,
1,1,,0.115129,0.344991,0.02998,0.085019,0.034976,0.221639,0.044783,0.027051,0.036413,0.060019,,994200,,
1,1,,0.11965,0.385846,0.00913,0.080747,0.016097,0.214568,0.040333,0.026428,0.039197,0.068004,,992600,,
1,1,,0.093155,0.332309,0.008192,0.056642,0.02055,0.227278,0.030064,0.016322,0.073425,0.142064,,995900,,
1,1,,0.144553,0.345855,0.009616,0.061765,0.016928,0.255504,0.03944,0.022273,0.038806,0.065259,,995300,,
1,1,,0.106803,0.34542,0.008481,0.079342,0.018979,0.202655,0.034601,0.018906,0.090641,0.094171,,995000,,
1,1,,0.114254,0.312361,0.008755,0.086676,0.039006,0.228655,0.034601,0.018906,0.042655,0.114131,,994800,,
1,1,,0.134254,0.355694,0.008755,0.043342,0.039006,0.228655,0.034601,0.018906,0.042655,0.094131,,994800,,
1,1,,0.07076,0.289103,0.012802,0.133299,0.036361,0.228569,0.091012,0.033432,0.032782,0.071881,,999000,,
1,9,,0.214468,0.113577,0.021224,0.013154,0.057647,0.108697,0.110333,0.043937,0.095526,0.221436,,1010600,,
1,1,,0.085484,0.371759,0.011544,0.067932,0.032371,0.258442,0.074136,0.028024,0.029327,0.040982,,997000,,
1,1,,0.144553,0.335855,0.009616,0.085765,0.036928,0.221504,0.03944,0.022273,0.038806,0.065259,,994800,,
1,1,,0.11017,0.357589,0.010258,0.089125,0.014915,0.235022,0.065366,0.022895,0.035376,0.059285,,996300,,
1,1,,0.079574,0.31341,0.009323,0.045037,0.035849,0.285394,0.04449,0.04643,0.077634,0.062859,,1002600,,
1,0,,0.23382,0.222336,0.015541,0.026998,0.028819,0.161391,0.074123,0.031765,0.055989,0.14922,,994400,,
1,1,,0.144553,0.3603,0.009616,0.06732,0.036928,0.215504,0.03944,0.022273,0.038806,0.065259,,992600,,
1,1,,0.114254,0.335694,0.008755,0.063342,0.039006,0.228655,0.034601,0.018906,0.062655,0.094131,,994200,,
1,1,,0.094319,0.332534,0.011336,0.08405,0.013458,0.271332,0.050635,0.027251,0.051521,0.063565,,996300,,
1,1,,0.134254,0.382361,0.008755,0.062676,0.019006,0.202655,0.034601,0.018906,0.042655,0.094131,,995000,,
1,1,,0.098122,0.327689,0.012362,0.075921,0.018597,0.197208,0.060254,0.033755,0.061747,0.114347,,994700,,
1,1,,0.124553,0.3703,0.029616,0.041765,0.016928,0.251059,0.03944,0.022273,0.038806,0.065259,,995400,,
1,1,,0.114108,0.363814,0.009342,0.103987,0.036654,0.215504,0.03944,0.022273,0.037844,0.057034,,992600,,
1,1,,0.114254,0.335694,0.008755,0.083342,0.039006,0.208655,0.034601,0.018906,0.042655,0.114131,,991800,,
1,1,,0.124553,0.350855,0.029616,0.076765,0.036928,0.215504,0.03944,0.022273,0.038806,0.065259,,994000,,
1,1,,0.124553,0.3703,0.029616,0.041765,0.016928,0.251059,0.03944,0.022273,0.038806,0.065259,,1007800,,
1,1,,0.111227,0.369054,0.029805,0.082745,0.017922,0.204594,0.037721,0.020156,0.039872,0.086904,,992600,,
1,1,,0.085627,0.329316,0.008383,0.063843,0.038742,0.234699,0.035321,0.019583,0.090641,0.093844,,993400,,
1,1,,0.155853,0.310618,0.011364,0.059242,0.019812,0.207029,0.083864,0.03184,0.04126,0.079119,,993600,,
1,1,,0.113581,0.307994,0.008948,0.045914,0.035275,0.29567,0.069998,0.025343,0.036456,0.06082,,996500,,
1,1,,0.113078,0.296257,0.008657,0.103176,0.038769,0.228699,0.035321,0.019583,0.042655,0.113804,,1024000,,
1,1,,0.093581,0.335771,0.008948,0.084137,0.035275,0.24967,0.069998,0.025343,0.036456,0.06082,,994500,,
1,0,,0.250011,0.087473,0.021126,0.013654,0.055369,0.114741,0.111053,0.044615,0.085626,0.216331,,996200,,
1,1,,0.113581,0.315771,0.008948,0.064137,0.015275,0.26967,0.069998,0.045343,0.036456,0.06082,,995700,,
1,1,,0.094939,0.299946,0.010012,0.127316,0.035275,0.248299,0.042323,0.024188,0.056456,0.061246,,996100,,
1,1,,0.128388,0.377271,0.009327,0.06645,0.037441,0.214357,0.03915,0.0215,0.039872,0.066244,,992800,,
1,1,,0.046396,0.338484,0.010565,0.165167,0.033081,0.249389,0.069401,0.025638,0.030635,0.031246,,994100,,
1,1,,0.199078,0.311092,0.011698,0.035148,0.023077,0.189918,0.049985,0.023649,0.047989,0.108366,,995500,,
1,1,,0.146368,0.222062,0.015267,0.026998,0.028792,0.161391,0.074123,0.031765,0.108974,0.18426,,994000,,
1,1,,0.094254,0.375694,0.008755,0.063342,0.039006,0.208655,0.034601,0.018906,0.082655,0.074131,,997300,,
1,1,,0.128388,0.340604,0.029327,0.083117,0.037441,0.214357,0.03915,0.0215,0.039872,0.066244,,1020900,,
1,1,,0.135917,0.342485,0.009135,0.065027,0.039249,0.218936,0.033893,0.018239,0.042655,0.094463,,994200,,
1,1,,0.106803,0.34542,0.008481,0.079342,0.018979,0.202655,0.034601,0.018906,0.090641,0.094171,,995800,,
1,1,,0.113078,0.33959,0.008657,0.079843,0.018769,0.248699,0.035321,0.019583,0.042655,0.093804,,994900,,
1,1,,0.10087,0.359653,0.012021,0.086471,0.011291,0.279274,0.053808,0.029939,0.028106,0.038567,,995000,,
1,1,,0.11822,0.306822,0.008528,0.045208,0.013928,0.298907,0.074259,0.0495,0.034371,0.050258,,998200,,
2,0,,0.311345,0.098499,0.02322,0.02399,0.058408,0.085836,0.143155,0.049164,0.067773,0.13861,,994300,,
2,0,,0.307373,0.083097,0.044089,0.009861,0.048906,0.102877,0.131337,0.073327,0.064619,0.134513,,995200,,
2,0,,0.224797,0.088081,0.023487,0.010821,0.035574,0.126798,0.204318,0.056397,0.061189,0.168539,,999100,,
2,0,,0.241282,0.111122,0.044452,0.015337,0.039176,0.115679,0.156681,0.064772,0.062226,0.149273,,996200,,
2,0,,0.311345,0.078499,0.04322,0.02399,0.058408,0.085836,0.143155,0.049164,0.067773,0.13861,,993300,,
2,0,,0.271282,0.111122,0.044452,0.015337,0.035843,0.095679,0.156681,0.078105,0.062226,0.129273,,994000,,
2,0,,0.300706,0.094208,0.024089,0.012083,0.057795,0.087322,0.151337,0.053327,0.064619,0.154513,,995200,,
2,0,,0.3209,0.111457,0.022946,0.011213,0.058134,0.085836,0.143155,0.049164,0.066811,0.130385,,996200,,
2,0,,0.221546,0.099607,0.02326,0.011094,0.034523,0.096821,0.142256,0.049688,0.17254,0.148665,,994000,,
2,0,,0.291345,0.078499,0.04322,0.02399,0.038408,0.085836,0.143155,0.049164,0.067773,0.17861,,1007200,,
2,0,,0.281261,0.108652,0.024664,0.01641,0.039682,0.101529,0.174842,0.060615,0.062269,0.130074,,993900,,
3,1,,0.114254,0.322361,0.008755,0.082676,0.019006,0.242655,0.034601,0.018906,0.042655,0.114131,,993700,,
3,1,,0.080791,0.314061,0.011597,0.147228,0.012259,0.260338,0.073023,0.026729,0.029809,0.044166,,996200,,
3,1,,0.115108,0.328077,0.010192,0.104314,0.015482,0.263712,0.042944,0.022895,0.036456,0.06082,,995300,,
3,1,,0.130878,0.302504,0.009053,0.143117,0.038254,0.214357,0.03915,0.0215,0.038663,0.062525,,999300,,
3,1,,0.076101,0.344797,0.012267,0.140779,0.010931,0.245996,0.076851,0.028646,0.027025,0.036606,,994300,,
3,1,,0.057147,0.322156,0.00908,0.178072,0.015396,0.241683,0.067885,0.022895,0.033016,0.052672,,994300,,
3,1,,0.077147,0.322156,0.00908,0.118072,0.015396,0.261683,0.087885,0.022895,0.033016,0.052672,,993300,,
3,5,,0.041551,0.31178,0.009846,0.094827,0.011205,0.318615,0.126424,0.031094,0.024665,0.029993,,993600,,
3,1,,0.076101,0.324797,0.012267,0.160779,0.010931,0.245996,0.076851,0.028646,0.027025,0.036606,,993700,,
3,1,,0.11017,0.327589,0.010258,0.105125,0.014915,0.249022,0.065366,0.022895,0.035376,0.059285,,992800,,
3,1,,0.113078,0.34959,0.008657,0.083843,0.038769,0.214699,0.035321,0.019583,0.042655,0.093804,,995300,,
3,1,,0.128388,0.312826,0.009327,0.084895,0.057441,0.240357,0.03915,0.0215,0.039872,0.066244,,999900,,
3,1,,0.119798,0.324841,0.009522,0.123262,0.01681,0.238053,0.039116,0.020978,0.03924,0.06838,,994100,,
3,1,,0.063793,0.305981,0.008165,0.141587,0.057135,0.231915,0.042375,0.064357,0.035635,0.049057,,1008100,,
3,1,,0.10087,0.319653,0.012021,0.086471,0.011291,0.299274,0.053808,0.049939,0.028106,0.038567,,993700,,
3,1,,0.11017,0.367589,0.010258,0.085125,0.014915,0.229022,0.065366,0.022895,0.035376,0.059285,,994600,,
3,5,,0.039056,0.312891,0.008864,0.047191,0.008954,0.354178,0.140307,0.036332,0.02451,0.027716,,995000,,
4,9,,0.216035,0.100263,0.04255,0.011939,0.039735,0.086178,0.139327,0.047247,0.095556,0.22117,,994700,,
4,1,,0.198824,0.214434,0.015161,0.028647,0.059687,0.17111,0.074831,0.032431,0.055989,0.148887,,995000,,
4,9,,0.202896,0.081613,0.043338,0.013599,0.058549,0.093627,0.150721,0.05141,0.066274,0.237974,,999900,,
4,1,,0.154646,0.194112,0.014887,0.028647,0.069389,0.17111,0.074831,0.032431,0.07978,0.180168,,993700,,
4,0,,0.240951,0.100702,0.022751,0.012871,0.059251,0.09297,0.15158,0.05141,0.105647,0.161866,,998400,,
4,9,,0.220305,0.076663,0.020581,0.010887,0.079834,0.080189,0.126943,0.042021,0.088674,0.253904,,996300,,
4,9,,0.223066,0.100173,0.021525,0.011939,0.038533,0.085847,0.130771,0.043937,0.097905,0.246303,,992400,,
4,0,,0.227437,0.113667,0.04225,0.013154,0.038849,0.109028,0.118888,0.047247,0.073178,0.216303,,992500,,
4,1,,0.15201,0.212554,0.015748,0.031069,0.070224,0.183959,0.08367,0.047799,0.071177,0.13179,,995200,,
4,0,,0.269231,0.100166,0.02313,0.011939,0.059636,0.086517,0.147219,0.050637,0.068468,0.183058,,992900,,
4,0,,0.216263,0.080076,0.022104,0.011939,0.058433,0.086186,0.138664,0.047327,0.150817,0.188192,,994200,,
4,1,,0.153481,0.236108,0.015063,0.045147,0.028339,0.151154,0.075552,0.033108,0.095989,0.16606,,996100,,
4,9,,0.223066,0.080173,0.021525,0.011939,0.058533,0.085847,0.130771,0.043937,0.112905,0.231303,,995200,,
4,0,,0.243066,0.100173,0.021525,0.011939,0.058533,0.085847,0.130771,0.043937,0.112905,0.191303,,989400,,
4,9,,0.243066,0.100173,0.021525,0.011939,0.038533,0.085847,0.130771,0.043937,0.077905,0.246303,,988400,,
5,5,,0.077893,0.279889,0.006662,0.080394,0.012774,0.331396,0.090474,0.034728,0.034042,0.051747,,999900,,
5,5,,0.038907,0.298245,0.008525,0.086842,0.007717,0.317608,0.10622,0.084635,0.024568,0.026732,,995800,,
5,5,,0.032036,0.281659,0.007073,0.040252,0.006218,0.351177,0.104081,0.122439,0.043119,0.011946,,996000,,
5,5,,0.077893,0.269889,0.006662,0.084394,0.032774,0.317396,0.090474,0.034728,0.034042,0.051747,,994800,,
5,1,,0.036108,0.31207,0.008185,0.071129,0.00801,0.310048,0.124215,0.086718,0.024838,0.018678,,998600,,
5,1,,0.035392,0.344136,0.011698,0.072885,0.026537,0.301002,0.072003,0.103788,0.023863,0.008697,,992000,,
5,1,,0.160599,0.280208,0.031009,0.046149,0.019109,0.223432,0.067639,0.054137,0.042813,0.074906,,995100,,
5,5,,0.03586,0.290568,0.007581,0.068666,0.008771,0.3297,0.122808,0.084801,0.026541,0.024703,,994100,,
5,1,,0.091466,0.325598,0.02786,0.061109,0.034202,0.254652,0.058894,0.051797,0.036259,0.058163,,995400,,
5,5,,0.050132,0.298751,0.006175,0.038877,0.011994,0.353063,0.084346,0.082949,0.032356,0.041357,,993600,,
5,5,,0.064035,0.309951,0.007376,0.063865,0.014584,0.343691,0.079054,0.027511,0.035162,0.05477,,994900,,
5,1,,0.072955,0.297179,0.006728,0.083427,0.012207,0.296707,0.092896,0.054728,0.032962,0.050212,,994500,,
5,5,,0.11562,0.251481,0.012497,0.076697,0.013479,0.258363,0.128893,0.062958,0.032161,0.047852,,997200,,
5,1,,0.097417,0.304964,0.008659,0.045044,0.035787,0.294523,0.069708,0.02457,0.057522,0.061805,,993500,,
5,5,,0.028107,0.297113,0.010009,0.08088,0.005403,0.329532,0.13224,0.090056,0.021354,0.005307,,995200,,
5,5,,0.035839,0.28921,0.007793,0.112405,0.009277,0.311773,0.10097,0.080645,0.026584,0.025504,,992500,,
5,1,,0.102065,0.292934,0.009412,0.08473,0.032052,0.288042,0.084712,0.031474,0.030735,0.043845,,993800,,
5,1,,0.099533,0.336837,0.010745,0.047552,0.030785,0.290571,0.063322,0.05525,0.028063,0.03734,,994000,,
5,5,,0.039056,0.302891,0.008864,0.051191,0.008954,0.340178,0.120307,0.076332,0.02451,0.027716,,1000600,,
5,1,,0.142456,0.220151,0.016022,0.049291,0.086498,0.157959,0.09967,0.035799,0.052139,0.140016,,1001500,,
5,1,,0.088388,0.317271,0.009327,0.10645,0.037441,0.214357,0.03915,0.0215,0.039872,0.126244,,1004200,,
5,1,,0.104656,0.292904,0.007294,0.064441,0.033741,0.29178,0.084148,0.030582,0.035099,0.055356,,1001800,,
5,5,,0.042204,0.27573,0.008212,0.088299,0.009892,0.324413,0.114412,0.077471,0.030581,0.028787,,995400,,
5,1,,0.08567,0.307093,0.009156,0.082612,0.008684,0.290436,0.099894,0.060489,0.025625,0.030341,,1001600,,
5,5,,0.104677,0.28704,0.007081,0.053924,0.033235,0.303707,0.065987,0.054738,0.035056,0.054555,,996800,,
5,5,,0.045173,0.259127,0.006454,0.041205,0.011933,0.360446,0.124929,0.078793,0.031318,0.040623,,995300,,
5,1,,0.116764,0.295737,0.031298,0.034519,0.018597,0.244579,0.087929,0.05491,0.041747,0.073921,,990100,,
5,5,,0.057893,0.269889,0.006662,0.064394,0.032774,0.317396,0.110474,0.054728,0.034042,0.051747,,1018600,,
5,5,,0.057914,0.279025,0.006449,0.058877,0.032268,0.309323,0.092313,0.078884,0.033999,0.050946,,997600,,
5,1,,0.125227,0.249597,0.011974,0.076351,0.03588,0.249468,0.100804,0.056884,0.036068,0.057748,,998800,,
5,6,,0.171076,0.07564,0.020156,0.032428,0.032617,0.131769,0.247262,0.090569,0.059565,0.138919,,999500,,
5,1,,0.122417,0.333213,0.02874,0.043588,0.016361,0.262559,0.046497,0.04457,0.038651,0.063404,,997900,,
5,1,,0.109088,0.327018,0.010471,0.043552,0.010511,0.324571,0.063322,0.05525,0.027101,0.029115,,1000100,,
5,5,,0.041292,0.311513,0.007742,0.041304,0.008018,0.346449,0.089638,0.108731,0.023219,0.022093,,999300,,
5,5,,0.052977,0.268537,0.026515,0.043687,0.011701,0.340634,0.094735,0.078884,0.032919,0.049411,,999600,,
5,5,,0.118386,0.245881,0.011445,0.056733,0.012238,0.287418,0.135986,0.065899,0.029996,0.036018,,998800,,
5,5,,0.062047,0.237716,0.011299,0.042481,0.012051,0.336663,0.140474,0.085889,0.029944,0.041436,,1009300,,
5,1,,0.077417,0.324964,0.008659,0.045044,0.035787,0.294523,0.069708,0.02457,0.057522,0.061805,,1000300,,
5,5,,0.050326,0.289231,0.006515,0.0901,0.01323,0.315643,0.106817,0.052665,0.033131,0.042341,,1002600,,
5,5,,0.027325,0.265759,0.007955,0.062821,0.005395,0.378908,0.106071,0.120199,0.020378,0.005188,,999100,,
5,6,,0.15458,0.078118,0.021745,0.016654,0.028373,0.177981,0.230508,0.152976,0.048882,0.090185,,1000400,,
5,1,,0.104684,0.365172,0.009706,0.085019,0.034702,0.221639,0.044783,0.047051,0.035451,0.051793,,999200,,
5,1,,0.099553,0.342051,0.009535,0.064777,0.036354,0.261467,0.062651,0.022273,0.037677,0.06366,,1014800,,
5,0,,0.191505,0.191425,0.035141,0.027924,0.024339,0.190051,0.104567,0.090525,0.049747,0.094775,,999300,,
5,5,,0.072159,0.26597,0.025506,0.041825,0.033322,0.329665,0.068485,0.076967,0.035821,0.05028,,991800,,
5,1,,0.102065,0.292934,0.009412,0.08473,0.032052,0.288042,0.084712,0.031474,0.030735,0.043845,,990100,,
5,1,,0.091445,0.286462,0.028072,0.082626,0.034708,0.276725,0.077055,0.02764,0.036302,0.058964,,991500,,
5,5,,0.032389,0.308459,0.008185,0.042032,0.00597,0.37224,0.102069,0.10026,0.021556,0.006842,,990800,,
5,5,,0.039056,0.292891,0.008864,0.047191,0.008954,0.354178,0.120307,0.076332,0.02451,0.027716,,997700,,
5,1,,0.090607,0.309526,0.009091,0.064301,0.029251,0.300682,0.077472,0.060489,0.026705,0.031876,,990400,,
5,5,,0.071524,0.313433,0.007183,0.063075,0.015971,0.317727,0.075842,0.027511,0.055082,0.05265,,990300,,
5,1,,0.111445,0.306462,0.008072,0.062626,0.034708,0.276725,0.077055,0.02764,0.036302,0.058964,,1001700,,
5,5,,0.032779,0.276368,0.009551,0.083528,0.007236,0.335719,0.133684,0.083286,0.024181,0.013667,,1006400,,
5,5,,0.086653,0.244985,0.009909,0.034374,0.01236,0.317773,0.101902,0.112225,0.032545,0.047275,,991300,,
5,5,,0.11562,0.245647,0.012497,0.040974,0.013479,0.299919,0.128893,0.062958,0.032161,0.047852,,989200,,
5,5,,0.092354,0.298409,0.009427,0.041314,0.009138,0.331778,0.076219,0.081644,0.026688,0.03303,,990900,,
5,5,,0.036062,0.306237,0.008185,0.064254,0.00801,0.310038,0.135831,0.0887,0.024005,0.018678,,990400,,
5,1,,0.082417,0.314324,0.00874,0.082477,0.036361,0.242559,0.046497,0.02457,0.038651,0.123404,,1005500,,
5,5,,0.092459,0.30704,0.009935,0.046853,0.009651,0.322937,0.092801,0.057547,0.026827,0.033949,,991400,,
5,0,,0.195341,0.188396,0.014852,0.027053,0.044851,0.188905,0.131777,0.062252,0.050813,0.09576,,992400,,
5,5,,0.082068,0.232408,0.011087,0.086964,0.011545,0.313034,0.102312,0.090045,0.029901,0.040635,,999000,,
5,5,,0.068478,0.242357,0.011317,0.037965,0.008718,0.317399,0.130904,0.138903,0.025669,0.018289,,998200,,
5,5,,0.083374,0.256707,0.010767,0.036757,0.036663,0.293303,0.095094,0.080705,0.039927,0.066704,,990800,,
5,1,,0.092459,0.314818,0.009935,0.065075,0.009651,0.296937,0.092801,0.057547,0.026827,0.033949,,986800,,
5,5,,0.043597,0.302787,0.007855,0.064013,0.009045,0.30595,0.122392,0.082718,0.027352,0.034292,,989900,,
5,1,,0.091642,0.334473,0.008925,0.04099,0.011272,0.325969,0.06655,0.055631,0.02973,0.034819,,990400,,
5,5,,0.133348,0.175202,0.014478,0.029708,0.044277,0.20518,0.113285,0.081166,0.089635,0.113721,,1002200,,
6,0,,0.244501,0.136829,0.025222,0.011505,0.033245,0.111352,0.169879,0.061375,0.096114,0.109979,,1003700,,
6,6,,0.194046,0.068242,0.021134,0.010712,0.05364,0.123214,0.242372,0.105782,0.059855,0.121001,,1034200,,
6,0,,0.242808,0.072799,0.024912,0.02191,0.027964,0.12804,0.20837,0.132698,0.050052,0.090447,,989000,,
6,6,,0.194046,0.068242,0.021134,0.030712,0.05364,0.123214,0.242372,0.085782,0.059855,0.121001,,998700,,
6,6,,0.155061,0.074653,0.022997,0.03066,0.028584,0.12787,0.258118,0.155689,0.050381,0.095986,,998100,,
6,0,,0.203105,0.090102,0.024068,0.010138,0.030811,0.143445,0.182276,0.166783,0.052759,0.096513,,1009900,,
6,6,,0.174068,0.091419,0.020922,0.006973,0.033134,0.141141,0.184211,0.14812,0.079812,0.1202,,1000800,,
6,6,,0.207598,0.071078,0.022545,0.0125,0.035574,0.114543,0.228953,0.096876,0.082115,0.128218,,992300,,
6,6,,0.14375,0.07351,0.023063,0.019604,0.027505,0.163721,0.295864,0.131207,0.046231,0.075545,,988500,,
6,6,,0.19355,0.105881,0.024342,0.01236,0.051085,0.123445,0.222276,0.108601,0.053721,0.104738,,996400,,
6,6,,0.096789,0.185626,0.015142,0.049664,0.017793,0.216136,0.224612,0.074004,0.037944,0.08229,,1006200,,
6,0,,0.23355,0.086159,0.044342,0.027638,0.031085,0.127889,0.202276,0.088601,0.053721,0.104738,,990500,,
6,6,,0.147909,0.083945,0.024353,0.021007,0.030191,0.154791,0.333711,0.068031,0.04868,0.087381,,989300,,
6,0,,0.233302,0.08438,0.023738,0.009897,0.031846,0.123097,0.21337,0.114184,0.055424,0.110763,,999200,,
6,0,,0.224212,0.112966,0.024259,0.009726,0.033493,0.129584,0.171101,0.121796,0.057725,0.115138,,1000800,,
6,6,,0.161827,0.075303,0.021054,0.032132,0.033777,0.129021,0.24072,0.099817,0.06666,0.13969,,997100,,
6,6,,0.207598,0.071078,0.022545,0.0125,0.035574,0.114543,0.228953,0.096876,0.082115,0.128218,,997600,,
6,0,,0.242808,0.069744,0.024912,0.00941,0.027964,0.143596,0.20837,0.132698,0.050052,0.090447,,1001700,,
6,0,,0.275599,0.074519,0.022234,0.010066,0.056204,0.142932,0.130784,0.072911,0.084174,0.130575,,998000,,
6,6,,0.19824,0.086686,0.023672,0.009086,0.032413,0.137786,0.198448,0.144866,0.056505,0.112298,,999500,,
6,6,,0.14426,0.069633,0.024481,0.011475,0.026269,0.216906,0.236637,0.14861,0.047167,0.074561,,1005300,,
6,0,,0.285374,0.092219,0.022633,0.023351,0.057328,0.094038,0.150502,0.072234,0.066552,0.13577,,997800,,
6,0,,0.22762,0.096174,0.022332,0.009205,0.055068,0.10647,0.210791,0.082851,0.062072,0.127417,,995700,,
6,0,,0.22762,0.080214,0.022332,0.006983,0.035068,0.10647,0.150791,0.141033,0.102072,0.127417,,1001000,,
6,0,,0.21786,0.070013,0.020576,0.032735,0.033078,0.13008,0.210275,0.103079,0.060578,0.121726,,991100,,
6,6,,0.199711,0.083083,0.04142,0.031731,0.033478,0.120335,0.205603,0.100138,0.0607,0.1238,,992700,,
6,0,,0.224649,0.083571,0.021354,0.030921,0.054045,0.115025,0.203181,0.080138,0.061781,0.125335,,991100,,
6,0,,0.20762,0.100214,0.022332,0.006983,0.035068,0.12647,0.150791,0.121033,0.102072,0.127417,,989200,,
6,6,,0.144282,0.084903,0.021957,0.036711,0.027792,0.163578,0.24609,0.141082,0.04849,0.085116,,990800,,
6,5,,0.131303,0.167931,0.03459,0.044836,0.01758,0.228753,0.176529,0.10566,0.03802,0.054798,,989500,,
6,6,,0.208612,0.077616,0.024407,0.014949,0.030518,0.134755,0.244698,0.108601,0.05264,0.103203,,993100,,
6,0,,0.179824,0.089454,0.021946,0.019761,0.057043,0.105444,0.179162,0.119288,0.063017,0.16506,,992000,,
6,6,,0.214068,0.049601,0.020922,0.006973,0.033134,0.141141,0.216711,0.137438,0.059812,0.1202,,998100,,
6,6,,0.173109,0.059976,0.0212,0.013301,0.033073,0.134524,0.240794,0.125782,0.078775,0.119466,,1000500,,
6,5,,0.123223,0.167728,0.015161,0.076608,0.01446,0.221533,0.162154,0.146322,0.033669,0.039143,,1001700,,
6,6,,0.218219,0.07755,0.023884,0.014603,0.032918,0.125859,0.236609,0.10071,0.056548,0.113099,,998600,,
6,0,,0.203105,0.130102,0.024068,0.010138,0.030811,0.123445,0.182276,0.146783,0.052759,0.096513,,998500,,
6,6,,0.164264,0.087093,0.024481,0.01338,0.026269,0.151122,0.271249,0.140413,0.047167,0.074561,,991400,,
6,5,,0.096959,0.176909,0.01527,0.084995,0.018523,0.216632,0.200538,0.069857,0.037844,0.082473,,990800,,
6,6,,0.201827,0.095478,0.022508,0.032537,0.034551,0.115353,0.216707,0.053685,0.060898,0.166457,,1032400,,
6,6,,0.152216,0.060852,0.022657,0.010127,0.028877,0.181856,0.207728,0.197936,0.049818,0.087932,,1039800,,
6,6,,0.163495,0.063288,0.022215,0.022217,0.025756,0.154437,0.245195,0.183607,0.046148,0.073641,,1000800,,
6,0,,0.19058,0.097319,0.023363,0.011853,0.030061,0.172,0.154666,0.14407,0.073431,0.102656,,997300,,
6,6,,0.158605,0.067021,0.022757,0.032971,0.025246,0.181505,0.248181,0.145238,0.045998,0.072478,,1002300,,
6,0,,0.21355,0.069922,0.024342,0.010138,0.031085,0.143445,0.182276,0.166783,0.053721,0.104738,,990300,,
6,6,,0.147278,0.076324,0.022723,0.01316,0.02831,0.167166,0.24265,0.167254,0.048737,0.086397,,991100,,
6,6,,0.204628,0.084435,0.041566,0.032438,0.054551,0.117098,0.221342,0.055982,0.061824,0.126136,,996000,,
6,0,,0.19857,0.104899,0.023213,0.010573,0.097228,0.094377,0.178394,0.055624,0.064464,0.172658,,994000,,
6,0,,0.270621,0.077073,0.041941,0.024338,0.035125,0.126823,0.155834,0.077068,0.063002,0.128175,,992800,,
6,0,,0.247598,0.077038,0.042545,0.010722,0.055574,0.108543,0.208953,0.058694,0.062115,0.128218,,1011700,,
6,6,,0.174068,0.091419,0.020922,0.006973,0.033134,0.141141,0.184211,0.14812,0.079812,0.1202,,1007900,,
7,5,,0.141184,0.073955,0.022995,0.011653,0.024733,0.224746,0.212445,0.169994,0.046737,0.071558,,992100,,
7,7,,0.158955,0.060189,0.022489,0.0094,0.028071,0.178267,0.197536,0.199785,0.050241,0.095067,,995100,,
7,0,,0.208507,0.066358,0.023899,0.00941,0.030005,0.14804,0.168117,0.170879,0.072501,0.102284,,991100,,
7,6,,0.164204,0.072073,0.023973,0.016495,0.025756,0.170418,0.215552,0.190028,0.047861,0.073641,,991600,,
7,6,,0.169517,0.0826,0.02397,0.017811,0.028364,0.153459,0.201142,0.185779,0.050025,0.087333,,992800,,
7,0,,0.195112,0.087421,0.023205,0.017055,0.035888,0.146082,0.150103,0.156746,0.078375,0.110012,,994700,,
7,7,,0.174955,0.057562,0.022489,0.0094,0.028071,0.182712,0.181536,0.197967,0.050241,0.095067,,994300,,
7,7,,0.149517,0.084419,0.02397,0.017811,0.028364,0.173459,0.168642,0.216461,0.050025,0.087333,,992200,,
7,7,,0.166285,0.053771,0.040648,0.006973,0.03286,0.142937,0.178743,0.189003,0.078169,0.110611,,997000,,
7,7,,0.188507,0.086358,0.023899,0.00941,0.030005,0.14804,0.168117,0.190879,0.052501,0.102284,,994600,,
7,5,,0.047163,0.295354,0.007934,0.045971,0.009953,0.35703,0.073829,0.081627,0.051619,0.02952,,993000,,
7,0,,0.178611,0.088993,0.025308,0.012337,0.028638,0.162339,0.16055,0.17504,0.070835,0.097348,,994700,,
7,5,,0.047163,0.295354,0.007934,0.045971,0.009953,0.37703,0.073829,0.081627,0.031619,0.02952,,990700,,
7,5,,0.031016,0.305213,0.007742,0.041621,0.006931,0.360418,0.094559,0.113493,0.022784,0.016223,,991600,,
7,7,,0.143499,0.057289,0.022215,0.0094,0.025756,0.168653,0.219807,0.233592,0.046148,0.073641,,1006300,,
7,0,,0.195687,0.137413,0.025218,0.011648,0.031652,0.116389,0.17522,0.106304,0.093876,0.106594,,995200,,
7,0,,0.23355,0.089922,0.024342,0.010138,0.031085,0.123445,0.162276,0.166783,0.053721,0.104738,,997600,,
7,0,,0.194068,0.071419,0.020922,0.006973,0.033134,0.141141,0.164211,0.16812,0.079812,0.1202,,995300,,
7,0,,0.174068,0.054045,0.040922,0.006973,0.033134,0.139197,0.166711,0.164938,0.099812,0.1202,,997700,,
7,5,,0.085245,0.177591,0.014148,0.027351,0.01446,0.284787,0.135853,0.187754,0.033669,0.039143,,992400,,
7,7,,0.169025,0.047855,0.02048,0.006245,0.032055,0.165737,0.170051,0.212216,0.058592,0.117745,,991900,,
7,0,,0.208507,0.066358,0.023899,0.00941,0.030005,0.14804,0.168117,0.190879,0.052501,0.102284,,993900,,
8,0,,0.237023,0.086663,0.020581,0.006887,0.037793,0.074189,0.126943,0.042021,0.213774,0.154126,,996100,,
8,0,,0.219785,0.080173,0.021525,0.011939,0.036492,0.085847,0.130771,0.043937,0.163005,0.206526,,999800,,
8,0,,0.244475,0.086937,0.020855,0.006887,0.03782,0.074189,0.106943,0.042021,0.225788,0.154085,,987600,,
8,0,,0.217023,0.086663,0.020581,0.006887,0.037793,0.074189,0.106943,0.062021,0.213774,0.174126,,994000,,
8,0,,0.22194,0.107103,0.020782,0.027819,0.037309,0.080981,0.139196,0.046184,0.108865,0.209822,,994800,,
