cardiotocography-10clases,Tuned_CWT,test,1,NANOSECONDS,PREDICTIONS, Generated by ClassifierExperiments.java on 2022-05-16 02:09:35.    SYSTEMPROPERTIES:{user.name:matth,os.arch:amd64,os.name:Windows 10},ENDSYSTEMPROPERTIES
No parameter info
0.5302325581395348,296421800,289807900,-1,20346648,10,,-1,-1
0,0,,0.318089,0.16509,0.026163,0.01787,0.038486,0.044867,0.090988,0.035127,0.088724,0.174596,,1073100,,
0,1,,0.169126,0.307586,0.014582,0.07851,0.017139,0.199237,0.082137,0.029769,0.034712,0.067202,,986200,,
0,0,,0.344655,0.178659,0.027966,0.032565,0.034508,0.061648,0.101895,0.040863,0.041722,0.135519,,1026300,,
0,0,,0.30674,0.159594,0.024548,0.008393,0.040527,0.033362,0.087283,0.035134,0.154546,0.149873,,983100,,
0,0,,0.263189,0.170383,0.024787,0.032761,0.036348,0.059716,0.087599,0.034464,0.105033,0.18572,,751900,,
0,0,,0.252375,0.172605,0.02555,0.034039,0.053248,0.060108,0.109931,0.045551,0.063466,0.183128,,692800,,
0,0,,0.315535,0.159316,0.025943,0.053988,0.034124,0.064134,0.093818,0.037592,0.080873,0.134677,,683000,,
0,0,,0.267938,0.182954,0.024529,0.011972,0.041119,0.037286,0.093378,0.036041,0.119378,0.185405,,696200,,
0,0,,0.233911,0.160818,0.023771,0.014961,0.059179,0.045164,0.099727,0.040234,0.096921,0.225315,,685900,,
0,0,,0.219319,0.169271,0.025097,0.035726,0.036126,0.063553,0.112399,0.045551,0.095689,0.19727,,699400,,
0,0,,0.318089,0.153535,0.026163,0.029426,0.038486,0.044867,0.090988,0.035127,0.088724,0.174596,,682700,,
0,0,,0.211446,0.187444,0.023585,0.037374,0.03455,0.074532,0.098661,0.041578,0.108364,0.182466,,687100,,
0,0,,0.29099,0.160894,0.024127,0.015604,0.044943,0.033392,0.08304,0.031271,0.09607,0.219669,,681700,,
0,0,,0.258287,0.153125,0.025776,0.029426,0.039134,0.044867,0.090788,0.035127,0.180479,0.142992,,679500,,
0,0,,0.267293,0.147007,0.024383,0.02716,0.041889,0.033392,0.08304,0.031271,0.166163,0.178403,,688800,,
0,1,,0.183375,0.408565,0.012577,0.054127,0.023177,0.138415,0.028004,0.013643,0.04513,0.092988,,691500,,
0,0,,0.258806,0.163318,0.023937,0.01116,0.04143,0.033392,0.08304,0.031271,0.122626,0.231022,,681600,,
0,0,,0.254093,0.146966,0.024131,0.027972,0.041407,0.03686,0.085496,0.032732,0.161411,0.188932,,678700,,
0,0,,0.278806,0.158873,0.023937,0.015604,0.04143,0.033392,0.08304,0.031271,0.142626,0.191022,,682700,,
0,0,,0.247938,0.146954,0.024529,0.027972,0.041119,0.037286,0.113378,0.036041,0.139378,0.185405,,681300,,
0,0,,0.258806,0.147318,0.023937,0.02716,0.04143,0.033392,0.08304,0.031271,0.142626,0.211022,,692500,,
0,0,,0.264466,0.188806,0.024837,0.020426,0.036725,0.05309,0.086784,0.033784,0.145033,0.146049,,690700,,
0,0,,0.320139,0.157898,0.027774,0.033377,0.035133,0.065117,0.104151,0.042324,0.092262,0.121826,,687300,,
0,0,,0.245184,0.171033,0.022611,0.029716,0.039668,0.041615,0.078836,0.029928,0.138934,0.202475,,717500,,
0,0,,0.286938,0.179184,0.024161,0.008393,0.041175,0.033362,0.087083,0.035134,0.1063,0.19827,,691500,,
0,0,,0.324655,0.190215,0.027966,0.021009,0.034508,0.061648,0.101895,0.040863,0.061722,0.135519,,680400,,
0,0,,0.26182,0.171449,0.046554,0.031067,0.037521,0.054082,0.104685,0.041829,0.084351,0.166643,,675300,,
0,0,,0.22341,0.143925,0.025634,0.031916,0.034902,0.073665,0.119141,0.068488,0.111818,0.1671,,663700,,
0,0,,0.258287,0.153125,0.025776,0.029426,0.039134,0.044867,0.090788,0.035127,0.180479,0.142992,,667100,,
0,0,,0.339941,0.158308,0.028161,0.053377,0.034485,0.065117,0.104351,0.042324,0.040508,0.133429,,667000,,
0,0,,0.283202,0.252946,0.022754,0.062503,0.02823,0.098313,0.078165,0.032806,0.031396,0.109685,,665800,,
0,0,,0.258806,0.163318,0.023937,0.01116,0.04143,0.033392,0.08304,0.031271,0.122626,0.231022,,665200,,
0,0,,0.3243,0.210836,0.027745,0.013798,0.033794,0.061619,0.105939,0.044726,0.041859,0.135385,,668400,,
0,0,,0.258094,0.150003,0.025406,0.053844,0.034171,0.071504,0.117375,0.049132,0.079606,0.160864,,666500,,
0,0,,0.250516,0.249343,0.021776,0.044202,0.025231,0.118765,0.114582,0.042342,0.029224,0.104018,,667100,,
0,0,,0.315535,0.195316,0.025943,0.017988,0.034124,0.064134,0.093818,0.037592,0.080873,0.134677,,666800,,
0,0,,0.247938,0.146954,0.024529,0.027972,0.041119,0.037286,0.093378,0.036041,0.139378,0.205405,,667900,,
0,0,,0.267813,0.165512,0.025544,0.010659,0.038176,0.044837,0.094831,0.03899,0.134517,0.179121,,665800,,
0,0,,0.263496,0.171392,0.048052,0.033432,0.033711,0.072326,0.115118,0.046331,0.079862,0.13628,,666900,,
0,0,,0.247938,0.146954,0.024529,0.027972,0.041119,0.037286,0.113378,0.036041,0.119378,0.205405,,665100,,
0,9,,0.239193,0.163814,0.022755,0.031307,0.039268,0.05171,0.082107,0.032069,0.09772,0.240056,,664900,,
0,0,,0.281984,0.167011,0.025521,0.01787,0.042189,0.044867,0.090788,0.035127,0.110385,0.184258,,666800,,
0,0,,0.317935,0.187414,0.02764,0.013477,0.03486,0.059776,0.112403,0.047569,0.061453,0.137473,,666800,,
0,0,,0.244913,0.17241,0.025359,0.034039,0.038199,0.060108,0.109931,0.045551,0.086289,0.183202,,666700,,
0,0,,0.253911,0.164818,0.023771,0.030961,0.039179,0.045164,0.099727,0.040234,0.096921,0.205315,,668700,,
0,0,,0.344655,0.138659,0.027966,0.052565,0.034508,0.061648,0.101895,0.040863,0.061722,0.135519,,665900,,
0,0,,0.258806,0.147318,0.023937,0.02716,0.04143,0.033392,0.08304,0.031271,0.122626,0.231022,,686800,,
0,0,,0.228516,0.148934,0.025581,0.031305,0.036886,0.059349,0.148712,0.043836,0.11146,0.165422,,666000,,
0,0,,0.247938,0.146954,0.024529,0.027972,0.041119,0.037286,0.113378,0.036041,0.159378,0.165405,,664600,,
0,0,,0.263648,0.178819,0.024389,0.032794,0.040404,0.056559,0.08904,0.035245,0.105479,0.173621,,666700,,
0,1,,0.16726,0.352632,0.011728,0.050385,0.027023,0.121251,0.024162,0.011129,0.100358,0.134072,,664800,,
0,1,,0.240532,0.249742,0.020308,0.039364,0.035911,0.081532,0.067058,0.02707,0.080059,0.158424,,668500,,
0,0,,0.23456,0.175531,0.026209,0.033703,0.071324,0.067436,0.113352,0.066091,0.061847,0.149945,,668100,,
0,0,,0.318089,0.16509,0.026163,0.01787,0.038486,0.044867,0.090988,0.035127,0.088724,0.174596,,668700,,
0,0,,0.254093,0.146966,0.024131,0.027972,0.041407,0.03686,0.085496,0.032732,0.181411,0.168932,,665700,,
0,0,,0.249759,0.202903,0.025054,0.014519,0.033703,0.070705,0.098956,0.043463,0.141869,0.11907,,668200,,
0,0,,0.311032,0.202375,0.02664,0.035121,0.032746,0.069872,0.097692,0.03952,0.058031,0.126971,,667100,,
0,0,,0.27099,0.149338,0.024127,0.02716,0.044943,0.033392,0.08304,0.031271,0.11607,0.219669,,665600,,
0,0,,0.286938,0.179184,0.024161,0.008393,0.041175,0.033362,0.087083,0.035134,0.1063,0.19827,,667500,,
0,1,,0.177809,0.380505,0.014674,0.054657,0.022127,0.14377,0.038943,0.018793,0.074051,0.074671,,665900,,
0,0,,0.278089,0.153535,0.026163,0.029426,0.038486,0.044867,0.090988,0.035127,0.128724,0.174596,,667400,,
0,1,,0.212622,0.251898,0.018305,0.04249,0.032789,0.091498,0.071386,0.031009,0.087414,0.16059,,667500,,
0,0,,0.261984,0.155456,0.025521,0.029426,0.042189,0.044867,0.090788,0.035127,0.150385,0.164258,,673100,,
0,1,,0.175746,0.363877,0.012174,0.038829,0.027482,0.121251,0.024162,0.011129,0.103895,0.121453,,667300,,
0,0,,0.27099,0.149338,0.024127,0.02716,0.044943,0.033392,0.08304,0.031271,0.15607,0.179669,,675900,,
0,0,,0.281984,0.155456,0.025521,0.029426,0.042189,0.044867,0.090788,0.035127,0.110385,0.184258,,673500,,
0,0,,0.318089,0.153535,0.026163,0.029426,0.038486,0.044867,0.090988,0.035127,0.088724,0.174596,,668400,,
0,0,,0.292132,0.153113,0.026174,0.029426,0.038846,0.045292,0.09867,0.038436,0.118445,0.159465,,669100,,
0,0,,0.256425,0.162644,0.024975,0.011972,0.041578,0.037286,0.093378,0.036041,0.182915,0.152786,,675300,,
0,0,,0.30035,0.177308,0.028276,0.037698,0.033778,0.067386,0.105569,0.042791,0.070634,0.13621,,670800,,
0,0,,0.258806,0.163318,0.023937,0.01116,0.04143,0.033392,0.08304,0.031271,0.162626,0.191022,,667300,,
0,0,,0.251723,0.170403,0.024572,0.033573,0.038229,0.063185,0.089855,0.035925,0.12458,0.167954,,678300,,
0,0,,0.267679,0.163504,0.023201,0.031307,0.039727,0.05171,0.082107,0.032069,0.161257,0.147438,,668900,,
0,0,,0.261984,0.155456,0.025521,0.029426,0.042189,0.044867,0.090788,0.035127,0.150385,0.164258,,670000,,
0,1,,0.216077,0.250737,0.018674,0.021877,0.034775,0.076682,0.060124,0.023895,0.1323,0.164859,,668900,,
0,0,,0.23776,0.170911,0.026795,0.03629,0.056495,0.099732,0.122256,0.049535,0.058105,0.142121,,669100,,
0,0,,0.254093,0.146966,0.024131,0.027972,0.041407,0.03686,0.085496,0.032732,0.121411,0.228932,,671600,,
1,1,,0.138549,0.404748,0.014323,0.059688,0.018144,0.190611,0.045541,0.023452,0.035787,0.069157,,672300,,
1,1,,0.168453,0.403412,0.013828,0.077725,0.020175,0.159553,0.038308,0.019592,0.039755,0.059198,,669200,,
1,1,,0.207118,0.336754,0.015902,0.077382,0.019701,0.159602,0.046288,0.022863,0.03824,0.07615,,671200,,
1,1,,0.147503,0.377136,0.012733,0.059719,0.02302,0.168509,0.031275,0.015784,0.090013,0.074308,,669200,,
1,1,,0.081432,0.328983,0.010502,0.082603,0.012537,0.265792,0.103944,0.058256,0.028805,0.027145,,669400,,
1,1,,0.150095,0.391079,0.014989,0.099991,0.019218,0.171028,0.046056,0.023448,0.034969,0.049126,,667600,,
1,1,,0.177384,0.401346,0.012722,0.055719,0.022776,0.148509,0.031275,0.015784,0.063915,0.07057,,666700,,
1,1,,0.053516,0.333866,0.009584,0.104889,0.009914,0.298705,0.117242,0.042528,0.021051,0.008705,,668000,,
1,1,,0.101335,0.345365,0.015088,0.106324,0.011287,0.261789,0.071231,0.037967,0.026083,0.023532,,674500,,
1,1,,0.127653,0.406289,0.013484,0.059488,0.018166,0.207601,0.044017,0.021973,0.041539,0.059789,,666500,,
1,1,,0.13374,0.400109,0.012826,0.056261,0.020459,0.16138,0.039491,0.021389,0.046801,0.107545,,668300,,
1,1,,0.154023,0.390114,0.012345,0.054127,0.024974,0.138415,0.028004,0.013643,0.106028,0.078327,,666700,,
1,1,,0.228456,0.25769,0.02036,0.04312,0.028459,0.10859,0.082287,0.036531,0.072533,0.121973,,665700,,
1,1,,0.103178,0.385096,0.014884,0.086818,0.029921,0.212463,0.05978,0.028202,0.030958,0.048701,,667900,,
1,1,,0.117538,0.364216,0.013477,0.061129,0.017489,0.236391,0.049832,0.045366,0.039199,0.055364,,670600,,
1,1,,0.095573,0.377731,0.013329,0.06312,0.01235,0.24598,0.070949,0.057346,0.033382,0.030238,,668300,,
1,1,,0.163375,0.408565,0.012577,0.054127,0.023177,0.138415,0.028004,0.013643,0.08513,0.072988,,673300,,
1,1,,0.154023,0.40167,0.012345,0.062572,0.024974,0.138415,0.028004,0.013643,0.086028,0.078327,,670500,,
1,1,,0.133575,0.392464,0.010532,0.057254,0.023568,0.148381,0.032332,0.017581,0.07056,0.113752,,673300,,
1,1,,0.113345,0.400856,0.013577,0.081022,0.01425,0.213169,0.061055,0.03093,0.030841,0.040954,,668300,,
1,1,,0.188663,0.418378,0.01433,0.066491,0.018821,0.161822,0.039726,0.020059,0.018127,0.053583,,672000,,
1,1,,0.101827,0.43741,0.014493,0.066865,0.010308,0.223816,0.072426,0.04281,0.006314,0.02373,,673400,,
1,1,,0.144748,0.2918,0.013138,0.08073,0.013567,0.24944,0.103174,0.038255,0.03003,0.035117,,668900,,
1,1,,0.172746,0.414803,0.012295,0.043351,0.024597,0.14504,0.028819,0.014323,0.066028,0.077998,,670300,,
1,1,,0.169161,0.353902,0.013263,0.05343,0.027405,0.139352,0.032724,0.015666,0.068117,0.126979,,668400,,
1,1,,0.184448,0.373551,0.013457,0.054242,0.040716,0.142821,0.03518,0.017127,0.046903,0.091556,,673900,,
1,1,,0.140248,0.373481,0.010465,0.104345,0.018869,0.176794,0.051894,0.026744,0.036872,0.06029,,666400,,
1,1,,0.188032,0.380562,0.012489,0.048052,0.024574,0.178509,0.031275,0.015784,0.044814,0.075908,,667900,,
1,1,,0.060592,0.350406,0.01205,0.151388,0.012573,0.263181,0.077914,0.031594,0.023757,0.016544,,676000,,
1,1,,0.108027,0.406605,0.015814,0.10795,0.013413,0.2182,0.063654,0.03013,0.007216,0.02899,,670400,,
1,1,,0.152317,0.394952,0.011095,0.053453,0.025531,0.137034,0.023527,0.011928,0.054231,0.135932,,676800,,
1,1,,0.178661,0.38588,0.012772,0.047273,0.023154,0.171883,0.03046,0.015104,0.043915,0.090899,,672600,,
1,1,,0.164161,0.387548,0.015027,0.091512,0.017444,0.177559,0.0436,0.021987,0.035285,0.045877,,668400,,
1,1,,0.177223,0.409625,0.014413,0.08062,0.016789,0.173339,0.047891,0.023901,0.014065,0.042133,,670800,,
1,1,,0.131611,0.384492,0.013709,0.101129,0.017489,0.176391,0.049832,0.025366,0.034568,0.065412,,669500,,
1,1,,0.1814,0.239585,0.019084,0.066198,0.044511,0.108753,0.083424,0.036779,0.056777,0.163489,,670300,,
1,1,,0.184448,0.353551,0.013457,0.074242,0.040716,0.142821,0.03518,0.017127,0.046903,0.091556,,673900,,
1,1,,0.056089,0.353465,0.012747,0.152521,0.011195,0.268918,0.081788,0.033522,0.020915,0.008839,,673200,,
1,1,,0.184894,0.33685,0.015094,0.098011,0.01907,0.161913,0.048122,0.023316,0.038235,0.074496,,671000,,
1,1,,0.148032,0.380562,0.012489,0.048052,0.024574,0.178509,0.031275,0.015784,0.084814,0.075908,,667400,,
1,1,,0.13843,0.37634,0.012194,0.05563,0.038906,0.167139,0.043401,0.021819,0.040277,0.105865,,666500,,
1,1,,0.175557,0.394205,0.015089,0.050733,0.018065,0.190933,0.042785,0.021307,0.041383,0.049944,,666000,,
1,1,,0.12879,0.439153,0.012491,0.059584,0.021326,0.159208,0.039006,0.019723,0.045315,0.075405,,668200,,
1,1,,0.149309,0.389763,0.012539,0.054939,0.024951,0.141883,0.03046,0.015104,0.064814,0.116237,,666100,,
1,1,,0.154023,0.390114,0.012345,0.074127,0.024974,0.138415,0.028004,0.013643,0.086028,0.078327,,664400,,
1,1,,0.161726,0.366566,0.013716,0.099488,0.038166,0.167601,0.044017,0.021973,0.036908,0.049838,,666900,,
1,1,,0.192746,0.403247,0.012295,0.054907,0.024597,0.14504,0.028819,0.014323,0.046028,0.077998,,665600,,
1,1,,0.11314,0.365848,0.01368,0.124165,0.018491,0.201769,0.054204,0.027373,0.03336,0.047971,,666700,,
1,1,,0.16395,0.346471,0.014525,0.078858,0.018798,0.18529,0.062182,0.02152,0.036913,0.071493,,669100,,
1,1,,0.17516,0.361441,0.011913,0.076348,0.022145,0.15082,0.03311,0.016237,0.04391,0.108915,,669100,,
1,1,,0.168663,0.402822,0.01433,0.082046,0.018821,0.161822,0.039726,0.020059,0.038127,0.053583,,668200,,
1,1,,0.152317,0.394952,0.011095,0.053453,0.025531,0.137034,0.023527,0.011928,0.054231,0.135932,,670100,,
1,1,,0.117538,0.404216,0.013477,0.081129,0.017489,0.176391,0.049832,0.045366,0.039199,0.055364,,668500,,
1,1,,0.170438,0.36077,0.013313,0.052651,0.027782,0.132726,0.031909,0.014985,0.108117,0.087308,,667200,,
1,1,,0.11314,0.383514,0.01368,0.056498,0.018491,0.231769,0.054204,0.047373,0.03336,0.047971,,670000,,
1,1,,0.136373,0.380813,0.011875,0.09716,0.022122,0.154288,0.035566,0.017698,0.067327,0.076777,,666700,,
1,1,,0.172746,0.403247,0.012295,0.054907,0.024597,0.14504,0.028819,0.014323,0.066028,0.077998,,669000,,
1,1,,0.145808,0.382991,0.011681,0.076348,0.023943,0.15082,0.03311,0.016237,0.084809,0.074254,,668300,,
1,1,,0.18395,0.366471,0.014525,0.078858,0.018798,0.16529,0.042182,0.02152,0.036913,0.071493,,689800,,
1,1,,0.113304,0.351771,0.012187,0.082512,0.014567,0.237959,0.086445,0.033751,0.031106,0.036396,,668700,,
1,1,,0.148024,0.381421,0.012295,0.074907,0.022799,0.14504,0.028819,0.014323,0.069761,0.102611,,669000,,
1,1,,0.118972,0.388194,0.015068,0.103249,0.014498,0.206055,0.054973,0.029692,0.03128,0.038018,,683900,,
1,1,,0.105335,0.396159,0.01267,0.086042,0.014346,0.218711,0.065624,0.032657,0.029667,0.038789,,670100,,
1,1,,0.157786,0.381886,0.011389,0.052673,0.026152,0.130408,0.022712,0.011248,0.095697,0.110048,,671200,,
1,1,,0.18522,0.217862,0.021485,0.047185,0.023669,0.1791,0.104318,0.065714,0.052369,0.103078,,668700,,
1,1,,0.108547,0.347346,0.010476,0.063859,0.018541,0.204734,0.078151,0.028015,0.042207,0.098123,,667500,,
1,1,,0.202357,0.240503,0.020262,0.040955,0.031997,0.091626,0.070328,0.029211,0.105401,0.167359,,669500,,
1,1,,0.097255,0.337,0.00873,0.098392,0.017297,0.187681,0.083386,0.065277,0.037723,0.06726,,675100,,
1,1,,0.097462,0.380155,0.012035,0.107484,0.016688,0.213575,0.062801,0.03248,0.030768,0.046551,,664900,,
1,1,,0.134478,0.380474,0.012904,0.082826,0.016718,0.184104,0.054887,0.028759,0.039512,0.065339,,667600,,
1,1,,0.133716,0.395988,0.012388,0.076442,0.018883,0.190608,0.045857,0.02328,0.039062,0.063776,,666800,,
1,1,,0.14372,0.395283,0.010857,0.079686,0.020453,0.167323,0.043979,0.023023,0.045048,0.070629,,666600,,
1,1,,0.168453,0.383412,0.013828,0.077725,0.020175,0.159553,0.038308,0.019592,0.039755,0.079198,,673400,,
1,1,,0.149429,0.384554,0.014527,0.082724,0.017347,0.195989,0.049913,0.025459,0.033681,0.046377,,668700,,
1,1,,0.168663,0.402822,0.01433,0.042046,0.018821,0.181822,0.059726,0.020059,0.018127,0.073583,,667100,,
1,1,,0.095926,0.361287,0.014068,0.128514,0.015573,0.220176,0.064835,0.031594,0.029804,0.038222,,667900,,
1,1,,0.148442,0.368518,0.012966,0.056407,0.020734,0.159784,0.046939,0.024446,0.046248,0.115516,,667700,,
1,1,,0.147653,0.386289,0.013484,0.059488,0.038166,0.187601,0.044017,0.021973,0.041539,0.059789,,666800,,
1,1,,0.229538,0.243624,0.018915,0.037098,0.038666,0.070057,0.05931,0.023214,0.125744,0.153835,,666100,,
1,1,,0.168032,0.402896,0.012489,0.055719,0.044574,0.148509,0.031275,0.015784,0.044814,0.075908,,668600,,
1,1,,0.160091,0.404106,0.014122,0.057438,0.018268,0.167103,0.043165,0.023266,0.037669,0.074772,,666400,,
1,1,,0.123249,0.381187,0.014003,0.064842,0.015582,0.223941,0.074689,0.02904,0.012482,0.060986,,693900,,
1,1,,0.119468,0.383802,0.015731,0.085376,0.015444,0.206684,0.055489,0.026287,0.051278,0.04044,,668200,,
1,1,,0.148032,0.380562,0.012489,0.048052,0.024574,0.178509,0.031275,0.015784,0.084814,0.075908,,667700,,
1,1,,0.174023,0.390114,0.012345,0.054127,0.024974,0.138415,0.028004,0.013643,0.066028,0.098327,,670300,,
1,1,,0.104351,0.372484,0.011601,0.064178,0.017769,0.232333,0.062716,0.051823,0.033848,0.048896,,668500,,
1,1,,0.205265,0.351981,0.013905,0.05343,0.023703,0.139352,0.032924,0.015666,0.046456,0.117317,,665700,,
1,1,,0.129417,0.372584,0.010634,0.102903,0.020123,0.181929,0.054717,0.026921,0.037568,0.063204,,667400,,
1,1,,0.112611,0.361755,0.013924,0.096498,0.016937,0.211769,0.054204,0.047373,0.038559,0.04637,,667400,,
1,1,,0.114478,0.380474,0.012904,0.102826,0.016718,0.184104,0.054887,0.048759,0.039512,0.045339,,667200,,
1,1,,0.138561,0.368308,0.012977,0.056407,0.020978,0.159784,0.046939,0.024446,0.052346,0.119254,,670200,,
1,1,,0.138972,0.388194,0.015068,0.103249,0.014498,0.186055,0.054973,0.029692,0.03128,0.038018,,661800,,
1,1,,0.12226,0.386042,0.013477,0.101129,0.019287,0.176391,0.049832,0.045366,0.035467,0.050751,,664800,,
1,1,,0.163375,0.408565,0.012577,0.054127,0.023177,0.138415,0.028004,0.013643,0.08513,0.072988,,668100,,
1,1,,0.154023,0.390114,0.012345,0.054127,0.024974,0.138415,0.028004,0.013643,0.066028,0.118327,,670500,,
1,1,,0.163311,0.381069,0.012489,0.075719,0.022776,0.148509,0.031275,0.015784,0.068547,0.080521,,666200,,
1,1,,0.189941,0.393689,0.014381,0.077266,0.019198,0.155196,0.038911,0.019379,0.038127,0.053911,,665300,,
1,1,,0.154285,0.375114,0.010531,0.074082,0.025143,0.139345,0.025362,0.012381,0.095692,0.088064,,667400,,
1,1,,0.168032,0.360562,0.012489,0.068052,0.024574,0.178509,0.031275,0.015784,0.064814,0.075908,,665200,,
1,1,,0.14962,0.330897,0.012854,0.075684,0.023429,0.1486,0.039471,0.019041,0.074311,0.126093,,665800,,
1,1,,0.167503,0.378803,0.012733,0.048052,0.02302,0.178509,0.031275,0.015784,0.070013,0.074308,,666500,,
1,1,,0.134824,0.403302,0.013176,0.062464,0.014794,0.208033,0.058231,0.030754,0.031043,0.043378,,664600,,
1,1,,0.162097,0.381698,0.012527,0.054907,0.022799,0.14504,0.028819,0.014323,0.06513,0.11266,,666100,,
1,1,,0.161516,0.383156,0.013214,0.099167,0.019521,0.165332,0.042599,0.021506,0.038536,0.055454,,687000,,
1,1,,0.231923,0.247469,0.021145,0.040176,0.032186,0.085,0.069714,0.028531,0.137184,0.106672,,668100,,
1,1,,0.141726,0.386566,0.013716,0.119488,0.018166,0.167601,0.044017,0.021973,0.036908,0.049838,,665500,,
1,1,,0.10158,0.341516,0.011761,0.102207,0.012664,0.255128,0.079068,0.036912,0.028703,0.03046,,667600,,
1,1,,0.127653,0.386289,0.013484,0.059488,0.018166,0.227601,0.044017,0.021973,0.041539,0.059789,,667300,,
1,1,,0.174023,0.410114,0.012345,0.054127,0.024974,0.138415,0.028004,0.013643,0.066028,0.078327,,667700,,
1,1,,0.068903,0.360009,0.013313,0.109738,0.010368,0.253747,0.086207,0.058028,0.023762,0.015927,,666700,,
1,1,,0.1625,0.382237,0.011195,0.051861,0.026175,0.126939,0.020256,0.009787,0.076912,0.132137,,667200,,
1,1,,0.143311,0.401069,0.012489,0.055719,0.022776,0.148509,0.031275,0.015784,0.088547,0.080521,,666100,,
1,5,,0.106633,0.174988,0.037094,0.068758,0.016259,0.230029,0.177498,0.113179,0.03511,0.040452,,669400,,
1,1,,0.094206,0.32393,0.012359,0.093973,0.015377,0.267413,0.062229,0.050766,0.034653,0.045094,,665500,,
1,1,,0.126973,0.386393,0.013282,0.100317,0.01931,0.172922,0.047376,0.043905,0.036681,0.052841,,668400,,
1,1,,0.169283,0.398933,0.011731,0.058708,0.020836,0.156387,0.037624,0.019976,0.04609,0.080431,,668300,,
2,0,,0.307221,0.153171,0.026755,0.030238,0.038175,0.048761,0.101326,0.039897,0.085476,0.168979,,666200,,
2,0,,0.262396,0.140568,0.047722,0.052565,0.091256,0.062074,0.109577,0.044173,0.06135,0.12832,,673300,,
2,0,,0.240329,0.135822,0.02696,0.055886,0.0491,0.101909,0.16391,0.051487,0.056683,0.117914,,668600,,
2,0,,0.23511,0.170059,0.025622,0.032403,0.03523,0.065724,0.112884,0.047217,0.086482,0.189267,,665800,,
2,0,,0.263202,0.252946,0.022754,0.062503,0.02823,0.098313,0.078165,0.032806,0.051396,0.109685,,668100,,
2,0,,0.3185,0.138647,0.048364,0.052565,0.03422,0.062074,0.109777,0.044173,0.059689,0.131991,,667100,,
2,1,,0.228456,0.25769,0.02036,0.04312,0.028459,0.10859,0.082287,0.036531,0.072533,0.121973,,666600,,
2,0,,0.319941,0.158308,0.028161,0.053377,0.034485,0.065117,0.104351,0.042324,0.060508,0.133429,,667300,,
2,1,,0.254988,0.281822,0.022089,0.028724,0.027199,0.130718,0.08327,0.035401,0.030177,0.105612,,667100,,
2,0,,0.22523,0.169849,0.025634,0.032403,0.035474,0.065724,0.112884,0.047217,0.09258,0.193005,,665200,,
2,0,,0.3243,0.210836,0.027745,0.013798,0.033794,0.061619,0.105939,0.044726,0.041859,0.135385,,683700,,
3,1,,0.167086,0.367525,0.011731,0.087902,0.02432,0.154194,0.032295,0.015557,0.064809,0.074582,,667200,,
3,1,,0.147661,0.407764,0.013678,0.0803,0.019941,0.17107,0.046473,0.023434,0.036592,0.053087,,663800,,
3,1,,0.079674,0.309019,0.010642,0.158033,0.015272,0.257109,0.067966,0.048759,0.028266,0.025261,,667200,,
3,1,,0.070554,0.314539,0.010846,0.166783,0.014476,0.271058,0.072338,0.030766,0.02616,0.022481,,669800,,
3,1,,0.03883,0.320903,0.01042,0.12843,0.012573,0.289655,0.104961,0.053927,0.023757,0.016544,,669800,,
3,1,,0.101667,0.359134,0.012298,0.11813,0.016964,0.22013,0.060333,0.03248,0.031768,0.047095,,664300,,
3,1,,0.153842,0.378831,0.011058,0.078857,0.022905,0.162002,0.04062,0.021091,0.062441,0.068352,,667400,,
3,1,,0.032392,0.335243,0.010208,0.126214,0.010084,0.28387,0.116022,0.05884,0.020713,0.006415,,664600,,
3,1,,0.14284,0.371239,0.00947,0.075779,0.023885,0.147058,0.030416,0.015774,0.073073,0.110466,,666900,,
3,1,,0.080154,0.342938,0.01033,0.1436,0.015666,0.219254,0.067433,0.050552,0.030138,0.039935,,667100,,
3,1,,0.122354,0.356152,0.011311,0.124961,0.021957,0.185636,0.044371,0.023351,0.039923,0.069984,,667900,,
3,1,,0.189309,0.387429,0.012539,0.047273,0.024951,0.171883,0.03046,0.015104,0.044814,0.076237,,667600,,
3,1,,0.147661,0.365431,0.013678,0.112633,0.019941,0.18107,0.046473,0.023434,0.036592,0.053087,,667200,,
3,1,,0.062128,0.325273,0.010018,0.154358,0.013688,0.25658,0.075881,0.05248,0.024721,0.024873,,662900,,
3,1,,0.147661,0.387764,0.013678,0.1003,0.019941,0.17107,0.046473,0.023434,0.036592,0.053087,,668000,,
3,1,,0.060592,0.350406,0.01205,0.151388,0.012573,0.263181,0.077914,0.031594,0.023757,0.016544,,666400,,
3,1,,0.05883,0.340903,0.01042,0.10843,0.012573,0.289655,0.104961,0.033927,0.023757,0.016544,,667300,,
4,0,,0.252131,0.147021,0.024773,0.027972,0.061363,0.037286,0.093378,0.036041,0.120844,0.199192,,668100,,
4,0,,0.258806,0.163318,0.023937,0.01116,0.04143,0.033392,0.08304,0.031271,0.162626,0.191022,,670400,,
4,0,,0.247156,0.14671,0.023517,0.029413,0.060752,0.04264,0.089786,0.034646,0.100192,0.225188,,668000,,
4,1,,0.16726,0.364187,0.011728,0.038829,0.027023,0.121251,0.024162,0.011129,0.100358,0.134072,,665500,,
4,0,,0.215755,0.164649,0.025104,0.041714,0.032041,0.133613,0.165407,0.050676,0.051623,0.119418,,684600,,
4,0,,0.258806,0.147318,0.023937,0.02716,0.06143,0.033392,0.08304,0.031271,0.122626,0.211022,,667900,,
4,0,,0.271117,0.195092,0.026113,0.030238,0.055211,0.048761,0.101126,0.039897,0.087137,0.145308,,667000,,
4,0,,0.222594,0.151371,0.025587,0.076211,0.070287,0.078618,0.120863,0.050945,0.059479,0.144044,,668700,,
4,0,,0.253763,0.170698,0.025157,0.032746,0.073079,0.065128,0.113003,0.045751,0.083685,0.136991,,667100,,
4,0,,0.258806,0.147318,0.023937,0.02716,0.04143,0.033392,0.08304,0.031271,0.142626,0.211022,,664900,,
4,1,,0.176679,0.237759,0.019084,0.066198,0.02938,0.108753,0.083424,0.036779,0.06051,0.181435,,669400,,
4,0,,0.247938,0.146954,0.024529,0.027972,0.041119,0.037286,0.113378,0.036041,0.159378,0.165405,,667200,,
4,0,,0.223525,0.170584,0.025359,0.034039,0.056401,0.060108,0.109931,0.045551,0.076688,0.197814,,667200,,
4,0,,0.247938,0.162954,0.024529,0.011972,0.041119,0.037286,0.093378,0.036041,0.179378,0.165405,,666900,,
4,1,,0.207079,0.262329,0.020262,0.040955,0.033795,0.091626,0.070328,0.029211,0.081668,0.162746,,670900,,
5,5,,0.140865,0.199358,0.018546,0.068667,0.018289,0.2185,0.164836,0.105452,0.017411,0.048076,,667100,,
5,5,,0.056658,0.298843,0.009182,0.09561,0.008046,0.341648,0.107811,0.070897,0.002459,0.008847,,666800,,
5,1,,0.113304,0.331771,0.012187,0.102512,0.014567,0.237959,0.086445,0.033751,0.031106,0.036396,,666300,,
5,1,,0.145091,0.309326,0.014621,0.078003,0.015424,0.203372,0.083669,0.051907,0.053822,0.044765,,664700,,
5,1,,0.080634,0.299489,0.027247,0.059555,0.014486,0.26054,0.125698,0.060247,0.033505,0.038598,,670500,,
5,1,,0.103423,0.309228,0.012198,0.074846,0.014811,0.267959,0.066445,0.053751,0.037204,0.060134,,669900,,
5,1,,0.062223,0.289775,0.009959,0.0818,0.00895,0.252644,0.137058,0.100918,0.044369,0.012304,,663600,,
5,1,,0.052452,0.299863,0.008919,0.104964,0.007771,0.295092,0.130279,0.090897,0.00146,0.008303,,666400,,
5,5,,0.066372,0.280559,0.009041,0.043567,0.009613,0.303544,0.117228,0.102853,0.027348,0.039876,,666800,,
5,5,,0.051268,0.292808,0.008727,0.04573,0.006249,0.312624,0.116335,0.138694,0.021489,0.006077,,666200,,
5,5,,0.111136,0.171929,0.016397,0.067625,0.017637,0.244292,0.173624,0.091251,0.057952,0.048158,,668200,,
5,1,,0.059174,0.310246,0.011164,0.141029,0.009716,0.249539,0.114995,0.063827,0.024302,0.016009,,685400,,
5,5,,0.06187,0.285964,0.008928,0.091635,0.010852,0.339494,0.094944,0.064463,0.025029,0.01682,,665200,,
5,1,,0.116054,0.358639,0.0137,0.061949,0.014204,0.235983,0.065265,0.052286,0.029417,0.052503,,667200,,
5,5,,0.062419,0.283608,0.009921,0.0647,0.008235,0.289627,0.134378,0.111018,0.023923,0.012171,,664000,,
5,5,,0.06116,0.278117,0.008485,0.122143,0.009424,0.28591,0.123937,0.068969,0.025302,0.016553,,664900,,
5,1,,0.103734,0.328436,0.011257,0.081379,0.015944,0.212222,0.082571,0.051823,0.03858,0.074053,,668900,,
5,1,,0.089763,0.344069,0.011732,0.103385,0.010272,0.260334,0.11131,0.045482,0.00471,0.018942,,667900,,
5,1,,0.071085,0.299244,0.008846,0.041088,0.009636,0.263408,0.134772,0.101393,0.028562,0.041966,,665700,,
5,1,,0.156877,0.345057,0.012787,0.078355,0.021342,0.181864,0.060143,0.020045,0.040649,0.082882,,666900,,
5,1,,0.191279,0.207379,0.020365,0.070937,0.023622,0.157608,0.123243,0.085718,0.02559,0.094259,,666800,,
5,1,,0.051268,0.312808,0.008727,0.04573,0.006249,0.312624,0.116335,0.138694,0.001489,0.006077,,668500,,
5,5,,0.06116,0.275784,0.008485,0.074477,0.009424,0.33591,0.103937,0.088969,0.025302,0.016553,,676400,,
5,1,,0.107265,0.325275,0.011621,0.081962,0.013483,0.246548,0.093777,0.036736,0.029905,0.053428,,668400,,
5,6,,0.111686,0.191918,0.016581,0.047625,0.017637,0.204638,0.224043,0.100345,0.037369,0.048158,,669600,,
5,1,,0.122397,0.31152,0.012188,0.077718,0.013916,0.221219,0.109105,0.053399,0.038048,0.040489,,668300,,
5,5,,0.112513,0.190913,0.016917,0.049746,0.016364,0.221766,0.189527,0.123103,0.035865,0.043287,,667700,,
5,1,,0.158977,0.379699,0.012203,0.060051,0.018529,0.189577,0.065198,0.023438,0.038597,0.053732,,665100,,
5,1,,0.088258,0.287352,0.011906,0.112986,0.014869,0.252285,0.115971,0.035644,0.029859,0.05087,,669900,,
5,5,,0.06116,0.278117,0.008485,0.102143,0.009424,0.30591,0.123937,0.068969,0.025302,0.016553,,666900,,
5,1,,0.06116,0.298117,0.008485,0.082143,0.009424,0.28591,0.103937,0.088969,0.045302,0.016553,,664100,,
5,1,,0.107265,0.345275,0.011621,0.081962,0.013483,0.266548,0.073777,0.036736,0.029905,0.033428,,668000,,
5,1,,0.06116,0.298117,0.008485,0.082143,0.009424,0.28591,0.123937,0.088969,0.025302,0.016553,,669600,,
5,5,,0.051683,0.307597,0.009764,0.08068,0.008656,0.343812,0.124109,0.046568,0.020985,0.006147,,669500,,
5,5,,0.055771,0.289749,0.00803,0.044597,0.007626,0.326887,0.112461,0.116766,0.024332,0.013782,,689700,,
5,1,,0.16851,0.217491,0.020536,0.0483,0.025115,0.152488,0.138167,0.064194,0.055259,0.10994,,667200,,
5,1,,0.120383,0.269598,0.011996,0.100776,0.012552,0.255938,0.127103,0.042669,0.02888,0.030105,,669200,,
5,5,,0.06116,0.298117,0.008485,0.102143,0.009424,0.30591,0.103937,0.068969,0.025302,0.016553,,667400,,
5,1,,0.055771,0.308083,0.00803,0.04293,0.007626,0.29022,0.112461,0.136766,0.024332,0.013782,,666100,,
5,5,,0.075393,0.282487,0.009937,0.082053,0.011454,0.294381,0.111275,0.061241,0.047603,0.024176,,668100,,
5,1,,0.115007,0.362233,0.01266,0.082826,0.018272,0.204104,0.074887,0.048759,0.034314,0.046939,,671200,,
5,1,,0.111978,0.345627,0.011427,0.08115,0.013506,0.243079,0.091321,0.055275,0.011119,0.035518,,669800,,
5,5,,0.030973,0.295084,0.009321,0.075855,0.007227,0.370228,0.113103,0.091073,0.001258,0.005879,,671000,,
5,1,,0.073122,0.339381,0.00924,0.104253,0.014742,0.275226,0.075651,0.051823,0.0288,0.027762,,668700,,
5,1,,0.108666,0.373673,0.01176,0.0617,0.016388,0.214491,0.083989,0.05229,0.03322,0.043824,,667700,,
5,5,,0.050618,0.271261,0.0091,0.066421,0.006513,0.356865,0.117146,0.094936,0.021394,0.005745,,666200,,
5,1,,0.062579,0.321658,0.009371,0.11055,0.012281,0.298124,0.086856,0.056736,0.024756,0.017088,,669200,,
5,1,,0.113304,0.331771,0.012187,0.122512,0.014567,0.217959,0.086445,0.033751,0.031106,0.036396,,665200,,
5,5,,0.055476,0.274358,0.008624,0.082389,0.008605,0.33449,0.109229,0.089145,0.0241,0.013584,,665900,,
5,1,,0.066726,0.286716,0.009262,0.100667,0.010327,0.266906,0.137184,0.08299,0.019211,0.02001,,668800,,
5,1,,0.055771,0.328083,0.00803,0.04293,0.007626,0.29022,0.112461,0.136766,0.004332,0.013782,,667100,,
5,1,,0.079161,0.323543,0.009805,0.077137,0.015826,0.316638,0.068319,0.048838,0.030002,0.03073,,666900,,
5,1,,0.183429,0.218571,0.020181,0.046099,0.027971,0.136163,0.126707,0.058327,0.060334,0.122218,,670000,,
5,5,,0.050973,0.295084,0.009321,0.075855,0.007227,0.350228,0.133103,0.071073,0.001258,0.005879,,667900,,
5,1,,0.106834,0.310705,0.010704,0.101774,0.013191,0.240472,0.080585,0.076324,0.02993,0.029481,,669100,,
5,5,,0.066726,0.266716,0.009262,0.080667,0.010327,0.286906,0.133184,0.09899,0.027211,0.02001,,665900,,
5,1,,0.248495,0.278598,0.02297,0.02504,0.025208,0.115928,0.110337,0.042485,0.028232,0.102706,,694000,,
5,1,,0.182261,0.213677,0.02087,0.048882,0.02287,0.186814,0.109373,0.069107,0.053287,0.092861,,665200,,
5,5,,0.073122,0.297047,0.00924,0.096587,0.014742,0.325226,0.075651,0.051823,0.0288,0.027762,,668600,,
5,1,,0.080634,0.299489,0.007247,0.059555,0.014486,0.28054,0.105698,0.060247,0.033505,0.058598,,667400,,
5,1,,0.092881,0.305791,0.012329,0.055428,0.01235,0.302285,0.077651,0.058664,0.03316,0.04946,,665500,,
5,1,,0.082053,0.314982,0.008133,0.09458,0.017343,0.314182,0.068618,0.028015,0.03296,0.039134,,666800,,
5,1,,0.141686,0.306587,0.013777,0.078528,0.018413,0.201089,0.08284,0.05024,0.035563,0.071279,,666900,,
5,5,,0.12512,0.206794,0.014778,0.044486,0.021615,0.207856,0.153136,0.094609,0.064372,0.067235,,670900,,
5,1,,0.112665,0.36637,0.010151,0.059373,0.018545,0.201178,0.075538,0.028015,0.04274,0.085424,,667300,,
5,1,,0.070232,0.293687,0.011594,0.119744,0.01289,0.26961,0.124419,0.037572,0.024442,0.035808,,668600,,
5,5,,0.055476,0.274358,0.008624,0.122389,0.008605,0.29449,0.129229,0.069145,0.0241,0.013584,,666400,,
6,0,,0.203177,0.167336,0.023928,0.020924,0.023879,0.147802,0.142499,0.145142,0.04721,0.078102,,667600,,
6,0,,0.184563,0.113787,0.025541,0.020513,0.027035,0.149563,0.158924,0.158098,0.07544,0.086535,,669500,,
6,0,,0.189971,0.176874,0.02525,0.036481,0.029126,0.107534,0.181426,0.0814,0.057564,0.114375,,666100,,
6,1,,0.164873,0.194906,0.018689,0.028965,0.023826,0.180565,0.113,0.092099,0.097907,0.08517,,676300,,
6,0,,0.228951,0.125986,0.026538,0.028856,0.029914,0.125159,0.134355,0.1164,0.063919,0.119922,,668300,,
6,0,,0.232244,0.134003,0.02613,0.020513,0.026791,0.149175,0.171745,0.106641,0.02876,0.103997,,667100,,
6,0,,0.200526,0.184531,0.019994,0.067198,0.022515,0.189665,0.13303,0.050164,0.043174,0.089201,,672500,,
6,0,,0.311563,0.158391,0.02775,0.034006,0.033565,0.067853,0.134068,0.046087,0.058469,0.128247,,669600,,
6,0,,0.22825,0.14283,0.02583,0.034784,0.0336,0.119086,0.178573,0.057457,0.05428,0.125311,,668600,,
6,6,,0.158966,0.121358,0.020284,0.060243,0.022153,0.175851,0.21315,0.117965,0.044586,0.065445,,683600,,
6,0,,0.319075,0.165009,0.027102,0.013715,0.034324,0.064617,0.108748,0.046266,0.08238,0.138765,,695000,,
6,0,,0.222984,0.11703,0.025612,0.026598,0.0299,0.128182,0.14034,0.121728,0.064558,0.123068,,680200,,
6,0,,0.253461,0.147615,0.024841,0.053811,0.035501,0.068452,0.094283,0.077932,0.082712,0.161394,,690700,,
6,6,,0.143759,0.107546,0.022938,0.05804,0.022626,0.16751,0.238714,0.132959,0.042819,0.063088,,670900,,
6,0,,0.232244,0.152336,0.02613,0.018847,0.026791,0.132508,0.171745,0.106641,0.02876,0.103997,,675100,,
6,6,,0.147711,0.104498,0.022058,0.056907,0.024004,0.181427,0.224421,0.101937,0.066244,0.070793,,669500,,
6,0,,0.217102,0.137101,0.025655,0.076481,0.028882,0.1068,0.163828,0.10085,0.031466,0.111837,,672600,,
6,7,,0.16277,0.10953,0.023846,0.020604,0.024761,0.163692,0.174386,0.179825,0.067041,0.073546,,672700,,
6,0,,0.228857,0.13785,0.025775,0.033651,0.031274,0.093349,0.174899,0.075529,0.075462,0.123354,,682800,,
6,6,,0.150954,0.134095,0.023241,0.036933,0.024004,0.135467,0.272139,0.093713,0.057884,0.071571,,674500,,
6,6,,0.144468,0.137327,0.023382,0.049899,0.024055,0.172661,0.253932,0.088375,0.042547,0.063355,,672500,,
6,0,,0.217631,0.167551,0.02406,0.012878,0.033809,0.102276,0.151709,0.075585,0.071512,0.142988,,670000,,
6,6,,0.184482,0.132652,0.022464,0.053616,0.025847,0.118908,0.192483,0.160707,0.029909,0.078932,,672200,,
6,6,,0.159078,0.141653,0.021558,0.02114,0.024287,0.156057,0.249661,0.083019,0.067643,0.075903,,673000,,
6,0,,0.213692,0.135752,0.02408,0.031645,0.034308,0.082305,0.167666,0.051721,0.089304,0.169528,,671200,,
6,0,,0.227209,0.170125,0.025896,0.0184,0.025707,0.136847,0.196226,0.090575,0.027654,0.081361,,672200,,
6,6,,0.153946,0.108247,0.022102,0.056662,0.024823,0.153192,0.249549,0.110855,0.046863,0.073761,,670500,,
6,6,,0.167711,0.104498,0.022058,0.056907,0.024004,0.141427,0.224421,0.141937,0.046244,0.070793,,669200,,
6,6,,0.159985,0.134743,0.022667,0.037213,0.025906,0.144604,0.242217,0.08787,0.048065,0.09673,,671300,,
6,0,,0.225344,0.138238,0.047101,0.055648,0.036591,0.076642,0.159683,0.06948,0.05779,0.133483,,671000,,
6,0,,0.248713,0.117437,0.026056,0.071205,0.029206,0.095588,0.160361,0.07986,0.05397,0.117604,,670400,,
6,6,,0.142853,0.1214,0.022533,0.02094,0.021912,0.163802,0.212339,0.187729,0.043538,0.062954,,671600,,
6,0,,0.217631,0.167551,0.02406,0.012878,0.033809,0.102276,0.131709,0.095585,0.071512,0.142988,,669800,,
6,6,,0.139516,0.121347,0.020467,0.060243,0.022153,0.176196,0.22357,0.127059,0.044004,0.065445,,670300,,
6,6,,0.147356,0.096675,0.021836,0.03814,0.023289,0.181398,0.228465,0.145801,0.046381,0.070659,,701800,,
6,6,,0.143208,0.127557,0.022755,0.05804,0.022626,0.167164,0.248295,0.123865,0.023402,0.063088,,673000,,
6,0,,0.251567,0.185787,0.026214,0.012625,0.034899,0.062061,0.114517,0.049349,0.122307,0.140674,,669600,,
6,6,,0.148262,0.124487,0.022241,0.036907,0.024004,0.141772,0.25484,0.131031,0.045662,0.070793,,672900,,
6,6,,0.147356,0.120675,0.021836,0.05414,0.023289,0.161398,0.228465,0.145801,0.026381,0.070659,,671700,,
6,6,,0.153946,0.128247,0.022102,0.036662,0.024823,0.133192,0.229549,0.130855,0.046863,0.093761,,671300,,
6,6,,0.142853,0.103734,0.022533,0.055273,0.021912,0.167135,0.232339,0.147729,0.043538,0.062954,,673700,,
6,6,,0.148262,0.144487,0.022241,0.036907,0.024004,0.141772,0.25484,0.091031,0.065662,0.070793,,675000,,
6,0,,0.223141,0.143597,0.02622,0.057031,0.029966,0.118211,0.156496,0.097865,0.032668,0.114805,,670900,,
6,5,,0.147356,0.098342,0.021836,0.026474,0.023289,0.191398,0.188465,0.185801,0.046381,0.070659,,670600,,
6,0,,0.252709,0.153445,0.025594,0.03457,0.037631,0.069829,0.175048,0.047552,0.061819,0.141803,,670200,,
6,6,,0.159985,0.134743,0.022667,0.037213,0.025906,0.144604,0.242217,0.08787,0.048065,0.09673,,670500,,
6,0,,0.287091,0.121912,0.027437,0.053485,0.031598,0.0959,0.145379,0.073028,0.037517,0.126653,,676000,,
6,0,,0.2087,0.149617,0.025166,0.014884,0.031208,0.113319,0.158743,0.099393,0.067352,0.131617,,685200,,
6,6,,0.158966,0.121358,0.020284,0.060243,0.022153,0.175851,0.21315,0.117965,0.044586,0.065445,,677700,,
6,0,,0.2173,0.136691,0.025268,0.036481,0.02953,0.1068,0.183628,0.08085,0.08322,0.100233,,694100,,
6,0,,0.216747,0.149278,0.025433,0.017714,0.028168,0.10677,0.147871,0.144713,0.051603,0.111703,,684500,,
7,6,,0.146195,0.132555,0.02316,0.020274,0.021648,0.173256,0.208826,0.174168,0.035855,0.064063,,673800,,
7,6,,0.153041,0.160434,0.021697,0.017895,0.024109,0.152817,0.203173,0.165624,0.027582,0.073627,,671200,,
7,6,,0.148006,0.138222,0.021463,0.017449,0.023025,0.157157,0.211653,0.173558,0.038475,0.070991,,672100,,
7,6,,0.134108,0.13826,0.020759,0.024276,0.020061,0.198225,0.205068,0.167756,0.03388,0.057605,,675000,,
7,7,,0.148006,0.119889,0.021463,0.019116,0.023025,0.173823,0.187653,0.209558,0.026475,0.070991,,667900,,
7,6,,0.148006,0.138222,0.021463,0.017449,0.023025,0.157157,0.207653,0.189558,0.026475,0.070991,,691000,,
7,6,,0.142853,0.1214,0.022533,0.02094,0.021912,0.183802,0.212339,0.167729,0.043538,0.062954,,666800,,
7,0,,0.207407,0.131381,0.02551,0.020067,0.026355,0.153514,0.156026,0.130575,0.059408,0.089757,,665100,,
7,6,,0.145546,0.131008,0.023533,0.020966,0.021912,0.177496,0.209637,0.17041,0.035761,0.063731,,668700,,
7,6,,0.143503,0.122948,0.02216,0.020249,0.021648,0.179561,0.255527,0.135486,0.035633,0.063285,,667100,,
7,1,,0.056834,0.301407,0.009504,0.044253,0.007152,0.293621,0.125582,0.148715,0.003399,0.009534,,674800,,
7,6,,0.157174,0.177685,0.043899,0.019621,0.023048,0.120908,0.191448,0.124446,0.067912,0.073858,,667800,,
7,5,,0.106928,0.210379,0.0165,0.030966,0.015281,0.222426,0.18073,0.1608,0.015341,0.04065,,666600,,
7,6,,0.153041,0.160434,0.021697,0.017895,0.024109,0.152817,0.223173,0.145624,0.027582,0.073627,,665400,,
7,5,,0.086928,0.190379,0.0165,0.030966,0.015281,0.242426,0.18073,0.1808,0.015341,0.04065,,669500,,
7,6,,0.143503,0.141281,0.02216,0.018582,0.021648,0.182894,0.235527,0.135486,0.035633,0.063285,,667300,,
7,0,,0.222984,0.13703,0.025612,0.019931,0.0299,0.114849,0.14034,0.121728,0.064558,0.123068,,665300,,
7,0,,0.21466,0.13519,0.026327,0.01837,0.02737,0.145801,0.150971,0.127182,0.040561,0.113569,,676500,,
7,6,,0.153041,0.122101,0.021697,0.019562,0.024109,0.169484,0.203173,0.185624,0.027582,0.073627,,671000,,
7,0,,0.21466,0.13519,0.026327,0.01837,0.02737,0.145801,0.150971,0.127182,0.060561,0.093569,,668400,,
7,1,,0.070884,0.314425,0.010041,0.102412,0.010184,0.232632,0.108269,0.104264,0.020332,0.026559,,671800,,
7,0,,0.187407,0.131381,0.02551,0.020067,0.026355,0.153514,0.176026,0.130575,0.059408,0.089757,,673800,,
8,0,,0.258806,0.163318,0.023937,0.01116,0.04143,0.033392,0.08304,0.031271,0.162626,0.191022,,672400,,
8,0,,0.233911,0.160818,0.023771,0.014961,0.059179,0.045164,0.099727,0.040234,0.116921,0.205315,,672300,,
8,0,,0.267293,0.158563,0.024383,0.015604,0.041889,0.033392,0.08304,0.031271,0.146163,0.198403,,669700,,
8,0,,0.18467,0.16752,0.019404,0.017004,0.032832,0.083723,0.149696,0.112454,0.11433,0.118368,,670300,,
8,0,,0.287293,0.163007,0.024383,0.01116,0.041889,0.033392,0.08304,0.031271,0.166163,0.158403,,673200,,
8,0,,0.258806,0.163318,0.023937,0.01116,0.04143,0.033392,0.08304,0.031271,0.162626,0.191022,,694900,,
