cardiotocography-10clases,Tuned_CWT,test,4,NANOSECONDS,PREDICTIONS, Generated by ClassifierExperiments.java on 2022-05-16 02:15:30.    SYSTEMPROPERTIES:{user.name:matth,os.arch:amd64,os.name:Windows 10},ENDSYSTEMPROPERTIES
No parameter info
0.6139534883720931,379642000,290386300,-1,21583960,10,,-1,-1
0,1,,0.157303,0.361047,0.01448,0.071417,0.028608,0.134189,0.035091,0.004585,0.098353,0.094927,,788100,,
0,0,,0.247348,0.188949,0.022698,0.011062,0.042685,0.039351,0.107475,0.041946,0.129707,0.16878,,683600,,
0,0,,0.247348,0.188949,0.022698,0.011062,0.062685,0.039351,0.107475,0.041946,0.109707,0.16878,,675200,,
0,0,,0.221667,0.179194,0.022066,0.032543,0.04174,0.065108,0.083445,0.020611,0.163385,0.170241,,673600,,
0,1,,0.177746,0.359125,0.016461,0.033738,0.025207,0.171636,0.045743,0.010859,0.084621,0.074864,,673600,,
0,0,,0.317144,0.179395,0.027857,0.018199,0.053825,0.063535,0.110919,0.079915,0.038377,0.110834,,676700,,
0,0,,0.240941,0.182054,0.022701,0.03379,0.060562,0.070896,0.107469,0.042587,0.069587,0.169413,,672700,,
0,0,,0.254622,0.171808,0.023333,0.032309,0.069508,0.045139,0.131498,0.023923,0.101909,0.145951,,698900,,
0,0,,0.247348,0.208949,0.022698,0.011062,0.042685,0.039351,0.087475,0.081946,0.109707,0.14878,,682900,,
0,0,,0.247348,0.168949,0.022698,0.031062,0.042685,0.039351,0.107475,0.021946,0.169707,0.14878,,690100,,
0,0,,0.227348,0.188949,0.022698,0.011062,0.042685,0.039351,0.107475,0.041946,0.164707,0.15378,,695100,,
0,0,,0.316729,0.189277,0.024134,0.019681,0.03288,0.088928,0.09598,0.08804,0.037055,0.107296,,691800,,
0,0,,0.26675,0.188208,0.023525,0.00438,0.059142,0.042795,0.075514,0.113531,0.081588,0.144567,,699000,,
0,1,,0.177746,0.359125,0.016461,0.033738,0.025207,0.171636,0.045743,0.010859,0.084621,0.074864,,694200,,
0,0,,0.205791,0.169462,0.044908,0.081358,0.035928,0.097904,0.132046,0.07582,0.054515,0.102268,,695400,,
0,1,,0.222752,0.239081,0.019537,0.039565,0.056172,0.088135,0.067327,0.035269,0.11393,0.118232,,690700,,
0,0,,0.279607,0.15515,0.03159,0.036777,0.035143,0.087757,0.127083,0.052145,0.089546,0.105202,,693300,,
0,0,,0.245667,0.181194,0.022066,0.030543,0.04174,0.065108,0.103445,0.020611,0.107385,0.182241,,693600,,
0,0,,0.224912,0.126474,0.022931,0.037925,0.056863,0.078193,0.089011,0.12177,0.085113,0.156809,,692400,,
0,0,,0.247348,0.168949,0.022698,0.031062,0.062685,0.039351,0.107475,0.021946,0.129707,0.16878,,690300,,
0,1,,0.149494,0.331037,0.013213,0.040268,0.016478,0.219601,0.113854,0.057724,0.013927,0.044403,,694600,,
0,0,,0.26675,0.188208,0.023525,0.00438,0.059142,0.042795,0.075514,0.093531,0.101588,0.144567,,697800,,
0,0,,0.314674,0.212172,0.026424,0.012309,0.059722,0.045503,0.112407,0.044286,0.044409,0.128094,,676700,,
0,0,,0.266674,0.172172,0.026424,0.032309,0.067722,0.045503,0.132407,0.044286,0.044409,0.168094,,707400,,
0,0,,0.24744,0.208826,0.023883,0.012626,0.036681,0.074653,0.11783,0.05609,0.079226,0.142747,,684300,,
0,0,,0.253307,0.183204,0.023926,0.065204,0.071329,0.057722,0.142083,0.029786,0.054355,0.119083,,685600,,
0,0,,0.234014,0.168949,0.022698,0.031062,0.062685,0.039351,0.107475,0.021946,0.14304,0.16878,,684900,,
0,0,,0.201895,0.161095,0.021051,0.042468,0.038157,0.106334,0.149019,0.040379,0.098854,0.140749,,684900,,
0,0,,0.247348,0.168949,0.022698,0.031062,0.062685,0.039351,0.107475,0.021946,0.124707,0.17378,,702300,,
0,0,,0.227348,0.168949,0.022698,0.031062,0.042685,0.039351,0.087475,0.021946,0.184707,0.17378,,687700,,
0,0,,0.26675,0.188208,0.023525,0.00438,0.059142,0.042795,0.075514,0.113531,0.081588,0.144567,,680800,,
0,0,,0.224875,0.168949,0.022698,0.031062,0.0409,0.039351,0.087475,0.021946,0.21913,0.143615,,668000,,
0,1,,0.237866,0.245659,0.021551,0.06007,0.031593,0.130389,0.102003,0.023128,0.0474,0.10034,,666900,,
0,0,,0.237531,0.18544,0.043292,0.033208,0.059514,0.072774,0.087649,0.044426,0.068767,0.167397,,665500,,
0,0,,0.219194,0.199194,0.022066,0.032543,0.039954,0.045108,0.103445,0.020611,0.172808,0.145077,,673600,,
0,0,,0.295318,0.173767,0.026989,0.045781,0.035375,0.107726,0.11903,0.028833,0.052688,0.114493,,673500,,
0,0,,0.315318,0.193767,0.026989,0.025781,0.055375,0.087726,0.09903,0.048833,0.037688,0.109493,,669200,,
0,0,,0.198445,0.146054,0.04618,0.064285,0.059763,0.095025,0.130977,0.055588,0.075685,0.127997,,673600,,
0,0,,0.224875,0.168949,0.022698,0.031062,0.0409,0.039351,0.087475,0.021946,0.19913,0.163615,,671600,,
0,0,,0.254014,0.168949,0.022698,0.031062,0.062685,0.039351,0.107475,0.021946,0.14304,0.14878,,673400,,
0,0,,0.229629,0.161182,0.029668,0.037602,0.063061,0.062421,0.124999,0.027579,0.125216,0.138642,,674700,,
0,0,,0.284523,0.179352,0.029309,0.035963,0.032287,0.076761,0.131681,0.077854,0.053529,0.098742,,671900,,
0,0,,0.246903,0.183436,0.022344,0.003544,0.041237,0.039038,0.075154,0.109853,0.129893,0.148599,,679300,,
0,0,,0.254014,0.168949,0.022698,0.031062,0.062685,0.039351,0.107475,0.021946,0.14304,0.14878,,675200,,
0,0,,0.221667,0.179194,0.022066,0.032543,0.04174,0.065108,0.083445,0.040611,0.146162,0.167464,,671600,,
0,0,,0.269866,0.235561,0.021281,0.029233,0.031165,0.133919,0.082011,0.04488,0.052959,0.099124,,671200,,
0,0,,0.275059,0.274636,0.022744,0.03132,0.030546,0.113248,0.082183,0.045359,0.031581,0.093325,,676500,,
0,0,,0.317589,0.166908,0.048212,0.023717,0.035273,0.083847,0.12324,0.052008,0.038191,0.111015,,672100,,
0,0,,0.237531,0.18544,0.043292,0.033208,0.059514,0.072774,0.087649,0.044426,0.048767,0.187397,,671900,,
0,0,,0.303493,0.184822,0.022934,0.004962,0.04019,0.040917,0.075334,0.091692,0.089074,0.146583,,670900,,
0,0,,0.242622,0.191808,0.023333,0.012309,0.041508,0.045139,0.091498,0.023923,0.186909,0.140951,,671700,,
0,1,,0.216085,0.241081,0.019537,0.037565,0.056172,0.088135,0.087327,0.015269,0.115596,0.123232,,676000,,
0,0,,0.300999,0.152291,0.027621,0.03553,0.036321,0.081969,0.12306,0.050168,0.07901,0.113031,,676400,,
0,0,,0.264875,0.168949,0.022698,0.011062,0.0409,0.059351,0.067475,0.081946,0.13413,0.148615,,672300,,
0,0,,0.249249,0.156492,0.028674,0.054715,0.033465,0.070973,0.127657,0.075878,0.096327,0.106571,,669700,,
0,0,,0.32528,0.173149,0.026631,0.017534,0.056051,0.055868,0.106715,0.076099,0.041994,0.120678,,674400,,
0,0,,0.254014,0.168949,0.022698,0.031062,0.062685,0.039351,0.107475,0.021946,0.11804,0.17378,,669600,,
0,0,,0.254014,0.168949,0.022698,0.031062,0.062685,0.039351,0.107475,0.021946,0.14304,0.14878,,672600,,
0,0,,0.27357,0.201436,0.022344,0.005544,0.041237,0.039038,0.075154,0.109853,0.083226,0.148599,,670500,,
0,0,,0.231348,0.168949,0.022698,0.031062,0.042685,0.039351,0.127475,0.021946,0.148707,0.16578,,670900,,
0,1,,0.158208,0.23331,0.059377,0.08794,0.035261,0.159604,0.102157,0.050983,0.022227,0.090933,,674900,,
0,1,,0.222752,0.239081,0.019537,0.039565,0.056172,0.088135,0.067327,0.015269,0.10893,0.143232,,668200,,
0,0,,0.271541,0.254309,0.020355,0.02808,0.034994,0.093923,0.071351,0.037245,0.057798,0.130403,,668600,,
0,1,,0.196085,0.259081,0.019537,0.039565,0.036172,0.068135,0.087327,0.015269,0.135596,0.143232,,679500,,
0,0,,0.24015,0.191808,0.023333,0.012309,0.039722,0.045139,0.091498,0.023923,0.196332,0.135786,,674400,,
0,0,,0.210844,0.15573,0.046356,0.089621,0.041152,0.11838,0.167678,0.06344,0.026179,0.080621,,673900,,
0,0,,0.227348,0.188949,0.022698,0.011062,0.042685,0.039351,0.087475,0.021946,0.184707,0.17378,,674400,,
0,0,,0.320999,0.143522,0.027621,0.044299,0.036321,0.081969,0.12306,0.070168,0.03901,0.113031,,672100,,
0,0,,0.247348,0.168949,0.022698,0.031062,0.082685,0.039351,0.107475,0.021946,0.129707,0.14878,,675200,,
0,0,,0.231348,0.188949,0.022698,0.011062,0.042685,0.039351,0.107475,0.021946,0.168707,0.16578,,673500,,
0,0,,0.227348,0.188949,0.022698,0.011062,0.042685,0.039351,0.107475,0.041946,0.164707,0.15378,,702100,,
0,0,,0.334674,0.192172,0.026424,0.012309,0.059722,0.045503,0.112407,0.024286,0.059409,0.133094,,677500,,
0,0,,0.224875,0.188949,0.022698,0.011062,0.0409,0.039351,0.107475,0.021946,0.19413,0.148615,,672800,,
0,0,,0.275182,0.172165,0.026369,0.032309,0.063293,0.045318,0.113106,0.045887,0.097742,0.12863,,676400,,
0,0,,0.31846,0.179922,0.027812,0.01637,0.053955,0.059625,0.107076,0.079777,0.040356,0.116647,,673700,,
0,0,,0.262622,0.171808,0.023333,0.012309,0.041508,0.065139,0.111498,0.063923,0.086909,0.160951,,671200,,
0,0,,0.219183,0.166791,0.042967,0.039805,0.041318,0.056161,0.118652,0.045902,0.106016,0.163204,,675500,,
1,1,,0.143534,0.346685,0.034978,0.079202,0.020236,0.208844,0.069405,0.043977,0.01193,0.04121,,674300,,
1,1,,0.092391,0.357531,0.040767,0.101165,0.022707,0.228151,0.086007,0.026921,0.009256,0.035104,,667700,,
1,1,,0.181303,0.361047,0.02248,0.051417,0.030608,0.138189,0.037091,0.004585,0.063353,0.109927,,673400,,
1,1,,0.123074,0.377707,0.015146,0.083976,0.025321,0.15707,0.05009,0.012444,0.08325,0.071921,,672000,,
1,1,,0.144749,0.326357,0.013949,0.111986,0.036722,0.140603,0.039438,0.006562,0.064649,0.114984,,673200,,
1,1,,0.160378,0.316275,0.015298,0.079932,0.02743,0.159977,0.039114,0.026562,0.08865,0.086384,,673700,,
1,1,,0.148961,0.382299,0.015407,0.03257,0.024779,0.174185,0.045751,0.032219,0.06518,0.078648,,679100,,
1,1,,0.149936,0.382574,0.033416,0.076801,0.025242,0.16306,0.054721,0.034366,0.019567,0.060317,,671000,,
1,1,,0.157911,0.343907,0.015116,0.072664,0.03543,0.139977,0.039114,0.006562,0.087221,0.102098,,676000,,
1,1,,0.087219,0.3009,0.012115,0.167244,0.020069,0.219641,0.075185,0.068622,0.011047,0.037957,,673600,,
1,1,,0.036453,0.342906,0.0106,0.177095,0.020431,0.257082,0.108985,0.032208,0.001402,0.012837,,670600,,
1,1,,0.144749,0.386357,0.013949,0.071986,0.056722,0.140603,0.039438,0.006562,0.059649,0.079984,,674400,,
1,1,,0.087485,0.347416,0.033685,0.098544,0.023875,0.19987,0.065897,0.038322,0.054448,0.050457,,670600,,
1,1,,0.150843,0.328095,0.020281,0.076036,0.022852,0.179732,0.055153,0.015443,0.092358,0.059207,,672100,,
1,1,,0.103207,0.312359,0.011437,0.118146,0.019438,0.223028,0.088679,0.06962,0.013089,0.040997,,671800,,
1,1,,0.20961,0.376601,0.017687,0.043172,0.022982,0.159302,0.049947,0.034675,0.021004,0.06502,,671400,,
1,1,,0.157898,0.327508,0.019846,0.07862,0.028504,0.165105,0.04431,0.00651,0.067018,0.104681,,671100,,
1,1,,0.150096,0.372086,0.012038,0.084312,0.028643,0.146594,0.044068,0.008484,0.053299,0.10038,,680600,,
1,1,,0.11276,0.375276,0.03432,0.099791,0.027697,0.205658,0.069921,0.020299,0.01165,0.042628,,690000,,
1,1,,0.164417,0.376394,0.016494,0.063153,0.032029,0.156444,0.049766,0.012444,0.056823,0.072035,,669400,,
1,1,,0.158208,0.23331,0.059377,0.08794,0.035261,0.159604,0.102157,0.050983,0.022227,0.090933,,668100,,
1,1,,0.144749,0.366357,0.013949,0.091986,0.056722,0.140603,0.039438,0.006562,0.064649,0.074984,,669500,,
1,1,,0.150636,0.341047,0.01448,0.071417,0.028608,0.134189,0.035091,0.004585,0.125019,0.094927,,671300,,
1,1,,0.173742,0.343346,0.015375,0.07138,0.025281,0.148539,0.043031,0.032219,0.066253,0.080834,,677400,,
1,1,,0.144235,0.332159,0.036043,0.066817,0.023601,0.179973,0.049775,0.034196,0.062382,0.070819,,671500,,
1,1,,0.127442,0.302621,0.012344,0.047871,0.01297,0.259334,0.105609,0.089443,0.009782,0.032583,,667600,,
1,1,,0.10584,0.306711,0.011676,0.052421,0.01337,0.240656,0.069892,0.14099,0.015193,0.04325,,671900,,
1,1,,0.092391,0.342309,0.040767,0.123054,0.022707,0.225929,0.081563,0.026921,0.009256,0.035104,,672500,,
1,1,,0.129165,0.325719,0.013425,0.115464,0.018245,0.225116,0.079046,0.050599,0.009536,0.033686,,670700,,
1,1,,0.167035,0.326357,0.013949,0.091986,0.028722,0.160603,0.039438,0.006562,0.061077,0.10427,,673700,,
1,1,,0.174114,0.350588,0.020377,0.075877,0.055613,0.145262,0.044553,0.006562,0.026262,0.100792,,670700,,
1,1,,0.159416,0.326357,0.013949,0.111986,0.028722,0.140603,0.039438,0.006562,0.072982,0.099984,,669800,,
1,1,,0.171292,0.352109,0.03594,0.042509,0.019944,0.1962,0.066138,0.042777,0.017612,0.05548,,671500,,
1,1,,0.149444,0.329374,0.01231,0.075301,0.028713,0.213102,0.067121,0.019041,0.021084,0.084509,,671200,,
1,1,,0.169143,0.353535,0.015859,0.081906,0.033207,0.150655,0.045743,0.010467,0.044621,0.094864,,669600,,
1,1,,0.150636,0.341047,0.01448,0.071417,0.028608,0.134189,0.035091,0.004585,0.130019,0.089927,,670500,,
1,1,,0.1618,0.36005,0.034642,0.086235,0.023017,0.170726,0.058924,0.038182,0.01595,0.050473,,671800,,
1,1,,0.146093,0.356275,0.015298,0.059932,0.02743,0.139977,0.039114,0.006562,0.107221,0.102098,,669500,,
1,1,,0.16796,0.371129,0.021132,0.063471,0.0519,0.138815,0.037415,0.004585,0.06078,0.082813,,671400,,
1,1,,0.164749,0.306357,0.013949,0.131986,0.036722,0.140603,0.039438,0.006562,0.059649,0.099984,,670800,,
1,1,,0.159416,0.326357,0.013949,0.111986,0.028722,0.140603,0.039438,0.006562,0.072982,0.099984,,668800,,
1,1,,0.172577,0.323907,0.015116,0.072664,0.02743,0.159977,0.039114,0.006562,0.075555,0.107098,,689800,,
1,1,,0.157746,0.322959,0.015385,0.080311,0.026063,0.174287,0.051655,0.03154,0.063531,0.076523,,672900,,
1,1,,0.114095,0.327502,0.01238,0.09852,0.017425,0.237302,0.11525,0.033576,0.009256,0.034694,,673000,,
1,1,,0.150093,0.316275,0.015298,0.079932,0.02743,0.159977,0.039114,0.006562,0.106221,0.099098,,669400,,
1,1,,0.168983,0.238386,0.020035,0.08035,0.0278,0.16279,0.101641,0.054661,0.062506,0.082848,,672000,,
1,1,,0.155569,0.325235,0.019646,0.074789,0.024029,0.173944,0.05113,0.013466,0.095156,0.067035,,671300,,
1,0,,0.340999,0.183522,0.027621,0.024299,0.036321,0.061969,0.10306,0.070168,0.03901,0.113031,,675000,,
1,1,,0.08993,0.36094,0.01229,0.079241,0.019399,0.24899,0.065282,0.069252,0.013726,0.040948,,677100,,
1,1,,0.141936,0.367574,0.018416,0.096801,0.053242,0.16806,0.059721,0.014366,0.019567,0.060317,,672000,,
1,1,,0.167787,0.333986,0.021562,0.071683,0.03544,0.179977,0.057125,0.013217,0.024649,0.094574,,678200,,
1,1,,0.170742,0.368877,0.017421,0.053075,0.0202,0.19644,0.060427,0.040078,0.016983,0.055756,,673100,,
1,1,,0.108258,0.316921,0.013641,0.082217,0.014288,0.260631,0.096036,0.059231,0.007811,0.040966,,673600,,
1,1,,0.152749,0.333024,0.013949,0.111986,0.028722,0.140603,0.039438,0.026562,0.044649,0.108318,,671500,,
1,1,,0.158093,0.336275,0.015298,0.079932,0.03543,0.139977,0.039114,0.006562,0.082221,0.107098,,673000,,
1,1,,0.110892,0.361907,0.034694,0.065871,0.024893,0.1806,0.050099,0.034196,0.059809,0.077039,,672300,,
1,1,,0.11641,0.344869,0.015437,0.075113,0.02267,0.191278,0.056727,0.038101,0.078637,0.060757,,673400,,
1,1,,0.088391,0.322309,0.032767,0.143054,0.020707,0.221929,0.079563,0.046921,0.009256,0.035104,,675000,,
1,1,,0.170324,0.371538,0.01704,0.089511,0.023112,0.154412,0.046103,0.034145,0.022982,0.070833,,674100,,
1,1,,0.145416,0.352008,0.017494,0.073625,0.021934,0.1777,0.051491,0.037145,0.060184,0.063004,,674500,,
1,1,,0.102816,0.259531,0.011334,0.141065,0.017797,0.249743,0.091396,0.032436,0.053089,0.040792,,674200,,
1,1,,0.13091,0.344319,0.015415,0.10395,0.043953,0.17388,0.061267,0.0364,0.03556,0.054346,,674700,,
1,1,,0.120809,0.288045,0.013298,0.085241,0.020593,0.235243,0.101584,0.044978,0.015877,0.074332,,672900,,
1,1,,0.133826,0.342368,0.018645,0.064838,0.025267,0.210654,0.074253,0.022664,0.020999,0.086486,,675700,,
1,1,,0.162637,0.355908,0.018236,0.067461,0.029612,0.165447,0.044196,0.00651,0.046833,0.10316,,679300,,
1,1,,0.143534,0.346685,0.014978,0.099202,0.020236,0.208844,0.069405,0.043977,0.01193,0.04121,,676100,,
1,1,,0.108623,0.344284,0.035054,0.048331,0.01297,0.23011,0.071231,0.106603,0.01021,0.032583,,676300,,
1,1,,0.113559,0.329292,0.013064,0.153837,0.019978,0.197876,0.076584,0.04876,0.010469,0.036581,,672800,,
1,1,,0.189165,0.396781,0.017333,0.029962,0.021534,0.158989,0.037625,0.062582,0.02119,0.064839,,670500,,
1,1,,0.158609,0.352728,0.037555,0.085811,0.018687,0.178754,0.060415,0.043836,0.015558,0.048047,,672300,,
1,1,,0.154512,0.356329,0.013058,0.053942,0.023136,0.189633,0.083959,0.038955,0.021348,0.065126,,670700,,
1,1,,0.16521,0.336664,0.014051,0.126817,0.024065,0.168848,0.058744,0.036343,0.016769,0.052489,,679600,,
1,5,,0.056298,0.279886,0.03352,0.094825,0.012245,0.288333,0.10277,0.105224,0.005725,0.021174,,672200,,
1,1,,0.13721,0.336664,0.014051,0.126817,0.032065,0.168848,0.058744,0.036343,0.036769,0.052489,,673600,,
1,1,,0.16521,0.356664,0.014051,0.106817,0.024065,0.168848,0.058744,0.036343,0.016769,0.052489,,671600,,
1,1,,0.144749,0.366357,0.013949,0.071986,0.056722,0.140603,0.039438,0.006562,0.064649,0.094984,,673200,,
1,1,,0.120432,0.366774,0.03322,0.10203,0.047361,0.158298,0.052311,0.032386,0.020595,0.066592,,674100,,
1,1,,0.061531,0.311389,0.032364,0.088188,0.015609,0.280802,0.114895,0.057254,0.008249,0.029718,,674000,,
1,1,,0.068386,0.342906,0.032093,0.140192,0.021353,0.244464,0.084169,0.026921,0.00797,0.031547,,672500,,
1,1,,0.186703,0.316394,0.016494,0.103153,0.024029,0.156444,0.049766,0.032444,0.043252,0.071321,,673900,,
1,1,,0.143429,0.370086,0.012038,0.086312,0.028643,0.146594,0.044068,0.028484,0.064965,0.07538,,672000,,
1,1,,0.13276,0.360276,0.01932,0.099791,0.027697,0.210658,0.074921,0.020299,0.01165,0.042628,,674100,,
1,6,,0.137578,0.094852,0.015159,0.060314,0.019158,0.227804,0.247709,0.130227,0.017104,0.050094,,673800,,
1,5,,0.098583,0.257839,0.011112,0.115304,0.013968,0.296428,0.109204,0.06118,0.007904,0.028479,,676800,,
1,1,,0.126435,0.353156,0.018124,0.12357,0.031098,0.174192,0.064269,0.014417,0.017049,0.077691,,670100,,
1,1,,0.068386,0.340684,0.032093,0.149081,0.021353,0.242242,0.079725,0.026921,0.00797,0.031547,,693200,,
1,1,,0.141936,0.362574,0.013416,0.096801,0.053242,0.16306,0.054721,0.034366,0.019567,0.060317,,669300,,
1,1,,0.105485,0.323035,0.011779,0.165508,0.04285,0.181523,0.064705,0.042827,0.015067,0.047221,,672000,,
1,1,,0.140432,0.326774,0.01322,0.12203,0.027361,0.178298,0.052311,0.032386,0.020595,0.086592,,681700,,
1,1,,0.061591,0.353688,0.032372,0.110617,0.015906,0.239112,0.08558,0.077379,0.004913,0.018842,,676800,,
1,1,,0.096169,0.330641,0.031554,0.11827,0.022292,0.208962,0.068556,0.064717,0.013648,0.045192,,671600,,
1,1,,0.085537,0.291248,0.011674,0.145698,0.018573,0.254192,0.097136,0.053576,0.009043,0.033323,,673300,,
1,1,,0.101719,0.30735,0.012093,0.169081,0.021353,0.222242,0.079725,0.046921,0.00797,0.031547,,669500,,
1,1,,0.107887,0.310134,0.012699,0.053388,0.014418,0.259647,0.09793,0.101536,0.009596,0.032764,,675900,,
1,1,,0.161244,0.323907,0.015116,0.092664,0.03543,0.139977,0.039114,0.006562,0.053888,0.132098,,671900,,
1,1,,0.164922,0.321047,0.01448,0.071417,0.028608,0.154189,0.035091,0.024585,0.071448,0.114213,,675400,,
1,1,,0.148018,0.358019,0.015305,0.052493,0.049121,0.190412,0.062115,0.040801,0.020409,0.063309,,669200,,
1,1,,0.184417,0.367625,0.016494,0.071922,0.032029,0.156444,0.049766,0.012444,0.036823,0.072035,,672000,,
1,1,,0.098102,0.338927,0.012863,0.148513,0.04197,0.196036,0.082605,0.02989,0.011374,0.039719,,668100,,
1,0,,0.28454,0.229923,0.021354,0.038552,0.052899,0.11518,0.073075,0.041946,0.03616,0.106372,,671600,,
1,1,,0.061531,0.318389,0.032364,0.081188,0.015609,0.260802,0.114895,0.077254,0.008249,0.029718,,671200,,
1,1,,0.130892,0.355241,0.034694,0.065871,0.024893,0.1806,0.050099,0.034196,0.059809,0.063705,,671000,,
1,1,,0.16521,0.336664,0.014051,0.126817,0.024065,0.168848,0.058744,0.036343,0.016769,0.052489,,671400,,
1,1,,0.081719,0.342573,0.032093,0.127192,0.021353,0.224464,0.084169,0.046921,0.00797,0.031547,,671700,,
1,1,,0.13721,0.356664,0.014051,0.106817,0.032065,0.168848,0.058744,0.016343,0.051769,0.057489,,672000,,
1,1,,0.149936,0.362574,0.013416,0.096801,0.045242,0.16306,0.054721,0.034366,0.019567,0.060317,,671000,,
1,1,,0.142601,0.327732,0.014946,0.118011,0.020738,0.183198,0.066684,0.063977,0.014431,0.047682,,671900,,
1,1,,0.12276,0.349942,0.01432,0.106791,0.022697,0.205658,0.069921,0.040299,0.01165,0.055961,,685900,,
1,1,,0.160378,0.336275,0.015298,0.079932,0.02743,0.159977,0.039114,0.026562,0.06865,0.086384,,669200,,
1,1,,0.123534,0.366685,0.014978,0.059202,0.040236,0.228844,0.069405,0.043977,0.01193,0.04121,,670800,,
1,1,,0.142601,0.327732,0.014946,0.118011,0.020738,0.183198,0.066684,0.063977,0.014431,0.047682,,671100,,
1,1,,0.112283,0.324599,0.014688,0.077358,0.018217,0.233324,0.078134,0.048601,0.034047,0.058748,,668500,,
1,1,,0.189008,0.371011,0.017085,0.07134,0.022982,0.158322,0.049947,0.034283,0.021004,0.06502,,682200,,
1,1,,0.12537,0.352945,0.012673,0.107559,0.027466,0.152382,0.048092,0.010461,0.070501,0.092552,,675100,,
1,1,,0.089165,0.338719,0.033425,0.122464,0.018245,0.225116,0.079046,0.050599,0.009536,0.033686,,682800,,
1,1,,0.159416,0.326357,0.013949,0.111986,0.028722,0.140603,0.039438,0.006562,0.072982,0.099984,,671900,,
2,0,,0.214547,0.185759,0.046509,0.06749,0.043533,0.076619,0.150719,0.057427,0.054396,0.103002,,674300,,
2,0,,0.226401,0.182581,0.046105,0.051579,0.032527,0.11437,0.142698,0.081702,0.030546,0.091491,,673900,,
2,0,,0.233497,0.193597,0.026217,0.056353,0.069184,0.06241,0.144082,0.051769,0.036438,0.126452,,673600,,
2,0,,0.231915,0.190092,0.065711,0.043135,0.042226,0.066169,0.140737,0.053644,0.057372,0.109,,674200,,
2,0,,0.236246,0.17699,0.046863,0.075771,0.044565,0.064474,0.143564,0.052008,0.035618,0.123901,,671100,,
2,0,,0.277589,0.186908,0.048212,0.023717,0.035273,0.063847,0.12324,0.072008,0.038191,0.131015,,676600,,
2,0,,0.241838,0.182247,0.045021,0.044363,0.064585,0.045944,0.13343,0.025887,0.090169,0.126516,,669500,,
2,0,,0.317589,0.166908,0.048212,0.023717,0.035273,0.083847,0.12324,0.052008,0.038191,0.111015,,667600,,
2,0,,0.240999,0.212291,0.047621,0.01553,0.036321,0.061969,0.14306,0.050168,0.05901,0.133031,,669400,,
2,0,,0.230935,0.149211,0.043903,0.049798,0.030502,0.120908,0.165684,0.063233,0.031598,0.114227,,674800,,
2,0,,0.317144,0.159395,0.047857,0.038199,0.033825,0.063535,0.110919,0.079915,0.038377,0.110834,,669300,,
3,1,,0.154218,0.325314,0.012855,0.134827,0.035466,0.152382,0.048092,0.010461,0.028834,0.097552,,671800,,
3,1,,0.062282,0.340472,0.009426,0.206727,0.024049,0.214612,0.073981,0.026224,0.009116,0.033109,,675600,,
3,1,,0.105691,0.325169,0.011666,0.176884,0.02225,0.210779,0.07189,0.02489,0.012006,0.038775,,671300,,
3,5,,0.032161,0.290547,0.009088,0.115425,0.011036,0.327258,0.152954,0.050261,0.001197,0.010073,,683300,,
3,1,,0.133101,0.34149,0.013124,0.14357,0.031098,0.169192,0.059269,0.014417,0.017049,0.077691,,676800,,
3,5,,0.085147,0.249651,0.011571,0.157387,0.016932,0.280906,0.099853,0.056393,0.009043,0.033118,,671900,,
3,1,,0.130065,0.348531,0.013893,0.118825,0.028594,0.174195,0.062087,0.038268,0.035686,0.049856,,673300,,
3,1,,0.055458,0.311717,0.010315,0.173234,0.020948,0.260061,0.074273,0.049786,0.010098,0.03411,,671000,,
3,1,,0.112393,0.364342,0.030484,0.100686,0.046653,0.165087,0.058154,0.015106,0.029238,0.077856,,690600,,
3,1,,0.036453,0.32047,0.0106,0.199531,0.020431,0.257082,0.088985,0.052208,0.001402,0.012837,,673300,,
3,1,,0.13721,0.336664,0.014051,0.126817,0.032065,0.168848,0.058744,0.036343,0.036769,0.052489,,672000,,
3,1,,0.130065,0.348531,0.013893,0.118825,0.028594,0.174195,0.062087,0.038268,0.035686,0.049856,,671300,,
3,1,,0.127849,0.357348,0.011301,0.118089,0.025475,0.168653,0.057734,0.017083,0.02644,0.090028,,669400,,
3,1,,0.076993,0.29021,0.012728,0.210328,0.020175,0.22803,0.083748,0.048897,0.005172,0.023718,,688300,,
3,1,,0.095704,0.354355,0.029133,0.152488,0.027904,0.166003,0.058571,0.015106,0.019999,0.080737,,671800,,
3,1,,0.112363,0.340128,0.01234,0.150857,0.021604,0.190466,0.071728,0.02489,0.033292,0.042332,,676600,,
3,1,,0.100637,0.310641,0.0085,0.188662,0.026377,0.20024,0.067577,0.020394,0.021384,0.055589,,671200,,
4,0,,0.267195,0.175721,0.023879,0.029898,0.06059,0.043108,0.107836,0.045624,0.101401,0.144748,,674300,,
4,0,,0.227348,0.188949,0.022698,0.011062,0.042685,0.039351,0.107475,0.021946,0.189707,0.14878,,670100,,
4,0,,0.213678,0.167021,0.019418,0.035499,0.038493,0.115386,0.106746,0.030143,0.143331,0.130285,,674700,,
4,0,,0.227348,0.168949,0.022698,0.031062,0.042685,0.039351,0.107475,0.021946,0.169707,0.16878,,671100,,
4,0,,0.199626,0.19145,0.043294,0.068686,0.062383,0.083479,0.098054,0.028451,0.082033,0.142545,,675200,,
4,1,,0.141884,0.221191,0.038181,0.091718,0.053662,0.143137,0.091505,0.045101,0.067625,0.105996,,671500,,
4,0,,0.254014,0.170949,0.022698,0.029062,0.062685,0.039351,0.107475,0.021946,0.14304,0.14878,,670900,,
4,1,,0.209409,0.249164,0.018189,0.051619,0.057464,0.088761,0.067651,0.015269,0.111357,0.131118,,670800,,
4,0,,0.247348,0.168949,0.022698,0.031062,0.042685,0.039351,0.107475,0.021946,0.169707,0.14878,,694800,,
4,0,,0.220671,0.179031,0.02135,0.043116,0.043977,0.039977,0.107799,0.021946,0.155467,0.166666,,669600,,
4,0,,0.210264,0.172136,0.021353,0.045844,0.061854,0.091522,0.107793,0.022587,0.116347,0.150299,,676100,,
4,1,,0.154509,0.240154,0.015541,0.077723,0.034217,0.116811,0.085946,0.02579,0.153148,0.096161,,671100,,
4,0,,0.219359,0.156775,0.02005,0.034018,0.039439,0.089629,0.130776,0.031478,0.144653,0.133823,,674800,,
4,1,,0.215359,0.241941,0.028173,0.040812,0.076994,0.097923,0.073351,0.017245,0.097798,0.110403,,670200,,
4,0,,0.21787,0.180876,0.022328,0.035756,0.061923,0.070393,0.093884,0.025611,0.147426,0.143935,,673900,,
5,5,,0.054716,0.232782,0.007632,0.057135,0.010983,0.349752,0.135819,0.131234,0.00379,0.016158,,671600,,
5,5,,0.02923,0.237915,0.007574,0.078092,0.007812,0.334385,0.170718,0.125399,0.001238,0.007637,,673400,,
5,5,,0.063497,0.226829,0.0156,0.142945,0.013485,0.328105,0.135099,0.051234,0.004863,0.018344,,672100,,
5,5,,0.073096,0.278305,0.031053,0.03426,0.010797,0.307728,0.124103,0.115346,0.005353,0.019958,,674900,,
5,1,,0.098803,0.278132,0.019064,0.127021,0.020871,0.253871,0.093593,0.032385,0.032886,0.043375,,672900,,
5,1,,0.243408,0.266588,0.041494,0.018775,0.02522,0.131846,0.080543,0.082481,0.028074,0.081571,,672700,,
5,5,,0.034716,0.228004,0.007632,0.115246,0.010983,0.356974,0.170264,0.056234,0.00379,0.016158,,669400,,
5,5,,0.0544,0.229568,0.007293,0.055363,0.010437,0.36891,0.139016,0.115516,0.00385,0.015647,,674200,,
5,1,,0.112798,0.2723,0.010835,0.091903,0.016226,0.265195,0.106515,0.077443,0.010964,0.035822,,672900,,
5,1,,0.112001,0.34157,0.035704,0.064095,0.013493,0.202857,0.062789,0.122107,0.011233,0.034151,,669800,,
5,1,,0.152052,0.328673,0.014363,0.05249,0.016478,0.212912,0.086707,0.076614,0.014272,0.045438,,670200,,
5,5,,0.02923,0.217915,0.007574,0.078092,0.007812,0.354385,0.170718,0.125399,0.001238,0.007637,,671500,,
5,5,,0.1057,0.28031,0.012492,0.082303,0.014288,0.28732,0.103183,0.08034,0.007466,0.026599,,670900,,
5,5,,0.115439,0.168897,0.013324,0.064642,0.017369,0.251708,0.196524,0.123894,0.011569,0.036634,,678500,,
5,5,,0.090461,0.263876,0.009423,0.090713,0.016409,0.308657,0.109815,0.058282,0.012475,0.039888,,673700,,
5,5,,0.036959,0.243743,0.008443,0.091046,0.010437,0.342221,0.131869,0.114406,0.004195,0.016681,,693600,,
5,1,,0.08038,0.288979,0.011568,0.056005,0.011975,0.248584,0.112932,0.15226,0.008496,0.028821,,673900,,
5,5,,0.054716,0.248004,0.007632,0.095246,0.010983,0.331974,0.160264,0.071234,0.00379,0.016158,,670800,,
5,5,,0.171148,0.198344,0.017548,0.050451,0.021852,0.221266,0.13542,0.111024,0.018043,0.054904,,671800,,
5,5,,0.059442,0.245145,0.006997,0.113999,0.01216,0.311186,0.16624,0.054257,0.006588,0.023986,,680500,,
5,5,,0.076024,0.263117,0.009962,0.093501,0.013968,0.305339,0.140796,0.06229,0.00756,0.027444,,669700,,
5,5,,0.118023,0.102365,0.015514,0.045832,0.020606,0.228117,0.220031,0.18232,0.016918,0.050275,,672300,,
5,1,,0.141811,0.314818,0.013898,0.060377,0.01496,0.223063,0.095967,0.082822,0.012176,0.040108,,671800,,
5,1,,0.096744,0.334325,0.0117,0.108268,0.017693,0.255659,0.095616,0.034361,0.010088,0.035547,,670700,,
5,1,,0.13372,0.332776,0.035361,0.084682,0.014018,0.205306,0.065314,0.082321,0.011223,0.035281,,678200,,
5,5,,0.02999,0.217863,0.008267,0.109493,0.009805,0.382762,0.174287,0.05821,0.000992,0.008329,,673700,,
5,1,,0.069537,0.318252,0.009572,0.130471,0.017948,0.284711,0.100853,0.037672,0.006318,0.024665,,671000,,
5,5,,0.053955,0.235055,0.006939,0.036845,0.008989,0.348597,0.146695,0.143423,0.004036,0.015466,,672900,,
5,5,,0.056887,0.256243,0.008453,0.078956,0.012213,0.343692,0.153375,0.068285,0.003995,0.017901,,672000,,
5,5,,0.02999,0.255641,0.008267,0.098382,0.009805,0.35554,0.139843,0.09321,0.000992,0.008329,,669300,,
5,5,,0.0544,0.273799,0.007293,0.051132,0.010437,0.30891,0.159016,0.115516,0.00385,0.015647,,672000,,
5,5,,0.0544,0.233799,0.007293,0.051132,0.010437,0.32891,0.139016,0.155516,0.00385,0.015647,,675600,,
5,1,,0.101542,0.28961,0.00951,0.069031,0.018867,0.273976,0.100099,0.053591,0.015318,0.068456,,669800,,
5,1,,0.120014,0.31137,0.033442,0.051984,0.016954,0.270907,0.092239,0.051742,0.011585,0.039765,,673600,,
5,5,,0.075709,0.248912,0.009623,0.069386,0.013423,0.302275,0.119548,0.126572,0.00762,0.026933,,672300,,
5,5,,0.02999,0.255641,0.008267,0.098382,0.009805,0.33554,0.159843,0.09321,0.000992,0.008329,,676400,,
5,5,,0.040238,0.301942,0.011883,0.073114,0.010983,0.323422,0.108428,0.106851,0.004913,0.018227,,677700,,
5,5,,0.034716,0.268004,0.007632,0.095246,0.010983,0.336974,0.170264,0.056234,0.00379,0.016158,,695400,,
5,5,,0.060445,0.235112,0.006975,0.036845,0.005936,0.328292,0.126731,0.183423,0.004108,0.012134,,673800,,
5,5,,0.053955,0.255055,0.006939,0.036845,0.008989,0.328597,0.126695,0.163423,0.004036,0.015466,,673600,,
5,1,,0.040987,0.308231,0.010825,0.183677,0.019967,0.273878,0.085617,0.051943,0.004414,0.02046,,677900,,
5,5,,0.096024,0.260895,0.009962,0.042389,0.013968,0.323116,0.116351,0.10229,0.00756,0.027444,,670600,,
5,5,,0.059497,0.229051,0.0076,0.094056,0.011485,0.366328,0.137543,0.071234,0.004863,0.018344,,672300,,
5,0,,0.265489,0.238881,0.022068,0.017682,0.027289,0.13658,0.075643,0.097766,0.029903,0.088699,,672900,,
5,5,,0.033955,0.215055,0.006939,0.056845,0.008989,0.348597,0.126695,0.183423,0.004036,0.015466,,668800,,
5,5,,0.120713,0.168203,0.014326,0.043247,0.019539,0.235908,0.199463,0.105163,0.038383,0.055057,,677000,,
5,1,,0.106473,0.272181,0.009639,0.088682,0.019628,0.268729,0.095862,0.05156,0.016362,0.070885,,672900,,
5,1,,0.107887,0.314365,0.012699,0.069158,0.014418,0.239647,0.11793,0.081536,0.009596,0.032764,,671300,,
5,5,,0.059826,0.285625,0.009476,0.114353,0.016685,0.297826,0.132255,0.059703,0.0042,0.02005,,686500,,
5,5,,0.070538,0.264259,0.009904,0.045115,0.010797,0.30775,0.15125,0.116456,0.005008,0.018924,,672100,,
5,1,,0.110919,0.311263,0.012524,0.056494,0.018786,0.272966,0.125904,0.06034,0.006393,0.024412,,671400,,
5,1,,0.108636,0.295678,0.010917,0.099264,0.018922,0.243271,0.087377,0.050592,0.036009,0.049333,,671400,,
5,5,,0.054716,0.245782,0.007632,0.044135,0.010983,0.369752,0.155819,0.091234,0.00379,0.016158,,674100,,
5,1,,0.101542,0.28961,0.00951,0.069031,0.018867,0.273976,0.100099,0.053591,0.015318,0.068456,,671500,,
5,1,,0.130014,0.300601,0.013442,0.067753,0.021954,0.250907,0.112239,0.051742,0.011585,0.039765,,675300,,
5,5,,0.054716,0.257012,0.007632,0.112905,0.010983,0.334752,0.145819,0.056234,0.00379,0.016158,,671200,,
5,1,,0.141811,0.294818,0.013898,0.080377,0.01496,0.223063,0.115967,0.062822,0.012176,0.040108,,671600,,
5,5,,0.059442,0.245145,0.006997,0.113999,0.01216,0.306186,0.15624,0.069257,0.006588,0.023986,,672900,,
5,5,,0.059497,0.249051,0.0076,0.114056,0.011485,0.346328,0.137543,0.051234,0.004863,0.018344,,671800,,
5,5,,0.116785,0.215185,0.016964,0.029605,0.016126,0.26408,0.133367,0.138735,0.018634,0.050518,,672000,,
5,5,,0.141473,0.181151,0.015019,0.041649,0.021532,0.259284,0.193032,0.072974,0.018137,0.055749,,699600,,
5,0,,0.209798,0.187169,0.018112,0.049193,0.023572,0.178893,0.169433,0.070333,0.023421,0.070075,,674500,,
5,1,,0.082918,0.284373,0.010725,0.055595,0.013022,0.270469,0.094162,0.149087,0.009164,0.030484,,671300,,
5,5,,0.064222,0.226191,0.006965,0.152809,0.012663,0.300539,0.13352,0.069257,0.007661,0.026173,,670100,,
5,1,,0.105884,0.306088,0.011151,0.09645,0.021328,0.237412,0.086321,0.047694,0.015728,0.071943,,671100,,
5,1,,0.140973,0.310203,0.013029,0.076498,0.02996,0.218433,0.070408,0.041022,0.019567,0.079907,,670400,,
5,5,,0.053955,0.233978,0.006939,0.057922,0.008989,0.288597,0.166695,0.163423,0.004036,0.015466,,672900,,
6,0,,0.219757,0.176323,0.021383,0.008933,0.032171,0.084108,0.177076,0.096895,0.076858,0.106496,,671900,,
6,6,,0.107985,0.088747,0.015156,0.030586,0.021281,0.216259,0.227715,0.209586,0.021224,0.061461,,671900,,
6,6,,0.217586,0.135535,0.018956,0.034184,0.027255,0.164557,0.222718,0.075973,0.026034,0.077202,,670800,,
6,6,,0.10826,0.100021,0.014582,0.08511,0.023506,0.243189,0.267013,0.069421,0.022453,0.066444,,687200,,
6,6,,0.17812,0.104264,0.018934,0.038106,0.02103,0.165857,0.204983,0.159802,0.043554,0.06535,,670300,,
6,6,,0.169738,0.115604,0.017841,0.050127,0.025714,0.149937,0.220568,0.152735,0.024807,0.072929,,674700,,
6,6,,0.148187,0.119324,0.016768,0.04194,0.026442,0.175046,0.248898,0.099629,0.046259,0.077506,,671900,,
6,6,,0.194447,0.146888,0.01944,0.066984,0.051633,0.137993,0.207496,0.05196,0.031156,0.092003,,674600,,
6,6,,0.103259,0.066607,0.015792,0.036833,0.020103,0.222047,0.271739,0.191562,0.018426,0.053633,,673600,,
6,6,,0.109749,0.066663,0.015828,0.036833,0.01705,0.221742,0.231775,0.231562,0.018498,0.050301,,674900,,
6,5,,0.171093,0.181438,0.016945,0.043395,0.022527,0.221124,0.154117,0.109048,0.019768,0.060546,,676200,,
6,5,,0.095123,0.154693,0.012985,0.040527,0.016824,0.268644,0.195276,0.168176,0.011629,0.036123,,671800,,
6,7,,0.149293,0.13686,0.017486,0.01584,0.024266,0.149624,0.188247,0.220642,0.024993,0.072748,,674600,,
6,7,,0.122304,0.111993,0.014524,0.039067,0.020335,0.202016,0.183686,0.22825,0.019902,0.057923,,674500,,
6,5,,0.079404,0.12432,0.011996,0.073762,0.016553,0.262543,0.218931,0.154106,0.014613,0.043771,,671900,,
6,6,,0.143462,0.124405,0.017403,0.054299,0.025265,0.183057,0.257366,0.081606,0.043461,0.069677,,704200,,
6,6,,0.169738,0.124373,0.017841,0.021357,0.025714,0.189937,0.240568,0.112735,0.024807,0.072929,,673400,,
6,6,,0.197586,0.133313,0.018956,0.063073,0.027255,0.142335,0.218274,0.095973,0.026034,0.077202,,673800,,
6,6,,0.10843,0.09626,0.015511,0.036103,0.022729,0.216572,0.280037,0.141679,0.021038,0.061642,,675500,,
6,6,,0.116554,0.123626,0.056967,0.0636,0.023777,0.205885,0.235198,0.086624,0.022395,0.065374,,674800,,
6,6,,0.19163,0.105285,0.018898,0.037029,0.024084,0.166162,0.204947,0.159802,0.023482,0.068681,,671500,,
6,6,,0.149738,0.124373,0.017841,0.021357,0.025714,0.189937,0.240568,0.112735,0.044807,0.072929,,671200,,
6,6,,0.180144,0.145479,0.020106,0.034098,0.047255,0.157868,0.215571,0.074864,0.046378,0.078236,,672300,,
6,6,,0.127985,0.10067,0.015156,0.038662,0.021281,0.176259,0.267715,0.169586,0.021224,0.061461,,674600,,
6,1,,0.137496,0.19131,0.023107,0.073936,0.033529,0.150571,0.169574,0.092534,0.047713,0.080231,,674300,,
6,6,,0.137209,0.124984,0.014021,0.054248,0.02573,0.214733,0.244829,0.065516,0.045054,0.073678,,671900,,
6,6,,0.161955,0.146279,0.06051,0.03981,0.054245,0.126064,0.208632,0.069351,0.048427,0.084726,,672100,,
6,6,,0.124843,0.137994,0.037548,0.024612,0.025314,0.197342,0.201568,0.157454,0.023425,0.069901,,681300,,
6,5,,0.101168,0.154928,0.012667,0.027317,0.012322,0.268026,0.182991,0.196083,0.011887,0.032611,,670900,,
6,0,,0.201452,0.126685,0.01857,0.056364,0.026309,0.13557,0.195006,0.133544,0.027293,0.079207,,674700,,
6,0,,0.216827,0.163159,0.041209,0.04169,0.084841,0.096794,0.153902,0.053616,0.037437,0.110524,,673800,,
6,6,,0.133941,0.096776,0.015214,0.036629,0.024452,0.192432,0.261042,0.145757,0.023775,0.069982,,671700,,
6,6,,0.145112,0.081738,0.014653,0.085766,0.026675,0.183976,0.258858,0.061851,0.046376,0.094994,,674000,,
6,6,,0.127985,0.088747,0.015156,0.030586,0.021281,0.216259,0.267715,0.129586,0.041224,0.061461,,672100,,
6,0,,0.241534,0.18314,0.022473,0.017904,0.032027,0.093762,0.175632,0.091,0.046471,0.096058,,673500,,
6,6,,0.13655,0.121541,0.016078,0.017378,0.022326,0.224631,0.231541,0.122123,0.042385,0.065447,,675300,,
6,0,,0.299946,0.148717,0.023675,0.038082,0.030026,0.088796,0.119074,0.118878,0.03394,0.098866,,672700,,
6,0,,0.257842,0.176744,0.020799,0.013721,0.027824,0.13302,0.170846,0.082552,0.029792,0.08686,,688600,,
6,6,,0.144568,0.09972,0.018122,0.037087,0.023089,0.175412,0.212271,0.202618,0.022195,0.064919,,672800,,
6,6,,0.19163,0.124208,0.018898,0.038106,0.024084,0.146162,0.204947,0.159802,0.023482,0.068681,,673900,,
6,0,,0.254014,0.188949,0.022698,0.011062,0.062685,0.039351,0.107475,0.041946,0.10304,0.16878,,678500,,
6,5,,0.054716,0.245782,0.007632,0.104135,0.010983,0.329752,0.155819,0.071234,0.00379,0.016158,,671800,,
6,0,,0.237214,0.110448,0.019852,0.03252,0.024198,0.143798,0.151318,0.171204,0.028746,0.080703,,677700,,
6,6,,0.129215,0.114857,0.01585,0.035987,0.023274,0.220442,0.26951,0.087733,0.040977,0.062153,,671500,,
6,0,,0.208827,0.163159,0.041209,0.04169,0.056841,0.096794,0.153902,0.053616,0.061437,0.122524,,674300,,
6,6,,0.129215,0.101857,0.01585,0.068987,0.023274,0.205442,0.27951,0.072733,0.040977,0.062153,,671100,,
6,7,,0.109749,0.066663,0.015828,0.036833,0.01705,0.221742,0.211775,0.251562,0.018498,0.050301,,678900,,
6,7,,0.144568,0.08672,0.018122,0.050087,0.023089,0.175412,0.192271,0.222618,0.022195,0.064919,,669400,,
6,6,,0.124843,0.124994,0.037548,0.037612,0.025314,0.197342,0.201568,0.157454,0.023425,0.069901,,677900,,
6,6,,0.107985,0.088747,0.015156,0.030586,0.021281,0.236259,0.287715,0.129586,0.021224,0.061461,,684500,,
6,6,,0.133996,0.104913,0.015818,0.072455,0.023777,0.212574,0.262345,0.087733,0.022051,0.06434,,675100,,
7,6,,0.103259,0.066607,0.015792,0.036833,0.020103,0.222047,0.231739,0.231562,0.018426,0.053633,,672600,,
7,7,,0.117033,0.093748,0.016342,0.0155,0.018227,0.189265,0.200604,0.268476,0.02164,0.059164,,678300,,
7,5,,0.03572,0.217971,0.00761,0.058092,0.004758,0.31408,0.130754,0.205399,0.02131,0.004306,,675500,,
7,5,,0.03572,0.217971,0.00761,0.058092,0.004758,0.31408,0.130754,0.205399,0.02131,0.004306,,671500,,
7,7,,0.104862,0.103937,0.015674,0.016982,0.020335,0.215327,0.216539,0.22714,0.020246,0.058958,,673900,,
7,7,,0.155326,0.164467,0.045421,0.038192,0.018227,0.170931,0.131749,0.192427,0.023061,0.060199,,674400,,
7,7,,0.140195,0.15919,0.020405,0.017927,0.018227,0.183272,0.173853,0.204098,0.022633,0.060199,,673500,,
7,7,,0.114475,0.077137,0.015192,0.035586,0.018227,0.202621,0.187751,0.269586,0.021296,0.05813,,680200,,
7,7,,0.114475,0.101804,0.015192,0.017586,0.018227,0.215954,0.187751,0.249586,0.021296,0.05813,,685300,,
7,5,,0.104068,0.076909,0.015195,0.038314,0.016104,0.247499,0.207745,0.230227,0.017176,0.046763,,666600,,
7,5,,0.040445,0.215112,0.006975,0.076845,0.005936,0.308292,0.126731,0.203423,0.004108,0.012134,,676300,,
7,1,,0.047347,0.314161,0.014897,0.057647,0.005936,0.266386,0.078455,0.195094,0.005873,0.014203,,674400,,
7,7,,0.14815,0.101684,0.013996,0.014364,0.021628,0.179487,0.177099,0.243703,0.026694,0.073193,,670700,,
7,5,,0.102304,0.073993,0.014524,0.037067,0.020335,0.242016,0.223686,0.20825,0.019902,0.057923,,675600,,
7,7,,0.134475,0.101804,0.015192,0.017586,0.018227,0.195954,0.187751,0.249586,0.021296,0.05813,,674800,,
7,7,,0.100136,0.086796,0.016309,0.038229,0.019158,0.241115,0.180562,0.249117,0.017448,0.051129,,668700,,
7,7,,0.131058,0.099776,0.018158,0.037087,0.020035,0.175107,0.172307,0.242618,0.042267,0.061588,,671700,,
7,7,,0.097578,0.076852,0.015159,0.038314,0.019158,0.247804,0.187709,0.250227,0.017104,0.050094,,673500,,
7,6,,0.113507,0.133676,0.019407,0.030795,0.021281,0.16993,0.220324,0.205203,0.022347,0.06353,,672900,,
7,7,,0.109749,0.066663,0.015828,0.036833,0.01705,0.201742,0.191775,0.291562,0.018498,0.050301,,676800,,
7,0,,0.21812,0.087341,0.018934,0.035029,0.02103,0.165857,0.164983,0.199802,0.023554,0.06535,,672500,,
7,0,,0.21812,0.087341,0.018934,0.035029,0.02103,0.165857,0.164983,0.199802,0.023554,0.06535,,675700,,
8,0,,0.227348,0.168949,0.022698,0.031062,0.042685,0.039351,0.107475,0.021946,0.189707,0.14878,,681900,,
8,0,,0.224875,0.188949,0.022698,0.011062,0.0409,0.039351,0.087475,0.041946,0.19913,0.143615,,673600,,
8,0,,0.227348,0.168949,0.022698,0.031062,0.042685,0.039351,0.087475,0.021946,0.209707,0.14878,,671600,,
8,0,,0.224875,0.188949,0.022698,0.011062,0.0409,0.039351,0.107475,0.021946,0.19913,0.143615,,672000,,
8,0,,0.224875,0.188949,0.022698,0.011062,0.0409,0.039351,0.087475,0.021946,0.21913,0.143615,,671600,,
8,0,,0.224875,0.188949,0.022698,0.011062,0.0409,0.039351,0.087475,0.041946,0.19913,0.143615,,674300,,
