cardiotocography-10clases,Tuned_CWT,test,2,NANOSECONDS,PREDICTIONS, Generated by ClassifierExperiments.java on 2022-05-16 02:11:34.    SYSTEMPROPERTIES:{user.name:matth,os.arch:amd64,os.name:Windows 10},ENDSYSTEMPROPERTIES
No parameter info
0.6534883720930232,420804900,318754600,-1,21321056,10,,-1,-1
0,0,,0.280601,0.149299,0.024099,0.068677,0.036607,0.063409,0.117238,0.09752,0.036276,0.126274,,796400,,
0,1,,0.232049,0.244761,0.016317,0.014994,0.051251,0.115519,0.095238,0.021808,0.04768,0.160384,,710400,,
0,0,,0.21601,0.175917,0.025195,0.032821,0.032165,0.091658,0.196699,0.046383,0.061439,0.121714,,695300,,
0,0,,0.251545,0.146224,0.022016,0.027662,0.039176,0.077681,0.157396,0.035587,0.050755,0.191958,,698400,,
0,9,,0.210793,0.097045,0.017705,0.033256,0.039555,0.059282,0.092037,0.026456,0.211207,0.212664,,687400,,
0,0,,0.212528,0.184059,0.026271,0.011138,0.026364,0.112836,0.200684,0.044887,0.045671,0.135562,,685300,,
0,0,,0.32799,0.113398,0.02702,0.012981,0.030333,0.08445,0.122658,0.140296,0.031348,0.109526,,681700,,
0,0,,0.226488,0.129953,0.021186,0.054245,0.036195,0.100958,0.172469,0.041396,0.044231,0.172879,,689900,,
0,0,,0.248243,0.119474,0.018734,0.004618,0.058262,0.056993,0.17378,0.026456,0.104791,0.188648,,691000,,
0,0,,0.289611,0.113244,0.018489,0.00505,0.037701,0.041547,0.081516,0.130792,0.082162,0.199888,,691400,,
0,0,,0.187876,0.183654,0.017913,0.05903,0.026027,0.161495,0.098076,0.073857,0.067436,0.124635,,694100,,
0,0,,0.31249,0.113398,0.028472,0.012981,0.029523,0.084022,0.113753,0.136963,0.053586,0.114811,,696400,,
0,0,,0.22633,0.12375,0.021826,0.047901,0.030726,0.096649,0.170513,0.055549,0.074954,0.151801,,692700,,
0,0,,0.289611,0.113244,0.018489,0.00505,0.037701,0.041547,0.081516,0.130792,0.082162,0.199888,,687700,,
0,6,,0.197871,0.15907,0.02744,0.013836,0.030208,0.098052,0.234032,0.048483,0.059395,0.131614,,687800,,
0,0,,0.222186,0.085479,0.019195,0.024834,0.033706,0.063036,0.118516,0.17185,0.081887,0.179311,,687000,,
0,0,,0.192916,0.138994,0.020686,0.027315,0.03387,0.062192,0.168037,0.034186,0.160102,0.161703,,724100,,
0,6,,0.194769,0.128892,0.020197,0.013662,0.061944,0.102201,0.246711,0.0438,0.055093,0.132733,,692300,,
0,9,,0.210793,0.107045,0.017705,0.023256,0.039555,0.039282,0.152037,0.026456,0.171207,0.212664,,686600,,
0,1,,0.167359,0.211557,0.014543,0.032617,0.033597,0.109004,0.070783,0.019875,0.160341,0.180324,,706000,,
0,0,,0.311051,0.145823,0.027874,0.037035,0.027432,0.120723,0.089865,0.115503,0.027306,0.097387,,701900,,
0,0,,0.284633,0.133567,0.024335,0.030899,0.04602,0.103409,0.157623,0.03752,0.036089,0.145906,,706600,,
0,0,,0.277151,0.124554,0.021794,0.008094,0.03542,0.058709,0.09353,0.136431,0.080868,0.163447,,693100,,
0,0,,0.256275,0.168824,0.016708,0.029104,0.034734,0.094294,0.121214,0.022508,0.052242,0.204097,,701400,,
0,0,,0.285682,0.152673,0.023287,0.048677,0.031502,0.065838,0.148718,0.034186,0.067738,0.1417,,699800,,
0,0,,0.30799,0.127208,0.02702,0.010124,0.030333,0.073498,0.122658,0.140296,0.051348,0.109526,,697900,,
0,9,,0.215237,0.099268,0.017705,0.033256,0.048444,0.059282,0.092037,0.026456,0.191207,0.217108,,696400,,
0,1,,0.198492,0.248852,0.018762,0.044387,0.026987,0.129625,0.128775,0.027605,0.029351,0.147163,,685400,,
0,0,,0.273109,0.113673,0.018576,0.004618,0.03739,0.042927,0.172334,0.026456,0.068393,0.242523,,686000,,
0,8,,0.197385,0.106007,0.01994,0.0363,0.035291,0.056465,0.124037,0.032254,0.202878,0.189443,,697100,,
0,0,,0.282079,0.212546,0.022116,0.038263,0.024633,0.121875,0.092272,0.090822,0.02461,0.090783,,702300,,
0,0,,0.289611,0.113244,0.018489,0.00505,0.037701,0.041547,0.081516,0.130792,0.082162,0.199888,,697200,,
0,6,,0.217473,0.123807,0.019813,0.008808,0.066059,0.070466,0.218587,0.036058,0.083143,0.155786,,707500,,
0,0,,0.225918,0.091484,0.018293,0.02427,0.056009,0.045009,0.07613,0.128389,0.162574,0.171924,,691900,,
0,0,,0.24338,0.11819,0.01994,0.0263,0.038516,0.076465,0.104287,0.032254,0.135123,0.205545,,695300,,
0,0,,0.2466,0.126644,0.021312,0.009109,0.031144,0.064457,0.097608,0.138522,0.065372,0.199231,,689400,,
0,0,,0.250387,0.098497,0.017548,0.033256,0.03743,0.059282,0.09213,0.026456,0.178684,0.206331,,684600,,
0,0,,0.255869,0.11136,0.017831,0.023603,0.038444,0.054342,0.128084,0.024524,0.135035,0.210908,,684100,,
0,0,,0.228658,0.108497,0.018595,0.003256,0.039492,0.05971,0.161035,0.02979,0.129395,0.221572,,726000,,
0,0,,0.279952,0.117262,0.018734,0.024618,0.03863,0.04007,0.152492,0.026456,0.081322,0.220464,,690500,,
0,1,,0.193451,0.243414,0.018317,0.070532,0.025315,0.16703,0.101854,0.032607,0.044701,0.102779,,690900,,
0,0,,0.255483,0.12025,0.019479,0.045633,0.037208,0.045798,0.136492,0.028389,0.098546,0.212724,,689400,,
0,0,,0.246946,0.101451,0.017705,0.033256,0.048811,0.059282,0.092287,0.026456,0.163452,0.210353,,694100,,
0,0,,0.219068,0.21374,0.014543,0.052617,0.033964,0.069004,0.071033,0.019875,0.132586,0.173569,,683400,,
0,0,,0.259287,0.116843,0.019155,0.027362,0.037912,0.066119,0.185155,0.02979,0.072683,0.185695,,684000,,
0,0,,0.218668,0.152081,0.023593,0.008329,0.031272,0.08792,0.17516,0.053896,0.105247,0.143833,,682700,,
0,0,,0.210793,0.107045,0.017705,0.003256,0.059555,0.039282,0.172037,0.026456,0.171207,0.192664,,681700,,
0,1,,0.175322,0.205307,0.019928,0.064715,0.02147,0.150321,0.10919,0.127581,0.0416,0.084565,,683700,,
0,0,,0.228243,0.117936,0.018734,0.024618,0.038262,0.06007,0.132242,0.026456,0.134791,0.218648,,682500,,
0,0,,0.249018,0.115397,0.01903,0.027776,0.038699,0.061323,0.163787,0.030792,0.110431,0.183746,,682300,,
0,6,,0.167282,0.159703,0.045864,0.099404,0.028648,0.121535,0.209281,0.052359,0.023426,0.092498,,682100,,
0,1,,0.237584,0.243427,0.018158,0.04004,0.026212,0.142393,0.087677,0.028272,0.038762,0.137475,,681900,,
0,0,,0.279952,0.137262,0.018734,0.024618,0.03863,0.06007,0.132492,0.026456,0.061322,0.220464,,681700,,
0,1,,0.212049,0.244761,0.016317,0.034994,0.031251,0.115519,0.075238,0.021808,0.049902,0.198162,,680200,,
0,0,,0.259952,0.118801,0.018734,0.004618,0.05863,0.056993,0.17403,0.026456,0.111322,0.170464,,692900,,
0,0,,0.225668,0.169984,0.015837,0.037742,0.037266,0.076583,0.059629,0.022508,0.159523,0.195261,,684700,,
0,0,,0.255658,0.108497,0.017548,0.023256,0.038682,0.059282,0.13213,0.026456,0.131634,0.206857,,689300,,
0,0,,0.246946,0.101451,0.017705,0.033256,0.048811,0.059282,0.092287,0.026456,0.163452,0.210353,,682600,,
0,0,,0.271189,0.111484,0.018293,0.02427,0.037261,0.065009,0.13613,0.028389,0.105524,0.20245,,682700,,
0,6,,0.1903,0.131879,0.020942,0.014677,0.060522,0.107929,0.25071,0.045732,0.052317,0.124992,,710300,,
0,0,,0.310385,0.112211,0.027242,0.029692,0.030089,0.069137,0.122524,0.139452,0.051234,0.108036,,684700,,
0,0,,0.271633,0.153567,0.023287,0.050899,0.045211,0.06298,0.148718,0.034186,0.078327,0.131191,,683700,,
0,0,,0.233109,0.093673,0.018576,0.024618,0.05739,0.042927,0.072334,0.126456,0.138393,0.192523,,690100,,
0,0,,0.242502,0.099229,0.017705,0.033256,0.039922,0.059282,0.092287,0.026456,0.183452,0.205909,,679600,,
0,0,,0.219119,0.160115,0.025669,0.009692,0.030789,0.089137,0.184269,0.05723,0.085879,0.138102,,684900,,
0,0,,0.284633,0.153567,0.024335,0.050899,0.04602,0.063409,0.157623,0.03752,0.036089,0.145906,,689500,,
0,0,,0.201195,0.1738,0.024844,0.052549,0.053108,0.109481,0.174883,0.050314,0.041421,0.118404,,683300,,
0,0,,0.258243,0.115079,0.018734,0.024618,0.038262,0.06007,0.132242,0.026456,0.114077,0.212219,,685200,,
0,0,,0.201835,0.152836,0.021725,0.052815,0.028616,0.125221,0.100278,0.05217,0.131319,0.133185,,685700,,
0,9,,0.210793,0.107045,0.017705,0.023256,0.039555,0.039282,0.152037,0.026456,0.171207,0.212664,,690100,,
0,1,,0.211963,0.218657,0.015571,0.01398,0.031043,0.112649,0.091238,0.019875,0.080917,0.204107,,679800,,
0,0,,0.230387,0.108497,0.017548,0.043256,0.05743,0.039282,0.13213,0.026456,0.15535,0.189665,,683900,,
0,6,,0.191822,0.180878,0.025912,0.010124,0.028861,0.088203,0.207744,0.081732,0.066209,0.118516,,686600,,
0,0,,0.259983,0.15817,0.020674,0.032148,0.030267,0.111477,0.133598,0.028305,0.076586,0.148792,,683900,,
0,0,,0.320551,0.162966,0.024327,0.074178,0.026623,0.106009,0.10096,0.05217,0.029544,0.102673,,682000,,
0,1,,0.224049,0.224761,0.016317,0.034994,0.035251,0.115519,0.079238,0.021808,0.08768,0.160384,,691900,,
0,1,,0.177095,0.203913,0.040322,0.057714,0.021869,0.131345,0.114465,0.126914,0.0416,0.084762,,682100,,
1,1,,0.151367,0.24407,0.014799,0.087106,0.02057,0.19948,0.07689,0.025833,0.041675,0.138211,,680900,,
1,1,,0.116164,0.326476,0.007896,0.075995,0.020523,0.185538,0.048857,0.013889,0.074099,0.130564,,681700,,
1,1,,0.170139,0.279493,0.012457,0.043194,0.046594,0.148761,0.091868,0.013961,0.0453,0.148234,,680600,,
1,5,,0.083773,0.28488,0.013634,0.132345,0.009333,0.288211,0.125414,0.026988,0.004026,0.031397,,684100,,
1,1,,0.084064,0.273561,0.035202,0.077252,0.008518,0.222805,0.081964,0.176783,0.004729,0.035123,,695000,,
1,1,,0.128182,0.334377,0.013407,0.087019,0.017834,0.200161,0.079321,0.019675,0.021742,0.098281,,681500,,
1,1,,0.072694,0.32368,0.013605,0.141711,0.00924,0.245809,0.112913,0.047832,0.001994,0.030522,,684400,,
1,1,,0.133452,0.302972,0.013048,0.113741,0.015095,0.213441,0.122333,0.027028,0.008582,0.050309,,740500,,
1,1,,0.154126,0.350497,0.014076,0.033192,0.014976,0.188071,0.057783,0.100114,0.031742,0.055424,,788600,,
1,1,,0.080105,0.272015,0.014963,0.086201,0.013364,0.25269,0.165549,0.058792,0.005966,0.050354,,801400,,
1,1,,0.102637,0.33285,0.012058,0.090928,0.01642,0.238897,0.073782,0.065064,0.012198,0.055166,,2363300,,
1,1,,0.082229,0.358475,0.011803,0.116731,0.013324,0.224975,0.113894,0.029396,0.005963,0.04321,,2926700,,
1,5,,0.075164,0.215882,0.016551,0.093633,0.013977,0.253566,0.182582,0.082708,0.011695,0.054241,,2285400,,
1,1,,0.115242,0.289621,0.009611,0.051106,0.020862,0.189171,0.090782,0.015751,0.060184,0.157668,,2283400,,
1,1,,0.175358,0.286224,0.015045,0.047516,0.024083,0.225777,0.073242,0.022941,0.050725,0.07909,,1646400,,
1,1,,0.03394,0.336922,0.011843,0.165417,0.00966,0.270155,0.083231,0.050327,0.004052,0.034452,,1314400,,
1,1,,0.184916,0.239135,0.013191,0.087367,0.025152,0.178818,0.065567,0.020229,0.028368,0.157257,,1311600,,
1,1,,0.073886,0.314675,0.033134,0.155811,0.01085,0.245527,0.063047,0.045087,0.005963,0.052021,,1381200,,
1,1,,0.181595,0.300935,0.012064,0.024899,0.025768,0.148318,0.070579,0.013961,0.04583,0.17605,,1359900,,
1,1,,0.163568,0.34092,0.015255,0.037528,0.033417,0.211228,0.046578,0.021691,0.030725,0.09909,,1295700,,
1,1,,0.074191,0.327694,0.031335,0.156091,0.013472,0.230465,0.069477,0.038541,0.006916,0.051817,,1307800,,
1,1,,0.067731,0.299057,0.01003,0.098458,0.011602,0.275988,0.117916,0.064798,0.005616,0.048805,,1300700,,
1,1,,0.205525,0.222187,0.015571,0.03398,0.031929,0.109792,0.070988,0.019875,0.085559,0.204594,,1357200,,
1,1,,0.198452,0.337289,0.014652,0.079993,0.030081,0.174119,0.066222,0.022307,0.014361,0.062523,,1300900,,
1,1,,0.129355,0.297939,0.01231,0.094747,0.016986,0.223698,0.107148,0.025502,0.013391,0.078924,,1316700,,
1,1,,0.145074,0.277789,0.022957,0.07501,0.01564,0.196103,0.074118,0.045329,0.070172,0.077806,,1266200,,
1,1,,0.194567,0.334192,0.012952,0.050481,0.01959,0.173638,0.058222,0.018442,0.029914,0.108003,,872600,,
1,1,,0.158876,0.29922,0.012451,0.074486,0.016398,0.207822,0.075321,0.017742,0.014519,0.123164,,704000,,
1,1,,0.11703,0.305857,0.016,0.061491,0.018295,0.183568,0.110328,0.023623,0.070704,0.093104,,706300,,
1,1,,0.147179,0.307884,0.013434,0.061547,0.013975,0.205607,0.064187,0.124077,0.010495,0.051614,,711300,,
1,1,,0.129956,0.362874,0.013801,0.065018,0.018232,0.193547,0.057343,0.019008,0.031742,0.108478,,701500,,
1,1,,0.165893,0.288146,0.012175,0.04255,0.034927,0.143566,0.053935,0.015227,0.101184,0.142397,,727300,,
1,1,,0.154126,0.350497,0.014076,0.033192,0.014976,0.188071,0.057783,0.100114,0.031742,0.055424,,736900,,
1,1,,0.133763,0.268302,0.016518,0.078147,0.012852,0.22218,0.10438,0.048681,0.026585,0.088593,,716600,,
1,1,,0.144813,0.337,0.011237,0.076215,0.017164,0.191011,0.051911,0.01581,0.039515,0.115323,,703000,,
1,1,,0.029369,0.344552,0.011776,0.189031,0.009863,0.26894,0.087946,0.030636,0.001073,0.026814,,705800,,
1,1,,0.080914,0.321293,0.011609,0.148761,0.033661,0.245153,0.060529,0.024396,0.018109,0.055575,,705200,,
1,1,,0.149949,0.352308,0.013907,0.037844,0.018168,0.196288,0.083761,0.020375,0.017138,0.110263,,738800,,
1,1,,0.150266,0.273662,0.012959,0.044344,0.044184,0.142754,0.104952,0.019562,0.107139,0.100176,,709300,,
1,5,,0.124745,0.285134,0.010811,0.064657,0.012603,0.289687,0.13423,0.028607,0.00691,0.042614,,711500,,
1,1,,0.130574,0.306537,0.010216,0.071442,0.020294,0.153716,0.061533,0.011945,0.105603,0.12814,,707500,,
1,1,,0.135173,0.291708,0.010654,0.079679,0.015648,0.256571,0.122654,0.023713,0.010885,0.053316,,704100,,
1,1,,0.083452,0.32737,0.033048,0.111927,0.015095,0.243356,0.069833,0.047028,0.008582,0.060309,,758600,,
1,0,,0.253254,0.201568,0.023802,0.079855,0.022989,0.136408,0.098982,0.074607,0.023249,0.085287,,749700,,
1,1,,0.164283,0.310259,0.010216,0.071442,0.024661,0.170639,0.067322,0.011945,0.062848,0.106385,,707000,,
1,1,,0.069564,0.304711,0.03423,0.057171,0.006936,0.234141,0.094823,0.153338,0.003302,0.041783,,710200,,
1,1,,0.133308,0.342979,0.011831,0.110774,0.013417,0.243202,0.048856,0.043552,0.007995,0.044085,,716700,,
1,1,,0.107074,0.334471,0.012938,0.129763,0.034689,0.221078,0.068161,0.019675,0.020493,0.051659,,708100,,
1,1,,0.212049,0.224761,0.016317,0.034994,0.031251,0.115519,0.075238,0.021808,0.10768,0.160384,,766800,,
1,1,,0.163568,0.318014,0.015255,0.055306,0.020083,0.168152,0.108117,0.021691,0.030725,0.09909,,709200,,
1,1,,0.13227,0.31275,0.011376,0.076049,0.017663,0.191186,0.069046,0.022319,0.052255,0.115086,,711700,,
1,1,,0.173068,0.232963,0.016078,0.053293,0.01599,0.232928,0.053886,0.148364,0.013227,0.060203,,755500,,
1,1,,0.092444,0.295699,0.014725,0.114275,0.014641,0.213451,0.161781,0.032648,0.009156,0.051181,,736200,,
1,1,,0.138151,0.288783,0.014424,0.127059,0.017102,0.201116,0.081652,0.0275,0.024202,0.080011,,756600,,
1,1,,0.169933,0.281276,0.012268,0.044069,0.046217,0.146874,0.091868,0.013961,0.0453,0.148234,,709600,,
1,1,,0.127374,0.260548,0.014787,0.06022,0.012473,0.248087,0.05757,0.165489,0.008111,0.045341,,711900,,
1,5,,0.146535,0.174437,0.01882,0.041626,0.016309,0.243331,0.13094,0.130807,0.014651,0.082545,,728300,,
1,1,,0.14805,0.333921,0.012815,0.076926,0.037499,0.218606,0.058821,0.018587,0.012486,0.082289,,709300,,
1,1,,0.158876,0.29922,0.012451,0.054486,0.036398,0.207822,0.095321,0.017742,0.014519,0.103164,,707700,,
1,1,,0.029369,0.344552,0.011776,0.149031,0.009863,0.26894,0.127946,0.030636,0.001073,0.026814,,746500,,
1,1,,0.133162,0.357682,0.012451,0.054486,0.019255,0.190899,0.053783,0.017742,0.024519,0.136021,,710100,,
1,1,,0.055915,0.295721,0.011964,0.059721,0.011389,0.232015,0.097741,0.167235,0.018582,0.049718,,750000,,
1,1,,0.072694,0.33168,0.013605,0.153711,0.00924,0.239809,0.118913,0.027832,0.001994,0.030522,,721600,,
1,1,,0.178876,0.297682,0.012451,0.094486,0.016398,0.190899,0.053783,0.017742,0.074519,0.063164,,713000,,
1,1,,0.180062,0.25714,0.013151,0.048353,0.024643,0.165059,0.108757,0.020229,0.027215,0.155392,,707600,,
1,1,,0.112725,0.337205,0.01443,0.10446,0.036991,0.197155,0.075395,0.023151,0.024475,0.074012,,745200,,
1,1,,0.19472,0.198486,0.015922,0.036995,0.059741,0.122134,0.117216,0.022474,0.09768,0.134632,,731200,,
1,1,,0.117167,0.31418,0.012451,0.054486,0.01603,0.190679,0.095071,0.017742,0.067274,0.114919,,717900,,
1,1,,0.084234,0.284994,0.033787,0.1178,0.008905,0.268497,0.068301,0.087229,0.005977,0.040275,,709400,,
1,1,,0.080542,0.335909,0.010972,0.112743,0.014934,0.216506,0.130381,0.023276,0.009768,0.06497,,704800,,
1,1,,0.145516,0.310944,0.012197,0.080193,0.01791,0.203866,0.098009,0.018587,0.032389,0.080389,,777200,,
1,1,,0.098138,0.367015,0.011086,0.131402,0.014838,0.208448,0.064856,0.021619,0.010772,0.071826,,719900,,
1,1,,0.151948,0.307346,0.009033,0.075306,0.020295,0.191708,0.094395,0.015822,0.019101,0.115046,,717000,,
1,1,,0.063169,0.304907,0.010498,0.122457,0.016904,0.303184,0.097907,0.029419,0.004565,0.04699,,706400,,
1,1,,0.181365,0.284431,0.011632,0.047178,0.043869,0.163653,0.091895,0.015422,0.06558,0.094973,,821600,,
1,1,,0.116149,0.289287,0.01146,0.055592,0.015663,0.237513,0.158288,0.029307,0.013375,0.073366,,711000,,
1,1,,0.119791,0.293014,0.013726,0.108249,0.017711,0.216002,0.078626,0.068004,0.014694,0.070183,,710500,,
1,1,,0.111422,0.27766,0.035949,0.108492,0.017764,0.211281,0.088932,0.027959,0.043887,0.076653,,775400,,
1,1,,0.112307,0.304895,0.027515,0.128376,0.014621,0.242979,0.082886,0.02772,0.008582,0.05012,,706800,,
1,1,,0.090703,0.341661,0.011399,0.065229,0.013661,0.26303,0.111654,0.038979,0.018109,0.045575,,1003300,,
1,5,,0.087891,0.286083,0.013475,0.09547,0.009766,0.352547,0.071186,0.041603,0.005333,0.036646,,1101100,,
1,1,,0.106698,0.310665,0.011058,0.11118,0.015311,0.22304,0.109894,0.022463,0.018739,0.070951,,711300,,
1,1,,0.071809,0.265474,0.032715,0.120443,0.007994,0.264846,0.073751,0.115194,0.004136,0.04364,,1335200,,
1,1,,0.102702,0.317803,0.026915,0.099628,0.012094,0.252773,0.078027,0.062575,0.005975,0.04151,,719000,,
1,1,,0.170106,0.310049,0.015756,0.095665,0.018101,0.187459,0.079853,0.027959,0.026034,0.069018,,817800,,
1,1,,0.087975,0.288576,0.01547,0.155289,0.01322,0.216541,0.138528,0.03458,0.00638,0.043441,,761300,,
1,5,,0.078716,0.219566,0.01194,0.072287,0.007073,0.278245,0.094989,0.200311,0.004199,0.032676,,783300,,
1,1,,0.11879,0.330663,0.013056,0.058833,0.016429,0.198131,0.094632,0.017076,0.057274,0.095116,,837200,,
1,1,,0.12432,0.291288,0.012866,0.101807,0.015188,0.234151,0.111148,0.027434,0.010614,0.071184,,743700,,
1,1,,0.171397,0.340141,0.015907,0.092099,0.02831,0.217524,0.037783,0.019675,0.021742,0.055424,,767300,,
1,1,,0.100239,0.30802,0.009033,0.115306,0.019928,0.191708,0.074145,0.015822,0.034792,0.131008,,767700,,
1,1,,0.142023,0.308959,0.015261,0.125958,0.011325,0.233818,0.08245,0.023143,0.00908,0.047984,,721700,,
1,5,,0.124745,0.285134,0.010811,0.064657,0.012603,0.289687,0.13423,0.028607,0.00691,0.042614,,835600,,
1,1,,0.111047,0.317649,0.010131,0.09904,0.015892,0.199643,0.082145,0.019687,0.027017,0.11775,,727700,,
1,1,,0.146553,0.2936,0.013624,0.12043,0.02234,0.192141,0.090926,0.029903,0.025063,0.06542,,707700,,
1,1,,0.090703,0.330122,0.011399,0.105229,0.013661,0.27244,0.097115,0.025646,0.008109,0.045575,,705900,,
1,1,,0.21927,0.227624,0.020318,0.13052,0.016662,0.182686,0.050558,0.064063,0.017949,0.070349,,708500,,
1,1,,0.128389,0.294995,0.013697,0.071496,0.017801,0.159365,0.081972,0.020375,0.119893,0.092018,,722900,,
1,1,,0.13817,0.235218,0.012868,0.069492,0.013712,0.215138,0.089119,0.164187,0.010039,0.052057,,720600,,
1,1,,0.085507,0.344813,0.011529,0.084248,0.013135,0.226958,0.134381,0.045208,0.00477,0.049452,,709500,,
1,1,,0.193448,0.265924,0.012175,0.04255,0.050038,0.123566,0.097935,0.015227,0.081184,0.117952,,712300,,
1,5,,0.089814,0.263551,0.014456,0.09493,0.010552,0.283634,0.136059,0.060837,0.005865,0.040304,,704400,,
1,1,,0.065507,0.319862,0.011529,0.179803,0.018135,0.252892,0.072842,0.025208,0.00477,0.049452,,709200,,
1,1,,0.072695,0.324457,0.012335,0.140696,0.011286,0.240082,0.108684,0.045899,0.004978,0.038887,,707200,,
1,1,,0.198876,0.297682,0.012451,0.114486,0.016398,0.170899,0.053783,0.017742,0.054519,0.063164,,706100,,
1,1,,0.093308,0.387424,0.011831,0.092996,0.02675,0.223202,0.068856,0.043552,0.007995,0.044085,,705600,,
1,1,,0.120239,0.30802,0.009033,0.115306,0.019928,0.191708,0.074145,0.015822,0.034792,0.111008,,745800,,
1,1,,0.137631,0.334695,0.011706,0.053472,0.020676,0.185172,0.049783,0.01581,0.027295,0.163761,,721800,,
1,5,,0.124745,0.285134,0.010811,0.064657,0.012603,0.289687,0.13423,0.028607,0.00691,0.042614,,709000,,
1,1,,0.148984,0.247917,0.010693,0.070272,0.025223,0.174827,0.102941,0.017838,0.055839,0.145467,,707100,,
1,1,,0.124745,0.305134,0.010811,0.064657,0.012603,0.269687,0.13423,0.028607,0.00691,0.042614,,708200,,
1,1,,0.166265,0.280189,0.010716,0.067437,0.023486,0.159312,0.045973,0.012645,0.10322,0.130757,,707600,,
1,1,,0.116428,0.33137,0.011086,0.106402,0.014471,0.205371,0.106145,0.021619,0.023527,0.063581,,709400,,
1,1,,0.161896,0.274417,0.015545,0.094133,0.022101,0.202669,0.084978,0.029209,0.046034,0.069018,,708200,,
1,1,,0.134813,0.334143,0.011237,0.056215,0.037164,0.191011,0.071911,0.01581,0.0388,0.108894,,743100,,
1,1,,0.153176,0.316193,0.012317,0.047117,0.024138,0.163158,0.057578,0.017776,0.072044,0.136502,,723400,,
2,6,,0.197855,0.169657,0.020942,0.034677,0.035634,0.099358,0.223282,0.045732,0.052317,0.120548,,771900,,
2,0,,0.23933,0.10375,0.022874,0.027901,0.031535,0.074855,0.112751,0.167771,0.034938,0.184293,,724900,,
2,0,,0.228233,0.145622,0.022604,0.008677,0.032515,0.086266,0.177238,0.03752,0.055049,0.206277,,710600,,
2,0,,0.293823,0.113669,0.0432,0.073995,0.026912,0.090178,0.166638,0.062229,0.028572,0.100785,,707300,,
2,0,,0.219531,0.199018,0.026538,0.032435,0.033722,0.134976,0.164517,0.044452,0.040172,0.104639,,711100,,
2,0,,0.243799,0.100763,0.022129,0.026887,0.032957,0.069128,0.108752,0.165839,0.037714,0.192033,,706300,,
2,0,,0.250799,0.100763,0.021081,0.026887,0.032147,0.068699,0.099847,0.162505,0.039952,0.197319,,701500,,
2,0,,0.259395,0.148756,0.031167,0.076307,0.026381,0.13499,0.148881,0.041385,0.037208,0.095531,,738900,,
2,0,,0.327885,0.112211,0.029742,0.029692,0.030089,0.069137,0.142524,0.119452,0.031234,0.108036,,703400,,
2,0,,0.276633,0.149123,0.024335,0.028677,0.036687,0.083409,0.161623,0.03752,0.046089,0.155906,,708700,,
2,6,,0.163826,0.15159,0.043509,0.013281,0.027747,0.112418,0.297385,0.047106,0.035718,0.107421,,758600,,
3,1,,0.111621,0.323296,0.010876,0.100054,0.018171,0.205371,0.106395,0.021619,0.010772,0.091826,,734400,,
3,1,,0.072694,0.326142,0.013605,0.163711,0.00924,0.246886,0.107375,0.027832,0.001994,0.030522,,707500,,
3,1,,0.072694,0.324284,0.013605,0.161711,0.00924,0.253243,0.104875,0.027832,0.001994,0.030522,,703700,,
3,1,,0.082229,0.343475,0.011803,0.116731,0.013324,0.224975,0.113894,0.024396,0.005963,0.06321,,705400,,
3,1,,0.072694,0.28368,0.013605,0.150044,0.00924,0.271476,0.118913,0.047832,0.001994,0.030522,,704400,,
3,1,,0.098477,0.327694,0.011335,0.156091,0.016329,0.243798,0.069477,0.025208,0.006916,0.044674,,708000,,
3,1,,0.08544,0.304587,0.011739,0.159409,0.012754,0.270846,0.069896,0.038388,0.006803,0.040137,,702600,,
3,1,,0.072694,0.306142,0.013605,0.183711,0.00924,0.246886,0.107375,0.027832,0.001994,0.030522,,791400,,
3,5,,0.060805,0.217503,0.010388,0.114292,0.005563,0.345359,0.164282,0.059062,0.000182,0.022564,,706700,,
3,1,,0.109423,0.283642,0.010131,0.127373,0.016259,0.23131,0.082395,0.019687,0.033548,0.086233,,714500,,
3,1,,0.093308,0.303581,0.011831,0.160921,0.013417,0.25912,0.068856,0.036885,0.007995,0.044085,,707800,,
3,1,,0.041452,0.270673,0.012401,0.247676,0.010488,0.255499,0.105632,0.027832,0.000908,0.027439,,706900,,
3,1,,0.043668,0.302102,0.010655,0.158745,0.012095,0.259805,0.121814,0.048012,0.005996,0.037109,,713600,,
3,1,,0.068733,0.340024,0.010849,0.127769,0.015758,0.233571,0.118868,0.045208,0.003476,0.035744,,700900,,
3,1,,0.039837,0.324122,0.010888,0.193138,0.012268,0.268134,0.077989,0.032012,0.005002,0.036609,,701200,,
3,1,,0.065921,0.310909,0.012925,0.189676,0.009863,0.247499,0.107862,0.027832,0.000699,0.026814,,698500,,
3,1,,0.093308,0.313581,0.011831,0.140921,0.013417,0.25912,0.068856,0.036885,0.017995,0.044085,,698700,,
4,1,,0.146892,0.215376,0.013602,0.061549,0.039235,0.137032,0.082501,0.024419,0.100178,0.179217,,703700,,
4,0,,0.248483,0.14025,0.020526,0.025633,0.038018,0.066226,0.145396,0.031722,0.056307,0.227438,,704500,,
4,0,,0.2372,0.124339,0.023071,0.007315,0.040857,0.082621,0.177034,0.03752,0.087817,0.182228,,697800,,
4,0,,0.212589,0.172935,0.024769,0.09526,0.032715,0.107352,0.185645,0.043496,0.027674,0.097566,,699200,,
4,0,,0.255483,0.14025,0.019479,0.025633,0.037208,0.065798,0.136492,0.028389,0.058546,0.232724,,731200,,
4,1,,0.203368,0.308113,0.012458,0.042898,0.026167,0.141484,0.05014,0.013294,0.04583,0.156247,,700700,,
4,0,,0.208611,0.124358,0.022313,0.010821,0.035245,0.078934,0.204692,0.039923,0.099864,0.17524,,699500,,
4,6,,0.190922,0.165101,0.026663,0.056275,0.049294,0.115717,0.236877,0.045428,0.024898,0.088826,,703500,,
4,0,,0.221418,0.100469,0.01785,0.022241,0.040546,0.03684,0.156785,0.027857,0.176594,0.1994,,696100,,
4,0,,0.242076,0.150749,0.021714,0.008677,0.032945,0.079904,0.190029,0.034186,0.080216,0.159503,,705400,,
4,0,,0.227577,0.115978,0.019155,0.047362,0.037545,0.069196,0.143367,0.02979,0.098374,0.211657,,700000,,
4,1,,0.129529,0.214633,0.016742,0.0961,0.023755,0.167436,0.152928,0.036484,0.043176,0.119218,,699500,,
4,0,,0.286109,0.11653,0.019624,0.024618,0.038199,0.060499,0.141239,0.02979,0.083932,0.19946,,701500,,
4,0,,0.240563,0.17024,0.017913,0.029104,0.045672,0.0978,0.088738,0.025841,0.095155,0.188974,,704000,,
4,6,,0.1777,0.103414,0.017177,0.011031,0.033748,0.103393,0.263927,0.041154,0.055236,0.19322,,700900,,
5,5,,0.024248,0.236469,0.009066,0.099837,0.004848,0.371813,0.119493,0.111522,0.000184,0.022519,,707300,,
5,5,,0.028722,0.278012,0.008493,0.111299,0.006984,0.296118,0.192802,0.043934,0.003332,0.030304,,701200,,
5,5,,0.069687,0.289008,0.03199,0.104856,0.008075,0.304504,0.11256,0.033348,0.003923,0.042048,,701200,,
5,5,,0.024253,0.245037,0.009238,0.115648,0.005563,0.348162,0.167113,0.061866,0.000555,0.022564,,704400,,
5,5,,0.024372,0.287967,0.009238,0.059701,0.005563,0.327408,0.219447,0.043559,0.000182,0.022564,,698500,,
5,5,,0.024248,0.236469,0.009066,0.099837,0.004848,0.371813,0.119493,0.111522,0.000184,0.022519,,710200,,
5,5,,0.043796,0.198122,0.011153,0.051772,0.007655,0.263378,0.227152,0.158448,0.004463,0.034062,,703700,,
5,5,,0.085023,0.237186,0.012032,0.058523,0.010338,0.301619,0.181665,0.063879,0.007136,0.042598,,702200,,
5,5,,0.115817,0.129778,0.030482,0.063883,0.013083,0.213536,0.176961,0.188537,0.012305,0.055618,,702600,,
5,5,,0.05484,0.285051,0.008351,0.071637,0.007967,0.297914,0.196834,0.040936,0.004111,0.032359,,704400,,
5,1,,0.032623,0.306453,0.010457,0.06627,0.008189,0.290306,0.107907,0.14181,0.003849,0.032136,,715400,,
5,5,,0.067142,0.271925,0.010464,0.106757,0.008495,0.298061,0.151499,0.034273,0.005405,0.045979,,705000,,
5,5,,0.072576,0.19455,0.014741,0.091805,0.013344,0.246112,0.196928,0.106058,0.011281,0.052605,,704000,,
5,5,,0.130604,0.207756,0.016904,0.043963,0.0205,0.248612,0.174043,0.069808,0.017329,0.070481,,709500,,
5,1,,0.135951,0.221875,0.01958,0.044919,0.018081,0.219977,0.214337,0.043883,0.015847,0.065551,,700200,,
5,5,,0.024248,0.237627,0.009066,0.106095,0.004848,0.316898,0.186993,0.091522,0.000184,0.022519,,696900,,
5,5,,0.079235,0.245946,0.011664,0.092207,0.01334,0.280372,0.170377,0.041021,0.00843,0.057408,,706000,,
5,1,,0.121103,0.252479,0.015342,0.09742,0.01485,0.245561,0.151119,0.038164,0.010877,0.053083,,702200,,
5,5,,0.043997,0.20414,0.011455,0.053416,0.008203,0.292968,0.212376,0.134271,0.004361,0.034814,,710600,,
5,5,,0.048265,0.216278,0.010408,0.0299,0.009076,0.267365,0.133152,0.233182,0.010573,0.041802,,708800,,
5,5,,0.024248,0.211308,0.009066,0.071571,0.004848,0.363702,0.125032,0.167522,0.000184,0.022519,,722000,,
5,1,,0.075486,0.2906,0.009133,0.063007,0.010969,0.285588,0.169063,0.053582,0.005405,0.037169,,711300,,
5,5,,0.094668,0.236703,0.014495,0.060202,0.011061,0.291872,0.167642,0.07417,0.007018,0.042169,,715100,,
5,5,,0.083034,0.2451,0.01151,0.098109,0.013906,0.302131,0.137381,0.040917,0.009487,0.058425,,718500,,
5,1,,0.032354,0.308985,0.00931,0.093022,0.009715,0.29063,0.165942,0.054268,0.003543,0.032231,,716600,,
5,5,,0.070709,0.267772,0.01052,0.095638,0.011756,0.302683,0.144934,0.036905,0.006871,0.052213,,706100,,
5,5,,0.043796,0.215265,0.011153,0.048915,0.007655,0.255759,0.127152,0.251781,0.004463,0.034062,,724200,,
5,5,,0.062806,0.217436,0.009082,0.050438,0.009599,0.273739,0.111703,0.207211,0.013436,0.044551,,731900,,
5,5,,0.048348,0.22028,0.01071,0.055899,0.009624,0.264945,0.147484,0.192645,0.007512,0.042554,,709500,,
5,5,,0.060798,0.25122,0.008939,0.086971,0.009025,0.321256,0.183187,0.037974,0.005309,0.03532,,711600,,
5,5,,0.089235,0.245946,0.011664,0.092207,0.01334,0.288372,0.162377,0.041021,0.00843,0.047408,,700800,,
5,1,,0.085346,0.297572,0.011948,0.066181,0.010186,0.284165,0.134684,0.062528,0.006815,0.040576,,740200,,
5,5,,0.055659,0.240817,0.010427,0.12783,0.006072,0.336814,0.147554,0.039062,0.001334,0.034429,,706600,,
5,5,,0.068716,0.248138,0.01194,0.052287,0.007073,0.277292,0.120703,0.166977,0.004199,0.042676,,708000,,
5,5,,0.112813,0.16134,0.016144,0.040669,0.018361,0.212616,0.168207,0.171732,0.023888,0.074231,,708500,,
5,1,,0.185533,0.221228,0.013262,0.066262,0.017888,0.183089,0.090719,0.133356,0.017351,0.071313,,705400,,
5,1,,0.168003,0.205675,0.016338,0.044598,0.024092,0.18324,0.183415,0.037734,0.025322,0.111583,,707500,,
5,5,,0.062549,0.249939,0.011036,0.100793,0.006359,0.317246,0.131084,0.080168,0.002631,0.038194,,705200,,
5,5,,0.024372,0.284124,0.009238,0.065959,0.005563,0.324993,0.219447,0.043559,0.000182,0.022564,,707700,,
5,5,,0.057819,0.28687,0.011169,0.059643,0.006564,0.333762,0.156785,0.049539,0.001476,0.036374,,701700,,
5,5,,0.044121,0.250637,0.011628,0.05328,0.008917,0.301062,0.240829,0.050308,0.004359,0.034858,,712900,,
5,1,,0.067598,0.285792,0.008398,0.058699,0.013461,0.265491,0.163609,0.050295,0.035841,0.050816,,722300,,
5,5,,0.03484,0.245051,0.008351,0.07997,0.007967,0.34958,0.176834,0.060936,0.004111,0.032359,,710800,,
5,5,,0.024248,0.236469,0.009066,0.104837,0.004848,0.326813,0.179493,0.091522,0.000184,0.022519,,708800,,
5,5,,0.024248,0.211308,0.009066,0.091571,0.004848,0.343702,0.125032,0.167522,0.000184,0.022519,,707700,,
5,1,,0.122808,0.250027,0.011546,0.0525,0.016527,0.23325,0.179173,0.036128,0.026313,0.07173,,706500,,
5,5,,0.064899,0.203818,0.026145,0.052401,0.009624,0.276427,0.165154,0.151841,0.007138,0.042554,,716500,,
5,5,,0.108895,0.192111,0.016904,0.063963,0.020133,0.203262,0.197604,0.064808,0.050084,0.082237,,706700,,
5,5,,0.043796,0.215265,0.011153,0.028915,0.007655,0.275759,0.127152,0.251781,0.004463,0.034062,,713500,,
5,5,,0.024248,0.213612,0.009066,0.085314,0.004848,0.355861,0.123493,0.160855,0.000184,0.022519,,701100,,
5,5,,0.024248,0.216469,0.009066,0.099837,0.004848,0.351813,0.159493,0.111522,0.000184,0.022519,,705300,,
5,1,,0.069302,0.285565,0.011206,0.064828,0.008986,0.276607,0.165289,0.044749,0.005546,0.067923,,701500,,
5,5,,0.123,0.163585,0.017999,0.04267,0.014798,0.218584,0.174126,0.176164,0.012203,0.05687,,705400,,
5,5,,0.058472,0.265075,0.008351,0.083066,0.009967,0.301267,0.15656,0.069772,0.004111,0.043359,,712400,,
5,5,,0.029226,0.236009,0.009278,0.113307,0.006072,0.368064,0.168721,0.043559,0.001334,0.024429,,707600,,
5,5,,0.080554,0.240174,0.012777,0.059538,0.008917,0.287347,0.205665,0.065811,0.004359,0.034858,,705500,,
5,5,,0.050935,0.221612,0.012521,0.082728,0.010257,0.267398,0.155138,0.147295,0.007926,0.04419,,706600,,
5,5,,0.029226,0.238866,0.009278,0.08783,0.006072,0.390683,0.148721,0.063559,0.001334,0.024429,,707400,,
5,5,,0.028841,0.235423,0.008493,0.113516,0.006984,0.331278,0.180577,0.061627,0.002958,0.030304,,710400,,
5,5,,0.119792,0.192806,0.016277,0.084376,0.018933,0.228891,0.210523,0.047769,0.014978,0.065655,,709700,,
5,5,,0.106938,0.23289,0.0129,0.049014,0.015194,0.240409,0.115414,0.159166,0.012078,0.055999,,710400,,
5,5,,0.024248,0.216469,0.009066,0.059837,0.004848,0.371813,0.119493,0.171522,0.000184,0.022519,,710400,,
5,5,,0.100048,0.252163,0.012291,0.078051,0.014907,0.252315,0.18915,0.03806,0.010782,0.052234,,708900,,
5,5,,0.044917,0.234057,0.009778,0.080968,0.009264,0.310725,0.186699,0.077593,0.00673,0.039268,,714500,,
5,5,,0.060096,0.282892,0.008351,0.063066,0.0096,0.2946,0.17631,0.036439,0.018533,0.050114,,708100,,
5,5,,0.078187,0.204976,0.010408,0.0479,0.010709,0.260051,0.131199,0.192018,0.014995,0.049557,,710900,,
5,0,,0.193355,0.178844,0.019951,0.063111,0.021155,0.149594,0.100952,0.178819,0.018837,0.075382,,705700,,
6,6,,0.16098,0.166621,0.022494,0.078883,0.023185,0.178666,0.223375,0.049151,0.019081,0.077563,,710100,,
6,0,,0.249974,0.12642,0.020684,0.031909,0.027835,0.134945,0.127979,0.143986,0.028787,0.107481,,703300,,
6,6,,0.143979,0.12501,0.022799,0.054514,0.023838,0.151164,0.290405,0.087278,0.020422,0.080592,,702800,,
6,6,,0.1508,0.136056,0.020723,0.054455,0.02484,0.173234,0.277817,0.055957,0.021716,0.084402,,700000,,
6,6,,0.169573,0.090518,0.023485,0.01462,0.020047,0.152775,0.230894,0.201011,0.020094,0.076982,,707500,,
6,5,,0.140789,0.154491,0.015084,0.019953,0.017138,0.22451,0.125235,0.203747,0.024131,0.074923,,701100,,
6,6,,0.132077,0.105315,0.019942,0.034514,0.023471,0.171182,0.303161,0.094814,0.028177,0.087347,,699500,,
6,5,,0.079146,0.179867,0.015496,0.059435,0.015932,0.282153,0.238319,0.055123,0.013683,0.060845,,746500,,
6,7,,0.196587,0.096043,0.024266,0.014562,0.021048,0.123763,0.203397,0.218154,0.021389,0.080792,,702600,,
6,6,,0.182668,0.137861,0.024402,0.053411,0.026351,0.135124,0.272844,0.0531,0.024163,0.090077,,700700,,
6,6,,0.103771,0.098191,0.019014,0.012807,0.018536,0.203723,0.249303,0.205699,0.017647,0.071308,,711900,,
6,7,,0.10357,0.088602,0.018712,0.01402,0.017988,0.174966,0.237293,0.256542,0.017749,0.070556,,707000,,
6,0,,0.235287,0.103786,0.022342,0.011956,0.029852,0.102464,0.165997,0.185695,0.030429,0.112192,,708000,,
6,6,,0.146806,0.19444,0.017059,0.046318,0.021934,0.219945,0.22285,0.044912,0.016272,0.069464,,709100,,
6,6,,0.112984,0.136188,0.022088,0.02299,0.02257,0.134488,0.317496,0.128649,0.021313,0.081234,,711300,,
6,6,,0.181711,0.159948,0.023627,0.05684,0.03152,0.137276,0.234983,0.054948,0.025548,0.093599,,705500,,
6,5,,0.139792,0.169949,0.019134,0.087233,0.018933,0.24032,0.196237,0.047769,0.014978,0.065655,,704300,,
6,6,,0.139091,0.126839,0.020723,0.014455,0.024472,0.144443,0.333391,0.055957,0.031693,0.108935,,703700,,
6,6,,0.16321,0.120605,0.017697,0.013499,0.030171,0.184788,0.290077,0.056715,0.025276,0.097962,,704900,,
6,6,,0.205475,0.103506,0.024696,0.04061,0.025072,0.152026,0.221347,0.074685,0.041505,0.111078,,705000,,
6,6,,0.141872,0.098086,0.018269,0.051792,0.021957,0.196015,0.249601,0.121936,0.020424,0.080048,,700500,,
6,0,,0.272306,0.11062,0.028856,0.013003,0.028526,0.090769,0.138203,0.18775,0.028072,0.101895,,702800,,
6,7,,0.094167,0.145582,0.01872,0.072476,0.018747,0.183544,0.183897,0.195396,0.017384,0.070086,,706200,,
6,7,,0.15399,0.105933,0.01953,0.010032,0.023045,0.127901,0.184633,0.240398,0.035869,0.09867,,698200,,
6,5,,0.048975,0.202522,0.011667,0.080628,0.009427,0.344133,0.170104,0.090308,0.005512,0.036723,,721000,,
6,5,,0.074559,0.184482,0.016241,0.051805,0.014511,0.2605,0.258155,0.075362,0.011281,0.053105,,703600,,
6,0,,0.205475,0.103506,0.024696,0.02061,0.025072,0.132026,0.201347,0.134685,0.041505,0.111078,,702800,,
6,5,,0.043796,0.175265,0.011153,0.037248,0.007655,0.308759,0.199152,0.178448,0.004463,0.034062,,702600,,
6,6,,0.160616,0.133616,0.022654,0.014397,0.023841,0.155431,0.306124,0.0531,0.02301,0.107211,,733500,,
6,5,,0.07257,0.142607,0.014568,0.085585,0.01263,0.255451,0.237405,0.115714,0.010909,0.052561,,703300,,
6,6,,0.152073,0.096233,0.035271,0.01462,0.020047,0.132775,0.270894,0.181011,0.020094,0.076982,,689800,,
6,6,,0.164877,0.181417,0.04176,0.078469,0.028864,0.166006,0.188038,0.046,0.02162,0.082951,,678100,,
6,6,,0.122326,0.133542,0.018683,0.03622,0.021102,0.179549,0.198136,0.184435,0.025544,0.080464,,679200,,
6,6,,0.177238,0.151653,0.01926,0.053382,0.032173,0.129037,0.252811,0.051001,0.027864,0.105581,,676200,,
6,5,,0.04859,0.233697,0.010883,0.098523,0.010338,0.30001,0.19585,0.052376,0.007136,0.042598,,683300,,
6,6,,0.137578,0.117723,0.017697,0.013499,0.024171,0.168101,0.33378,0.065212,0.025276,0.096962,,681400,,
6,7,,0.137018,0.092506,0.020643,0.013962,0.01899,0.144426,0.223859,0.245188,0.019043,0.084365,,678400,,
6,5,,0.108803,0.144254,0.029701,0.043941,0.012082,0.222548,0.184458,0.191394,0.011011,0.051809,,684000,,
6,0,,0.216003,0.123526,0.022342,0.011956,0.029476,0.082464,0.141997,0.189695,0.04984,0.1327,,679800,,
6,6,,0.1508,0.136056,0.040723,0.054455,0.02484,0.153234,0.277817,0.055957,0.021716,0.084402,,678400,,
6,6,,0.124492,0.148262,0.019508,0.021683,0.033693,0.137318,0.309769,0.076169,0.026064,0.103043,,677200,,
6,0,,0.241723,0.148454,0.022958,0.0474,0.039412,0.091775,0.177849,0.043972,0.04415,0.142307,,677200,,
6,6,,0.139159,0.102787,0.020551,0.011734,0.023758,0.156248,0.296795,0.128383,0.029473,0.091112,,687400,,
6,0,,0.233881,0.138761,0.021618,0.052968,0.029557,0.109323,0.205307,0.047849,0.049627,0.111109,,680400,,
6,6,,0.132146,0.101263,0.019769,0.011792,0.022757,0.14526,0.244292,0.20724,0.028179,0.087303,,683000,,
6,6,,0.108625,0.060186,0.019054,0.020155,0.019046,0.170482,0.262114,0.248365,0.0188,0.073173,,680300,,
6,6,,0.146657,0.104515,0.020919,0.013792,0.023124,0.15126,0.248522,0.19124,0.020424,0.079548,,679300,,
6,6,,0.167411,0.10153,0.022511,0.02061,0.023366,0.149743,0.199055,0.189039,0.029477,0.097257,,682500,,
6,7,,0.137018,0.092506,0.020643,0.013962,0.01899,0.144426,0.223859,0.245188,0.019043,0.084365,,680600,,
6,6,,0.10357,0.094317,0.018712,0.011163,0.017988,0.169823,0.303579,0.192542,0.017749,0.070556,,679800,,
6,7,,0.163396,0.082861,0.018785,0.009017,0.026544,0.121828,0.152702,0.247604,0.060723,0.11654,,702800,,
7,7,,0.1283,0.13381,0.022786,0.021346,0.020855,0.129154,0.198831,0.243522,0.021415,0.079982,,682100,,
7,7,,0.076838,0.110745,0.013521,0.028403,0.013503,0.264181,0.152181,0.267292,0.013787,0.059549,,679200,,
7,7,,0.103452,0.104158,0.018712,0.017518,0.017988,0.134456,0.246187,0.268849,0.018123,0.070556,,681100,,
7,5,,0.053837,0.237007,0.014584,0.05934,0.010522,0.242709,0.088011,0.241394,0.008346,0.044249,,682700,,
7,7,,0.124473,0.076137,0.019117,0.010148,0.01941,0.145925,0.179856,0.326113,0.020525,0.078296,,680300,,
7,7,,0.086737,0.087929,0.016844,0.023983,0.015332,0.223934,0.18292,0.288594,0.01382,0.059907,,689100,,
7,6,,0.091288,0.137944,0.016402,0.042633,0.017301,0.17562,0.248753,0.184791,0.016869,0.0684,,676200,,
7,7,,0.147018,0.064649,0.020643,0.019438,0.01899,0.154307,0.176359,0.305188,0.019043,0.074365,,685100,,
7,7,,0.139045,0.092946,0.019872,0.019023,0.024102,0.135416,0.159167,0.272222,0.03692,0.101287,,679400,,
7,7,,0.10357,0.057174,0.018712,0.019497,0.017988,0.166633,0.231579,0.296542,0.017749,0.070556,,689300,,
7,6,,0.103452,0.104158,0.018712,0.017518,0.017988,0.134456,0.286187,0.228849,0.018123,0.070556,,680700,,
7,7,,0.147018,0.064649,0.020643,0.019438,0.01899,0.154307,0.176359,0.305188,0.019043,0.074365,,678000,,
7,7,,0.126976,0.084409,0.018749,0.018423,0.022043,0.12858,0.17213,0.299256,0.034575,0.09486,,681900,,
7,7,,0.106331,0.096797,0.021031,0.030694,0.019434,0.146548,0.162831,0.322954,0.021138,0.072242,,680900,,
7,7,,0.154031,0.070173,0.021424,0.01938,0.019991,0.145295,0.168862,0.282331,0.020337,0.098175,,680300,,
7,5,,0.040765,0.203722,0.009082,0.045127,0.007966,0.302209,0.100264,0.248014,0.006054,0.036796,,681000,,
7,7,,0.072369,0.113732,0.014266,0.029418,0.012082,0.263242,0.156181,0.275891,0.011011,0.051809,,681000,,
7,7,,0.103452,0.064158,0.018712,0.025852,0.017988,0.166123,0.186409,0.326127,0.020623,0.070556,,678400,,
7,7,,0.10357,0.057174,0.018712,0.019497,0.017988,0.166633,0.197801,0.32782,0.020249,0.070556,,680300,,
7,7,,0.154031,0.090173,0.021424,0.01938,0.019991,0.145295,0.188862,0.262331,0.020337,0.078175,,684800,,
7,7,,0.10604,0.08549,0.020523,0.02768,0.018622,0.153576,0.207841,0.289499,0.018537,0.072191,,681800,,
7,7,,0.10357,0.057174,0.018712,0.019497,0.017988,0.166633,0.255579,0.272542,0.017749,0.070556,,683400,,
8,8,,0.203147,0.103326,0.016803,0.002241,0.038484,0.033554,0.06788,0.124524,0.215882,0.19416,,683400,,
8,0,,0.218678,0.103456,0.017548,0.023256,0.037062,0.062139,0.13188,0.026456,0.183105,0.19642,,683300,,
8,9,,0.210793,0.107045,0.017705,0.023256,0.039555,0.059282,0.092037,0.026456,0.211207,0.212664,,685200,,
8,8,,0.203147,0.093326,0.016803,0.032241,0.038484,0.053554,0.08788,0.024524,0.245882,0.20416,,680000,,
8,0,,0.212455,0.111219,0.01899,0.008762,0.037822,0.067564,0.186727,0.030792,0.117034,0.208636,,680500,,
