statlog-landsat,Tuned_CWT,test,1,NANOSECONDS,PREDICTIONS, Generated by ClassifierExperiments.java on 2022-05-16 02:10:13.    SYSTEMPROPERTIES:{user.name:matth,os.arch:amd64,os.name:Windows 10},ENDSYSTEMPROPERTIES
No parameter info
0.37829457364341085,1493479900,1804555100,-1,74092000,6,,-1,-1
0,2,,0.069028,0.02007,0.857099,0.035256,0.005634,0.012914,,2603900,,
0,2,,0.230613,0.056912,0.618094,0.024692,0.029624,0.040065,,1441000,,
0,2,,0.160305,0.08326,0.437483,0.034908,0.132874,0.15117,,1443100,,
0,2,,0.102897,0.027297,0.804418,0.042781,0.007034,0.015575,,1435900,,
0,2,,0.069028,0.02007,0.857099,0.035256,0.005634,0.012914,,1437600,,
0,2,,0.192512,0.036177,0.697421,0.033841,0.017365,0.022683,,1430700,,
0,0,,0.439608,0.127072,0.225983,0.028537,0.094255,0.084546,,1434700,,
0,2,,0.069028,0.02007,0.857099,0.035256,0.005634,0.012914,,1433600,,
0,0,,0.322964,0.130063,0.3067,0.029628,0.114583,0.096062,,1436800,,
0,2,,0.157741,0.028415,0.744164,0.033057,0.015171,0.021453,,1421700,,
0,2,,0.108267,0.074035,0.606499,0.037437,0.079456,0.094306,,1456700,,
0,2,,0.186262,0.035562,0.710519,0.031087,0.016103,0.020467,,1436100,,
0,2,,0.249596,0.043685,0.629726,0.03528,0.019591,0.022123,,1433200,,
0,2,,0.198512,0.024032,0.639046,0.04634,0.032782,0.059288,,1434600,,
0,2,,0.069028,0.02007,0.857099,0.035256,0.005634,0.012914,,1420900,,
0,2,,0.073174,0.02021,0.852221,0.035568,0.005913,0.012914,,1413600,,
0,2,,0.102897,0.027297,0.804418,0.042781,0.007034,0.015575,,1414500,,
0,2,,0.26002,0.062916,0.538231,0.030137,0.042485,0.066212,,1431600,,
0,0,,0.466216,0.138292,0.160289,0.023282,0.117956,0.093965,,1444300,,
0,2,,0.266929,0.048068,0.598346,0.034047,0.022746,0.029864,,1432800,,
0,0,,0.448428,0.098361,0.252754,0.032342,0.073759,0.094357,,1437300,,
0,2,,0.198423,0.084087,0.496034,0.039353,0.085817,0.096285,,1440500,,
0,2,,0.180313,0.035481,0.712725,0.045467,0.009614,0.0164,,1393400,,
0,2,,0.272127,0.075844,0.489353,0.031869,0.053834,0.076974,,1397400,,
0,2,,0.233606,0.107579,0.437511,0.034613,0.092503,0.094187,,1398400,,
0,2,,0.069028,0.02007,0.857099,0.035256,0.005634,0.012914,,1399500,,
0,2,,0.176484,0.028385,0.722572,0.035012,0.015704,0.021844,,1398500,,
0,0,,0.390776,0.116889,0.325364,0.028459,0.064732,0.073779,,1399600,,
0,2,,0.311361,0.0596,0.556121,0.029956,0.022389,0.020572,,1397200,,
0,2,,0.249268,0.095535,0.460176,0.035772,0.072131,0.087119,,1398500,,
0,2,,0.182276,0.028938,0.713993,0.034522,0.016934,0.023336,,1395900,,
0,2,,0.069028,0.02007,0.857099,0.035256,0.005634,0.012914,,1412200,,
0,2,,0.157741,0.028415,0.744164,0.033057,0.015171,0.021453,,1422700,,
0,2,,0.069028,0.02007,0.857099,0.035256,0.005634,0.012914,,1408200,,
0,2,,0.222306,0.044346,0.659583,0.032469,0.018736,0.022561,,1394400,,
0,2,,0.221664,0.101185,0.441647,0.031828,0.103417,0.10026,,1402400,,
0,2,,0.319897,0.085364,0.503745,0.040279,0.023886,0.026829,,1408800,,
0,2,,0.069028,0.02007,0.857099,0.035256,0.005634,0.012914,,1398500,,
0,2,,0.102897,0.027297,0.804418,0.042781,0.007034,0.015575,,1400900,,
0,2,,0.091463,0.02021,0.833963,0.035011,0.006498,0.012855,,1396000,,
0,2,,0.186262,0.035562,0.710519,0.031087,0.016103,0.020467,,1397400,,
0,2,,0.09875,0.027157,0.809295,0.042469,0.006754,0.015575,,1409800,,
0,2,,0.295377,0.063928,0.446856,0.050749,0.051046,0.092043,,1409100,,
0,2,,0.121186,0.027297,0.786159,0.042224,0.007618,0.015516,,1406600,,
0,0,,0.388323,0.138292,0.23828,0.023736,0.117342,0.094026,,1409400,,
0,2,,0.073174,0.02021,0.852221,0.035568,0.005913,0.012914,,1407800,,
0,2,,0.069028,0.02007,0.857099,0.035256,0.005634,0.012914,,1413300,,
0,2,,0.186262,0.035562,0.710519,0.031087,0.016103,0.020467,,1406700,,
0,2,,0.091734,0.02021,0.830808,0.037324,0.006467,0.013457,,1410600,,
0,2,,0.095872,0.065434,0.689644,0.032197,0.053514,0.06334,,1395500,,
0,2,,0.247137,0.092743,0.466372,0.033504,0.076084,0.08416,,1398600,,
0,2,,0.176214,0.028385,0.725727,0.032699,0.015734,0.021242,,1407100,,
0,0,,0.389281,0.125296,0.222422,0.031441,0.128173,0.103387,,1410000,,
0,2,,0.290629,0.066921,0.571426,0.029019,0.021563,0.020443,,1439800,,
0,2,,0.186262,0.035562,0.710519,0.031087,0.016103,0.020467,,1418600,,
0,2,,0.297239,0.158026,0.327247,0.025027,0.10137,0.09109,,1394700,,
0,2,,0.112155,0.020241,0.80821,0.037948,0.007458,0.013988,,1390200,,
0,0,,0.506216,0.138292,0.120289,0.023282,0.117956,0.093965,,1403300,,
0,0,,0.584129,0.112729,0.199118,0.017921,0.04653,0.039573,,1409100,,
0,2,,0.256981,0.115617,0.358977,0.026096,0.127512,0.114818,,1402800,,
0,2,,0.069028,0.02007,0.857099,0.035256,0.005634,0.012914,,1405400,,
0,2,,0.10579,0.02004,0.820404,0.034341,0.006781,0.012645,,1399900,,
0,2,,0.091463,0.02021,0.833963,0.035011,0.006498,0.012855,,1392500,,
0,2,,0.186262,0.035562,0.710519,0.031087,0.016103,0.020467,,1412400,,
0,2,,0.0875,0.02004,0.838662,0.034898,0.006197,0.012703,,1400700,,
0,0,,0.473251,0.102112,0.221619,0.043845,0.062704,0.096468,,1399100,,
0,2,,0.073174,0.02021,0.852221,0.035568,0.005913,0.012914,,1403900,,
0,2,,0.125359,0.075429,0.562211,0.05058,0.086843,0.099578,,1402400,,
0,2,,0.263569,0.130123,0.37242,0.025481,0.113961,0.094446,,1402000,,
0,2,,0.231398,0.102998,0.423262,0.031232,0.110276,0.100834,,1399300,,
0,2,,0.186262,0.035562,0.710519,0.031087,0.016103,0.020467,,1398100,,
0,2,,0.347443,0.070563,0.438932,0.031992,0.04451,0.066559,,1398100,,
0,2,,0.137472,0.016074,0.714978,0.043309,0.029901,0.058266,,1403900,,
0,2,,0.069028,0.02007,0.857099,0.035256,0.005634,0.012914,,1396900,,
0,2,,0.347482,0.095728,0.375437,0.03265,0.063811,0.084892,,1424400,,
0,2,,0.091463,0.02021,0.833963,0.035011,0.006498,0.012855,,1391500,,
0,2,,0.249173,0.051362,0.628403,0.03101,0.019427,0.020626,,1389900,,
0,2,,0.296081,0.085364,0.529909,0.038451,0.023741,0.026454,,1395100,,
0,2,,0.073174,0.02021,0.852221,0.035568,0.005913,0.012914,,1390100,,
0,2,,0.069028,0.02007,0.857099,0.035256,0.005634,0.012914,,1388600,,
0,2,,0.186262,0.035562,0.710519,0.031087,0.016103,0.020467,,1388000,,
0,2,,0.200972,0.036177,0.681028,0.038566,0.018632,0.024624,,1388000,,
0,0,,0.471896,0.12827,0.199238,0.03058,0.083197,0.086819,,1390600,,
0,2,,0.208798,0.036852,0.673983,0.036871,0.019378,0.024118,,1391800,,
0,2,,0.069028,0.02007,0.857099,0.035256,0.005634,0.012914,,1387400,,
0,2,,0.087317,0.02007,0.838841,0.034699,0.006218,0.012855,,1407400,,
0,2,,0.157741,0.028415,0.744164,0.033057,0.015171,0.021453,,1387900,,
0,2,,0.349741,0.067014,0.510473,0.029567,0.022331,0.020874,,1387600,,
0,2,,0.069028,0.02007,0.857099,0.035256,0.005634,0.012914,,1389800,,
0,0,,0.467485,0.14551,0.187916,0.027414,0.087777,0.083898,,1389500,,
0,2,,0.10579,0.02004,0.820404,0.034341,0.006781,0.012645,,1394600,,
0,2,,0.069028,0.02007,0.857099,0.035256,0.005634,0.012914,,1387700,,
0,2,,0.371727,0.083411,0.455347,0.039526,0.024175,0.025814,,1387400,,
0,2,,0.251352,0.089854,0.451402,0.034301,0.078709,0.094382,,1392200,,
0,2,,0.09875,0.027157,0.809295,0.042469,0.006754,0.015575,,1388400,,
0,2,,0.069028,0.02007,0.857099,0.035256,0.005634,0.012914,,1391400,,
0,2,,0.069028,0.02007,0.857099,0.035256,0.005634,0.012914,,1385800,,
0,2,,0.228782,0.06285,0.591106,0.028263,0.036499,0.0525,,1389500,,
0,2,,0.10579,0.02004,0.820404,0.034341,0.006781,0.012645,,1388700,,
0,2,,0.242174,0.043685,0.643855,0.031015,0.018477,0.020794,,1386300,,
0,0,,0.419058,0.1665,0.172396,0.025598,0.118533,0.097915,,1395900,,
0,2,,0.192325,0.036116,0.698785,0.03291,0.017304,0.022561,,1390000,,
0,2,,0.069028,0.02007,0.857099,0.035256,0.005634,0.012914,,1386900,,
0,2,,0.09875,0.027157,0.809295,0.042469,0.006754,0.015575,,1387600,,
0,2,,0.103671,0.05874,0.607098,0.053753,0.075845,0.100894,,1388300,,
0,2,,0.186262,0.035562,0.710519,0.031087,0.016103,0.020467,,1391100,,
0,2,,0.247872,0.056701,0.523448,0.0364,0.050029,0.08555,,1429300,,
0,2,,0.157741,0.028415,0.744164,0.033057,0.015171,0.021453,,1396200,,
0,2,,0.293583,0.123714,0.315992,0.0249,0.1289,0.112911,,1396300,,
0,2,,0.288845,0.067011,0.488911,0.033301,0.046985,0.074947,,1389900,,
0,2,,0.069028,0.02007,0.857099,0.035256,0.005634,0.012914,,1387900,,
0,2,,0.069028,0.02007,0.857099,0.035256,0.005634,0.012914,,1458000,,
0,2,,0.062235,0.038383,0.789361,0.032847,0.028444,0.04873,,1393700,,
0,2,,0.069028,0.02007,0.857099,0.035256,0.005634,0.012914,,1391900,,
0,2,,0.09875,0.027157,0.809295,0.042469,0.006754,0.015575,,1388400,,
0,2,,0.205413,0.043096,0.680378,0.043974,0.011088,0.01605,,1387800,,
0,0,,0.481385,0.134875,0.140111,0.023938,0.12134,0.098352,,1391800,,
0,0,,0.524045,0.098423,0.17912,0.03186,0.074073,0.092479,,1412800,,
0,2,,0.091834,0.020241,0.83242,0.036141,0.006538,0.012826,,1388700,,
0,2,,0.0875,0.02004,0.838662,0.034898,0.006197,0.012703,,1388500,,
0,0,,0.403172,0.120958,0.278326,0.031463,0.078324,0.087757,,1391000,,
0,2,,0.069028,0.02007,0.857099,0.035256,0.005634,0.012914,,1391400,,
0,2,,0.069028,0.02007,0.857099,0.035256,0.005634,0.012914,,1387400,,
0,2,,0.069028,0.02007,0.857099,0.035256,0.005634,0.012914,,1384900,,
0,2,,0.069028,0.02007,0.857099,0.035256,0.005634,0.012914,,1390300,,
0,2,,0.186262,0.035562,0.710519,0.031087,0.016103,0.020467,,1386900,,
0,2,,0.073174,0.02021,0.852221,0.035568,0.005913,0.012914,,1396300,,
0,2,,0.186262,0.035562,0.710519,0.031087,0.016103,0.020467,,1386400,,
0,2,,0.237709,0.041804,0.537878,0.037911,0.054192,0.090507,,1409800,,
0,2,,0.11704,0.027157,0.791037,0.041912,0.007339,0.015516,,1388800,,
0,2,,0.178503,0.03528,0.71187,0.041592,0.014512,0.018243,,1389400,,
0,0,,0.392946,0.115241,0.277093,0.031215,0.090765,0.092739,,1392600,,
0,2,,0.102897,0.027297,0.804418,0.042781,0.007034,0.015575,,1389500,,
0,0,,0.347954,0.118681,0.291089,0.031924,0.10798,0.102372,,1398300,,
0,2,,0.238564,0.047356,0.575208,0.032128,0.040349,0.066395,,1393300,,
0,2,,0.176214,0.028385,0.725727,0.032699,0.015734,0.021242,,1404200,,
0,0,,0.394676,0.14078,0.346892,0.021501,0.054123,0.042029,,1400500,,
0,2,,0.228235,0.09108,0.460498,0.034805,0.089163,0.096218,,1391500,,
0,2,,0.249596,0.043685,0.629726,0.03528,0.019591,0.022123,,1420500,,
0,2,,0.177802,0.025223,0.70824,0.037009,0.01954,0.032187,,1379600,,
0,2,,0.115743,0.039359,0.63698,0.053085,0.052486,0.102345,,1385900,,
0,2,,0.069028,0.02007,0.857099,0.035256,0.005634,0.012914,,1394900,,
0,2,,0.283818,0.059306,0.585514,0.029954,0.020674,0.020734,,1393400,,
0,2,,0.231659,0.066207,0.48819,0.049816,0.066769,0.09736,,1393000,,
0,2,,0.312657,0.050139,0.519678,0.037961,0.032577,0.046987,,1395900,,
0,0,,0.421201,0.131836,0.198933,0.023836,0.123949,0.100245,,1393700,,
0,2,,0.064504,0.016354,0.844387,0.042767,0.008239,0.023749,,1397800,,
0,2,,0.186262,0.035562,0.710519,0.031087,0.016103,0.020467,,1389800,,
0,0,,0.509962,0.133095,0.121343,0.023041,0.115066,0.097493,,1389000,,
0,2,,0.073174,0.02021,0.852221,0.035568,0.005913,0.012914,,1413600,,
0,2,,0.186262,0.035562,0.710519,0.031087,0.016103,0.020467,,1390600,,
0,2,,0.180277,0.029704,0.707628,0.038842,0.018445,0.025104,,1389600,,
0,2,,0.304679,0.059593,0.561262,0.031368,0.02201,0.02109,,1391200,,
0,2,,0.174037,0.013096,0.646083,0.051358,0.040472,0.074953,,1393500,,
0,2,,0.103084,0.027358,0.803054,0.043712,0.007095,0.015697,,1389800,,
0,2,,0.0875,0.02004,0.838662,0.034898,0.006197,0.012703,,1393300,,
0,2,,0.193447,0.035632,0.702492,0.03106,0.016945,0.020424,,1390900,,
0,2,,0.069028,0.02007,0.857099,0.035256,0.005634,0.012914,,1388500,,
0,2,,0.069028,0.02007,0.857099,0.035256,0.005634,0.012914,,1390500,,
0,2,,0.327463,0.080024,0.49171,0.025815,0.034467,0.04052,,1388800,,
0,2,,0.102897,0.027297,0.804418,0.042781,0.007034,0.015575,,1397300,,
0,2,,0.239421,0.070537,0.502481,0.034003,0.070087,0.083472,,1393600,,
0,2,,0.128371,0.027367,0.778133,0.042196,0.008461,0.015473,,1400300,,
0,2,,0.198911,0.123543,0.394209,0.040176,0.120576,0.122585,,1390600,,
0,2,,0.087317,0.02007,0.838841,0.034699,0.006218,0.012855,,1392000,,
0,2,,0.073174,0.02021,0.852221,0.035568,0.005913,0.012914,,1391800,,
0,2,,0.09875,0.027157,0.809295,0.042469,0.006754,0.015575,,1388800,,
0,2,,0.25596,0.100373,0.402222,0.045354,0.096899,0.099192,,1391800,,
0,2,,0.148334,0.087844,0.594567,0.030848,0.068631,0.069776,,1388500,,
0,2,,0.069028,0.02007,0.857099,0.035256,0.005634,0.012914,,1391300,,
0,2,,0.09875,0.027157,0.809295,0.042469,0.006754,0.015575,,1392000,,
0,2,,0.102897,0.027297,0.804418,0.042781,0.007034,0.015575,,1414500,,
0,2,,0.197531,0.029674,0.693215,0.036468,0.018826,0.024286,,1379400,,
0,2,,0.291003,0.059376,0.577487,0.029927,0.021516,0.020691,,1392200,,
0,0,,0.456543,0.139642,0.180127,0.023569,0.108545,0.091574,,1389700,,
0,2,,0.069028,0.02007,0.857099,0.035256,0.005634,0.012914,,1388200,,
0,2,,0.069028,0.02007,0.857099,0.035256,0.005634,0.012914,,1390600,,
0,2,,0.09875,0.027157,0.809295,0.042469,0.006754,0.015575,,1394100,,
0,2,,0.157741,0.028415,0.744164,0.033057,0.015171,0.021453,,1378700,,
0,2,,0.264981,0.133562,0.389512,0.032582,0.086072,0.093291,,1404900,,
0,0,,0.548207,0.124613,0.229918,0.018533,0.039603,0.039126,,1395800,,
0,2,,0.10579,0.02004,0.820404,0.034341,0.006781,0.012645,,1412200,,
0,2,,0.233671,0.113643,0.407759,0.035132,0.11261,0.097186,,1389100,,
0,2,,0.164926,0.028485,0.736137,0.03303,0.016013,0.02141,,1389600,,
0,2,,0.069028,0.02007,0.857099,0.035256,0.005634,0.012914,,1387500,,
0,2,,0.186262,0.035562,0.710519,0.031087,0.016103,0.020467,,1389100,,
0,2,,0.157741,0.028415,0.744164,0.033057,0.015171,0.021453,,1391500,,
0,2,,0.088415,0.060006,0.602061,0.046115,0.077744,0.125659,,1389500,,
0,2,,0.121186,0.027297,0.786159,0.042224,0.007618,0.015516,,1390800,,
0,2,,0.157741,0.028415,0.744164,0.033057,0.015171,0.021453,,1397400,,
0,2,,0.186262,0.035562,0.710519,0.031087,0.016103,0.020467,,1547700,,
0,2,,0.1588,0.087374,0.548911,0.033774,0.085488,0.085653,,1392200,,
0,2,,0.116994,0.062765,0.623583,0.037564,0.072208,0.086887,,1410300,,
0,2,,0.069028,0.02007,0.857099,0.035256,0.005634,0.012914,,1390400,,
0,2,,0.121186,0.027297,0.786159,0.042224,0.007618,0.015516,,1384400,,
0,2,,0.091463,0.02021,0.833963,0.035011,0.006498,0.012855,,1389800,,
0,2,,0.174567,0.024986,0.712034,0.038547,0.018429,0.031437,,1387200,,
0,2,,0.289744,0.051424,0.585649,0.032355,0.019887,0.020941,,1396800,,
0,0,,0.412585,0.131964,0.231295,0.025441,0.106728,0.091987,,1401300,,
0,0,,0.349572,0.12007,0.329263,0.031904,0.080344,0.088847,,1393400,,
0,2,,0.069028,0.02007,0.857099,0.035256,0.005634,0.012914,,1390600,,
0,0,,0.472588,0.12554,0.200758,0.027868,0.087468,0.085777,,1390500,,
0,0,,0.478083,0.121734,0.268325,0.033151,0.043776,0.05493,,1392700,,
0,2,,0.193447,0.035632,0.702492,0.03106,0.016945,0.020424,,1410700,,
0,2,,0.073444,0.02021,0.849066,0.037882,0.005883,0.013515,,1392300,,
0,2,,0.176214,0.028385,0.725727,0.032699,0.015734,0.021242,,1389200,,
0,2,,0.09875,0.027157,0.809295,0.042469,0.006754,0.015575,,1388600,,
0,2,,0.069028,0.02007,0.857099,0.035256,0.005634,0.012914,,1387500,,
0,2,,0.18788,0.026826,0.668614,0.039454,0.028502,0.048724,,1388000,,
0,2,,0.111812,0.02331,0.784731,0.045385,0.010176,0.024586,,1393900,,
0,2,,0.069028,0.02007,0.857099,0.035256,0.005634,0.012914,,1387500,,
0,2,,0.215052,0.036852,0.663833,0.039115,0.020309,0.024838,,1390200,,
0,0,,0.512462,0.153095,0.098843,0.023041,0.115066,0.097493,,1419900,,
0,2,,0.091463,0.02021,0.833963,0.035011,0.006498,0.012855,,1405100,,
0,2,,0.24823,0.052472,0.623355,0.031891,0.02121,0.022842,,1403700,,
0,2,,0.069028,0.02007,0.857099,0.035256,0.005634,0.012914,,1462500,,
0,2,,0.176214,0.028385,0.725727,0.032699,0.015734,0.021242,,1392700,,
0,2,,0.091834,0.020241,0.83242,0.036141,0.006538,0.012826,,1401700,,
0,2,,0.069028,0.02007,0.857099,0.035256,0.005634,0.012914,,1383900,,
0,2,,0.178433,0.028446,0.71841,0.035994,0.016131,0.022586,,1389700,,
0,2,,0.069028,0.02007,0.857099,0.035256,0.005634,0.012914,,1398900,,
0,2,,0.091463,0.02021,0.833963,0.035011,0.006498,0.012855,,1392100,,
0,2,,0.157741,0.028415,0.744164,0.033057,0.015171,0.021453,,1389000,,
0,2,,0.064554,0.016354,0.851346,0.037743,0.008239,0.021765,,1391000,,
0,2,,0.11704,0.027157,0.791037,0.041912,0.007339,0.015516,,1414900,,
0,2,,0.09875,0.027157,0.809295,0.042469,0.006754,0.015575,,1389300,,
0,2,,0.069028,0.02007,0.857099,0.035256,0.005634,0.012914,,1391200,,
0,2,,0.192325,0.036116,0.698785,0.03291,0.017304,0.022561,,1388200,,
0,2,,0.214008,0.036852,0.667567,0.037217,0.020127,0.02423,,1392100,,
0,2,,0.245073,0.040101,0.628711,0.034405,0.021986,0.029725,,1395100,,
0,2,,0.338316,0.067054,0.520513,0.030376,0.022868,0.020874,,1389100,,
0,2,,0.115999,0.020733,0.803792,0.036476,0.008262,0.014738,,1387700,,
0,2,,0.243168,0.043685,0.640166,0.03292,0.018659,0.021402,,1391900,,
0,2,,0.069028,0.02007,0.857099,0.035256,0.005634,0.012914,,1390200,,
0,2,,0.186262,0.035562,0.710519,0.031087,0.016103,0.020467,,1395200,,
0,2,,0.290629,0.066921,0.571426,0.029019,0.021563,0.020443,,1401200,,
0,0,,0.476606,0.114606,0.198628,0.030722,0.0856,0.093838,,1396100,,
0,2,,0.285692,0.080725,0.527822,0.024952,0.039783,0.041027,,1391100,,
0,2,,0.214008,0.036852,0.667567,0.037217,0.020127,0.02423,,1387600,,
0,2,,0.409534,0.08373,0.435167,0.026765,0.024679,0.020126,,1391000,,
0,2,,0.066131,0.052644,0.686726,0.044514,0.066797,0.083187,,1390300,,
0,2,,0.087317,0.02007,0.838841,0.034699,0.006218,0.012855,,1389500,,
0,2,,0.176214,0.028385,0.725727,0.032699,0.015734,0.021242,,1391000,,
0,2,,0.163804,0.028968,0.73243,0.03488,0.016371,0.023547,,1394200,,
0,2,,0.184495,0.029,0.706676,0.037818,0.017332,0.024679,,1394200,,
0,2,,0.073174,0.02021,0.852221,0.035568,0.005913,0.012914,,1388300,,
0,2,,0.127249,0.02785,0.774426,0.044047,0.008819,0.01761,,1399200,,
0,2,,0.186262,0.035562,0.710519,0.031087,0.016103,0.020467,,1392900,,
0,2,,0.266701,0.060471,0.48705,0.046029,0.052818,0.086932,,1392400,,
0,2,,0.214008,0.036852,0.667567,0.037217,0.020127,0.02423,,1392900,,
0,2,,0.069028,0.02007,0.857099,0.035256,0.005634,0.012914,,1398200,,
0,0,,0.382102,0.131806,0.238265,0.023869,0.123863,0.100095,,1387600,,
0,2,,0.11704,0.027157,0.791037,0.041912,0.007339,0.015516,,1389300,,
0,2,,0.087317,0.02007,0.838841,0.034699,0.006218,0.012855,,1395400,,
0,2,,0.329033,0.11567,0.372018,0.031507,0.071826,0.079946,,1390900,,
0,2,,0.069028,0.02007,0.857099,0.035256,0.005634,0.012914,,1390800,,
0,2,,0.115999,0.020733,0.803792,0.036476,0.008262,0.014738,,1387100,,
0,2,,0.069028,0.02007,0.857099,0.035256,0.005634,0.012914,,1411300,,
0,2,,0.220498,0.042624,0.541839,0.044428,0.050814,0.099797,,1391000,,
0,2,,0.242174,0.043685,0.643855,0.031015,0.018477,0.020794,,1389300,,
0,2,,0.091463,0.02021,0.833963,0.035011,0.006498,0.012855,,1387700,,
0,2,,0.071247,0.020131,0.849782,0.038552,0.006031,0.014257,,1391300,,
0,2,,0.069028,0.02007,0.857099,0.035256,0.005634,0.012914,,1389600,,
0,2,,0.242174,0.043685,0.643855,0.031015,0.018477,0.020794,,1386800,,
0,2,,0.180313,0.035481,0.712725,0.045467,0.009614,0.0164,,1389800,,
0,2,,0.073174,0.02021,0.852221,0.035568,0.005913,0.012914,,1391000,,
0,2,,0.186262,0.035562,0.710519,0.031087,0.016103,0.020467,,1392300,,
0,2,,0.186262,0.035562,0.710519,0.031087,0.016103,0.020467,,1413400,,
0,2,,0.334246,0.054194,0.481952,0.03869,0.034985,0.055932,,1389400,,
0,2,,0.198108,0.02907,0.688209,0.040151,0.019105,0.025357,,1392200,,
0,2,,0.186262,0.035562,0.710519,0.031087,0.016103,0.020467,,1389900,,
0,2,,0.29679,0.133586,0.314669,0.025018,0.128771,0.101165,,1391600,,
0,2,,0.176561,0.028,0.69846,0.037047,0.021546,0.038388,,1389300,,
0,2,,0.069028,0.02007,0.857099,0.035256,0.005634,0.012914,,1388500,,
0,2,,0.157741,0.028415,0.744164,0.033057,0.015171,0.021453,,1389500,,
0,2,,0.242362,0.043746,0.642491,0.031945,0.018538,0.020917,,1389900,,
0,2,,0.365842,0.079727,0.468103,0.030022,0.027285,0.02902,,1387800,,
0,2,,0.263678,0.043746,0.618826,0.033773,0.018684,0.021292,,1387000,,
0,2,,0.304043,0.053784,0.509218,0.039624,0.035838,0.057494,,1392000,,
0,2,,0.069028,0.02007,0.857099,0.035256,0.005634,0.012914,,1387400,,
0,2,,0.186532,0.035562,0.707364,0.0334,0.016073,0.021068,,1393600,,
0,2,,0.186262,0.035562,0.710519,0.031087,0.016103,0.020467,,1390100,,
0,2,,0.36345,0.059563,0.501482,0.032429,0.021934,0.021142,,1393400,,
0,2,,0.069028,0.02007,0.857099,0.035256,0.005634,0.012914,,1391500,,
0,2,,0.11704,0.027157,0.791037,0.041912,0.007339,0.015516,,1388000,,
0,2,,0.21077,0.037289,0.668686,0.037893,0.020646,0.024715,,1391200,,
0,2,,0.102897,0.027297,0.804418,0.042781,0.007034,0.015575,,1388300,,
0,2,,0.186262,0.035562,0.710519,0.031087,0.016103,0.020467,,1389200,,
0,2,,0.091646,0.02018,0.833784,0.03521,0.006477,0.012703,,1391100,,
0,2,,0.186262,0.035562,0.710519,0.031087,0.016103,0.020467,,1426500,,
0,2,,0.069028,0.02007,0.857099,0.035256,0.005634,0.012914,,1401900,,
0,2,,0.153267,0.024699,0.73841,0.035544,0.017776,0.030304,,1398900,,
0,2,,0.242174,0.043685,0.643855,0.031015,0.018477,0.020794,,1390800,,
0,2,,0.091463,0.02021,0.833963,0.035011,0.006498,0.012855,,1393900,,
0,2,,0.069028,0.02007,0.857099,0.035256,0.005634,0.012914,,1391500,,
0,0,,0.412072,0.113595,0.255927,0.036247,0.087313,0.094846,,1396900,,
0,2,,0.194544,0.036177,0.691469,0.036206,0.017701,0.023904,,1388600,,
0,2,,0.280684,0.048526,0.583833,0.033444,0.023798,0.029715,,1393700,,
0,2,,0.186262,0.035562,0.710519,0.031087,0.016103,0.020467,,1393000,,
0,2,,0.069028,0.02007,0.857099,0.035256,0.005634,0.012914,,1391400,,
0,2,,0.276722,0.096183,0.518606,0.02212,0.045484,0.040887,,1421500,,
0,2,,0.174093,0.048533,0.685381,0.024698,0.027558,0.039738,,1398600,,
0,2,,0.157741,0.028415,0.744164,0.033057,0.015171,0.021453,,1392500,,
0,2,,0.182276,0.028938,0.713993,0.034522,0.016934,0.023336,,1393600,,
0,2,,0.137685,0.038536,0.712538,0.029364,0.030766,0.051111,,1390700,,
0,2,,0.228233,0.051801,0.64312,0.030823,0.024572,0.021452,,1393200,,
0,2,,0.0875,0.02004,0.838662,0.034898,0.006197,0.012703,,1389400,,
1,1,,0.2037,0.564601,0.057264,0.009507,0.110435,0.054493,,1400200,,
1,1,,0.205087,0.593666,0.038496,0.00783,0.11102,0.043902,,1392600,,
1,1,,0.206858,0.504601,0.113054,0.010559,0.110435,0.054493,,1392000,,
1,1,,0.239217,0.384354,0.136319,0.022332,0.130873,0.086905,,1414300,,
1,0,,0.424089,0.261355,0.18322,0.011534,0.078951,0.040851,,1393700,,
1,1,,0.205087,0.593666,0.038496,0.00783,0.11102,0.043902,,1391800,,
1,1,,0.205087,0.593666,0.038496,0.00783,0.11102,0.043902,,1394800,,
1,1,,0.205087,0.593666,0.038496,0.00783,0.11102,0.043902,,1395300,,
1,2,,0.111445,0.077452,0.724259,0.04781,0.01244,0.026594,,1403800,,
1,1,,0.2237,0.524601,0.057264,0.009507,0.130435,0.054493,,1390100,,
1,2,,0.131293,0.045183,0.542953,0.05276,0.042397,0.185415,,1396400,,
1,2,,0.173521,0.209026,0.408804,0.027407,0.10226,0.078982,,1394900,,
1,2,,0.114591,0.025199,0.659008,0.053595,0.04256,0.105046,,1395400,,
1,1,,0.206337,0.553666,0.077246,0.00783,0.11102,0.043902,,1392600,,
1,1,,0.227587,0.533666,0.075996,0.00783,0.11102,0.043902,,1425500,,
1,1,,0.222528,0.562252,0.057377,0.008491,0.105398,0.043954,,1391800,,
1,1,,0.205087,0.593666,0.038496,0.00783,0.11102,0.043902,,1392700,,
1,1,,0.247587,0.513666,0.075996,0.00783,0.11102,0.043902,,1391600,,
1,1,,0.20495,0.504601,0.116014,0.009507,0.110435,0.054493,,1399800,,
1,2,,0.193528,0.175187,0.453782,0.028667,0.064851,0.083986,,1425300,,
1,2,,0.289747,0.211773,0.304911,0.026452,0.09775,0.069368,,1398100,,
1,1,,0.205087,0.593666,0.038496,0.00783,0.11102,0.043902,,1395700,,
1,1,,0.26496,0.42016,0.136003,0.008846,0.114688,0.055343,,1385100,,
1,1,,0.205087,0.593666,0.038496,0.00783,0.11102,0.043902,,1392900,,
1,1,,0.205468,0.58016,0.038496,0.008846,0.112688,0.054343,,1391800,,
1,1,,0.205087,0.593666,0.038496,0.00783,0.11102,0.043902,,1410800,,
1,1,,0.266638,0.270637,0.247459,0.021135,0.125783,0.068349,,1390900,,
1,1,,0.259958,0.374697,0.204566,0.01192,0.10451,0.044348,,1398900,,
1,1,,0.2037,0.544601,0.077264,0.009507,0.110435,0.054493,,1398700,,
1,1,,0.205087,0.573666,0.058496,0.00783,0.11102,0.043902,,1389300,,
1,2,,0.141766,0.218451,0.392524,0.032414,0.09647,0.118375,,1391200,,
1,2,,0.127589,0.055431,0.648964,0.045378,0.033427,0.089211,,1406300,,
1,1,,0.2262,0.444601,0.134764,0.029507,0.110435,0.054493,,1392900,,
1,1,,0.205087,0.573666,0.058496,0.00783,0.11102,0.043902,,1402700,,
1,1,,0.229009,0.518451,0.072206,0.010927,0.114712,0.054695,,1387200,,
1,1,,0.189016,0.508826,0.070791,0.017326,0.127139,0.086902,,1389600,,
1,1,,0.205087,0.593666,0.038496,0.00783,0.11102,0.043902,,1414800,,
1,1,,0.206718,0.52016,0.097246,0.008846,0.112688,0.054343,,1392200,,
1,2,,0.125183,0.055304,0.672784,0.041732,0.034229,0.070768,,1403500,,
1,2,,0.215385,0.222242,0.264054,0.030654,0.146345,0.121321,,1392500,,
1,2,,0.087565,0.091528,0.632943,0.034972,0.046562,0.106429,,1390800,,
1,1,,0.2037,0.564601,0.057264,0.009507,0.110435,0.054493,,1395100,,
1,1,,0.264778,0.452538,0.076976,0.033307,0.108915,0.063485,,1476500,,
1,1,,0.205087,0.593666,0.038496,0.00783,0.11102,0.043902,,1405200,,
1,1,,0.205087,0.573666,0.058496,0.00783,0.11102,0.043902,,1390900,,
1,1,,0.205087,0.593666,0.038496,0.00783,0.11102,0.043902,,1390200,,
1,1,,0.319192,0.442993,0.076869,0.009375,0.107558,0.044014,,1420300,,
1,1,,0.203852,0.335872,0.198951,0.022794,0.138949,0.099581,,1393600,,
1,2,,0.271907,0.161015,0.422656,0.027499,0.07291,0.044013,,1401300,,
1,1,,0.233192,0.437667,0.152075,0.010665,0.111705,0.054695,,1388300,,
1,1,,0.2037,0.564601,0.057264,0.009507,0.110435,0.054493,,1386700,,
1,1,,0.289587,0.482252,0.069142,0.009667,0.105398,0.043954,,1390800,,
1,1,,0.205087,0.593666,0.038496,0.00783,0.11102,0.043902,,1389300,,
1,1,,0.2237,0.504601,0.097264,0.009507,0.110435,0.054493,,1401200,,
1,1,,0.205087,0.593666,0.038496,0.00783,0.11102,0.043902,,1397800,,
1,1,,0.205087,0.573666,0.058496,0.00783,0.11102,0.043902,,1395900,,
1,1,,0.205087,0.593666,0.038496,0.00783,0.11102,0.043902,,1389300,,
1,1,,0.205087,0.573666,0.058496,0.00783,0.11102,0.043902,,1390700,,
1,2,,0.051719,0.01634,0.739808,0.050883,0.034285,0.106965,,1397800,,
1,1,,0.205087,0.593666,0.038496,0.00783,0.11102,0.043902,,1386800,,
1,2,,0.223584,0.229272,0.351374,0.023117,0.103154,0.069499,,1390500,,
1,1,,0.227587,0.533666,0.075996,0.00783,0.11102,0.043902,,1383100,,
1,1,,0.205087,0.593666,0.038496,0.00783,0.11102,0.043902,,1386000,,
1,2,,0.143961,0.091468,0.567223,0.039119,0.049184,0.109045,,1395300,,
1,1,,0.207587,0.553666,0.055996,0.00783,0.13102,0.043902,,1388900,,
1,1,,0.213144,0.444601,0.15782,0.009507,0.120435,0.054493,,1390300,,
1,1,,0.205087,0.593666,0.038496,0.00783,0.11102,0.043902,,1399900,,
1,1,,0.264719,0.446733,0.085325,0.015152,0.10548,0.082591,,1388900,,
1,1,,0.205087,0.553666,0.058496,0.00783,0.13102,0.043902,,1418700,,
1,1,,0.205087,0.593666,0.038496,0.00783,0.11102,0.043902,,1390100,,
1,1,,0.211668,0.517272,0.054071,0.015175,0.12369,0.078124,,1400600,,
1,1,,0.2037,0.564601,0.057264,0.009507,0.110435,0.054493,,1389900,,
1,1,,0.205087,0.593666,0.038496,0.00783,0.11102,0.043902,,1392700,,
1,1,,0.222609,0.36817,0.213154,0.017828,0.109622,0.068617,,1395300,,
1,2,,0.153844,0.100454,0.55875,0.026688,0.083459,0.076804,,1389700,,
1,2,,0.243413,0.258316,0.365837,0.022959,0.063191,0.046284,,1394200,,
1,1,,0.206337,0.513666,0.117246,0.00783,0.11102,0.043902,,1389000,,
1,1,,0.205087,0.593666,0.038496,0.00783,0.11102,0.043902,,1391500,,
1,1,,0.228245,0.493666,0.114285,0.008883,0.11102,0.043902,,1398800,,
1,1,,0.205087,0.593666,0.038496,0.00783,0.11102,0.043902,,1409900,,
1,1,,0.205468,0.58016,0.038496,0.008846,0.112688,0.054343,,1386500,,
1,1,,0.273954,0.402383,0.162451,0.010957,0.10624,0.044014,,1391100,,
1,1,,0.218775,0.538832,0.058626,0.008091,0.131773,0.043902,,1390400,,
1,1,,0.205087,0.593666,0.038496,0.00783,0.11102,0.043902,,1394100,,
1,2,,0.103472,0.007534,0.740176,0.058061,0.030739,0.060017,,1399300,,
1,1,,0.205087,0.593666,0.038496,0.00783,0.11102,0.043902,,1392300,,
1,1,,0.262219,0.386733,0.127825,0.015152,0.12548,0.082591,,1399400,,
1,1,,0.2037,0.544601,0.077264,0.009507,0.110435,0.054493,,1405300,,
1,2,,0.120736,0.029046,0.669151,0.045574,0.040079,0.095412,,1400400,,
1,1,,0.205468,0.54016,0.078496,0.008846,0.112688,0.054343,,1409300,,
1,1,,0.205468,0.56016,0.058496,0.008846,0.112688,0.054343,,1390200,,
1,2,,0.204862,0.286561,0.304312,0.022236,0.09372,0.088309,,1391100,,
1,1,,0.205087,0.593666,0.038496,0.00783,0.11102,0.043902,,1398000,,
1,1,,0.226337,0.493666,0.117246,0.00783,0.11102,0.043902,,1389700,,
1,1,,0.205087,0.513666,0.098496,0.00783,0.13102,0.043902,,1387600,,
1,1,,0.205468,0.58016,0.038496,0.008846,0.112688,0.054343,,1391200,,
1,1,,0.247426,0.422252,0.115776,0.033193,0.125732,0.05562,,1390500,,
1,1,,0.205087,0.593666,0.038496,0.00783,0.11102,0.043902,,1401500,,
1,1,,0.205087,0.573666,0.058496,0.00783,0.11102,0.043902,,1400300,,
1,1,,0.205087,0.593666,0.038496,0.00783,0.11102,0.043902,,1383000,,
1,2,,0.268332,0.206501,0.324879,0.027226,0.096679,0.076383,,1396600,,
1,1,,0.205087,0.573666,0.058496,0.00783,0.11102,0.043902,,1389500,,
1,1,,0.267587,0.493666,0.075996,0.00783,0.11102,0.043902,,1388300,,
1,1,,0.205087,0.593666,0.038496,0.00783,0.11102,0.043902,,1401200,,
1,1,,0.205087,0.573666,0.058496,0.00783,0.11102,0.043902,,1380000,,
1,1,,0.193321,0.495241,0.09387,0.016077,0.120791,0.0807,,1392800,,
1,1,,0.205087,0.593666,0.038496,0.00783,0.11102,0.043902,,1398500,,
1,1,,0.205087,0.593666,0.038496,0.00783,0.11102,0.043902,,1394600,,
1,1,,0.205087,0.593666,0.038496,0.00783,0.11102,0.043902,,1386900,,
1,1,,0.205087,0.593666,0.038496,0.00783,0.11102,0.043902,,1396600,,
1,1,,0.205087,0.573666,0.058496,0.00783,0.11102,0.043902,,1391300,,
1,2,,0.229762,0.243634,0.282946,0.027777,0.094216,0.121665,,1411900,,
1,1,,0.229495,0.493666,0.113035,0.008883,0.11102,0.043902,,1395000,,
1,1,,0.205468,0.58016,0.038496,0.008846,0.112688,0.054343,,1395400,,
1,1,,0.205087,0.593666,0.038496,0.00783,0.11102,0.043902,,1394200,,
1,1,,0.205087,0.593666,0.038496,0.00783,0.11102,0.043902,,1393100,,
1,2,,0.163835,0.143406,0.487934,0.027913,0.078902,0.09801,,1398500,,
1,2,,0.213892,0.165936,0.39578,0.035698,0.095357,0.093337,,1401000,,
1,1,,0.208144,0.544601,0.06282,0.009507,0.120435,0.054493,,1388300,,
1,1,,0.296943,0.304438,0.194769,0.018302,0.114855,0.070693,,1396200,,
1,1,,0.224687,0.485342,0.103067,0.009877,0.122533,0.054493,,1394300,,
1,2,,0.254299,0.129715,0.46634,0.022098,0.075256,0.052293,,1394100,,
1,1,,0.225087,0.553666,0.038496,0.00783,0.13102,0.043902,,1400200,,
1,1,,0.205087,0.593666,0.038496,0.00783,0.11102,0.043902,,1389300,,
1,1,,0.28314,0.434443,0.096264,0.013968,0.108549,0.063635,,1392900,,
1,1,,0.205468,0.58016,0.038496,0.008846,0.112688,0.054343,,1388800,,
1,2,,0.066365,0.07559,0.734682,0.038499,0.024423,0.060442,,1392900,,
1,1,,0.290675,0.422383,0.127417,0.009391,0.10618,0.043954,,1405800,,
1,1,,0.205087,0.593666,0.038496,0.00783,0.11102,0.043902,,1387800,,
1,2,,0.070848,0.004106,0.75081,0.060055,0.028732,0.085448,,1393600,,
1,1,,0.29869,0.318597,0.205891,0.012953,0.110004,0.053865,,1391000,,
1,1,,0.205468,0.58016,0.038496,0.008846,0.112688,0.054343,,1393400,,
1,1,,0.243825,0.255781,0.209673,0.023546,0.146712,0.120463,,1419200,,
1,1,,0.290796,0.422383,0.126662,0.009905,0.10624,0.044014,,1389000,,
1,1,,0.205087,0.593666,0.038496,0.00783,0.11102,0.043902,,1396600,,
1,1,,0.2037,0.564601,0.057264,0.009507,0.110435,0.054493,,1390900,,
1,2,,0.254753,0.232742,0.32269,0.021021,0.100127,0.068668,,1394100,,
1,1,,0.2037,0.544601,0.077264,0.009507,0.110435,0.054493,,1395400,,
1,0,,0.323634,0.276817,0.207481,0.019416,0.10394,0.068712,,1393000,,
1,1,,0.205087,0.573666,0.058496,0.00783,0.11102,0.043902,,1390900,,
1,1,,0.205468,0.56016,0.058496,0.008846,0.112688,0.054343,,1386500,,
2,2,,0.069028,0.02007,0.857099,0.035256,0.005634,0.012914,,1394700,,
2,2,,0.069028,0.02007,0.857099,0.035256,0.005634,0.012914,,1401600,,
2,2,,0.069028,0.02007,0.857099,0.035256,0.005634,0.012914,,1403500,,
2,2,,0.069028,0.02007,0.857099,0.035256,0.005634,0.012914,,1391400,,
2,2,,0.047514,0.003147,0.821114,0.049767,0.021135,0.057324,,1399300,,
2,2,,0.069028,0.02007,0.857099,0.035256,0.005634,0.012914,,1391800,,
2,2,,0.069028,0.02007,0.857099,0.035256,0.005634,0.012914,,1392200,,
2,2,,0.069028,0.02007,0.857099,0.035256,0.005634,0.012914,,1391200,,
2,2,,0.069028,0.02007,0.857099,0.035256,0.005634,0.012914,,1376900,,
2,2,,0.069028,0.02007,0.857099,0.035256,0.005634,0.012914,,1387000,,
2,2,,0.069028,0.02007,0.857099,0.035256,0.005634,0.012914,,1389800,,
2,2,,0.069028,0.02007,0.857099,0.035256,0.005634,0.012914,,1396900,,
2,2,,0.069028,0.02007,0.857099,0.035256,0.005634,0.012914,,1387700,,
2,2,,0.069028,0.02007,0.857099,0.035256,0.005634,0.012914,,1405500,,
2,2,,0.069028,0.02007,0.857099,0.035256,0.005634,0.012914,,1389900,,
2,2,,0.069028,0.02007,0.857099,0.035256,0.005634,0.012914,,1386600,,
2,2,,0.069028,0.02007,0.857099,0.035256,0.005634,0.012914,,1400600,,
2,2,,0.069028,0.02007,0.857099,0.035256,0.005634,0.012914,,1386600,,
2,2,,0.069028,0.02007,0.857099,0.035256,0.005634,0.012914,,1388800,,
2,2,,0.051253,0.006862,0.824811,0.049848,0.018471,0.048755,,1389600,,
2,2,,0.069028,0.02007,0.857099,0.035256,0.005634,0.012914,,1390000,,
2,2,,0.069028,0.02007,0.857099,0.035256,0.005634,0.012914,,1394700,,
2,2,,0.04673,0.003147,0.812099,0.057358,0.021076,0.059591,,1395600,,
2,2,,0.069028,0.02007,0.857099,0.035256,0.005634,0.012914,,1386600,,
2,2,,0.069028,0.02007,0.857099,0.035256,0.005634,0.012914,,1410400,,
2,2,,0.069028,0.02007,0.857099,0.035256,0.005634,0.012914,,1389600,,
2,2,,0.069028,0.02007,0.857099,0.035256,0.005634,0.012914,,1394700,,
2,2,,0.069028,0.02007,0.857099,0.035256,0.005634,0.012914,,1391500,,
2,2,,0.069028,0.02007,0.857099,0.035256,0.005634,0.012914,,1391000,,
2,2,,0.064504,0.016354,0.844387,0.042767,0.008239,0.023749,,1389300,,
2,2,,0.069028,0.02007,0.857099,0.035256,0.005634,0.012914,,1389000,,
2,2,,0.058359,0.012507,0.834243,0.050787,0.01072,0.033384,,1396700,,
2,2,,0.069028,0.02007,0.857099,0.035256,0.005634,0.012914,,1388600,,
2,2,,0.069028,0.02007,0.857099,0.035256,0.005634,0.012914,,1387300,,
2,2,,0.069028,0.02007,0.857099,0.035256,0.005634,0.012914,,1408600,,
2,2,,0.069028,0.02007,0.857099,0.035256,0.005634,0.012914,,1389500,,
2,2,,0.069028,0.02007,0.857099,0.035256,0.005634,0.012914,,1393800,,
2,2,,0.069028,0.02007,0.857099,0.035256,0.005634,0.012914,,1391600,,
2,2,,0.069028,0.02007,0.857099,0.035256,0.005634,0.012914,,1390800,,
2,2,,0.069028,0.02007,0.857099,0.035256,0.005634,0.012914,,1391000,,
2,2,,0.069028,0.02007,0.857099,0.035256,0.005634,0.012914,,1396900,,
2,2,,0.069028,0.02007,0.857099,0.035256,0.005634,0.012914,,1398300,,
2,2,,0.069028,0.02007,0.857099,0.035256,0.005634,0.012914,,1393000,,
2,2,,0.069028,0.02007,0.857099,0.035256,0.005634,0.012914,,1391900,,
2,2,,0.069028,0.02007,0.857099,0.035256,0.005634,0.012914,,1388900,,
2,2,,0.069028,0.02007,0.857099,0.035256,0.005634,0.012914,,1408800,,
2,2,,0.069028,0.02007,0.857099,0.035256,0.005634,0.012914,,1396000,,
2,2,,0.059143,0.012507,0.843259,0.043196,0.010778,0.031117,,1394200,,
2,2,,0.063617,0.016223,0.849012,0.040709,0.008173,0.022266,,1394800,,
2,2,,0.069028,0.02007,0.857099,0.035256,0.005634,0.012914,,1389500,,
2,2,,0.069028,0.02007,0.857099,0.035256,0.005634,0.012914,,1391900,,
2,2,,0.062882,0.016223,0.846955,0.043277,0.008115,0.022548,,1401300,,
2,2,,0.069028,0.02007,0.857099,0.035256,0.005634,0.012914,,1390400,,
2,2,,0.069028,0.02007,0.857099,0.035256,0.005634,0.012914,,1386100,,
2,2,,0.069028,0.02007,0.857099,0.035256,0.005634,0.012914,,1389700,,
2,2,,0.069028,0.02007,0.857099,0.035256,0.005634,0.012914,,1388000,,
2,2,,0.105461,0.00804,0.637435,0.094497,0.055551,0.099014,,1410300,,
2,2,,0.069028,0.02007,0.857099,0.035256,0.005634,0.012914,,1391500,,
2,2,,0.069028,0.02007,0.857099,0.035256,0.005634,0.012914,,1392400,,
2,2,,0.069028,0.02007,0.857099,0.035256,0.005634,0.012914,,1387900,,
2,2,,0.073151,0.016415,0.82663,0.048423,0.009568,0.025813,,1385300,,
2,2,,0.058359,0.012507,0.834243,0.050787,0.01072,0.033384,,1393900,,
2,2,,0.069028,0.02007,0.857099,0.035256,0.005634,0.012914,,1395200,,
2,2,,0.069028,0.02007,0.857099,0.035256,0.005634,0.012914,,1388700,,
2,2,,0.069028,0.02007,0.857099,0.035256,0.005634,0.012914,,1387200,,
2,2,,0.064504,0.016354,0.844387,0.042767,0.008239,0.023749,,1393600,,
2,2,,0.04673,0.003147,0.812099,0.057358,0.021076,0.059591,,1396700,,
2,2,,0.064504,0.016354,0.844387,0.042767,0.008239,0.023749,,1418200,,
2,2,,0.069028,0.02007,0.857099,0.035256,0.005634,0.012914,,1385900,,
2,2,,0.059143,0.012507,0.843259,0.043196,0.010778,0.031117,,1389700,,
2,2,,0.069028,0.02007,0.857099,0.035256,0.005634,0.012914,,1388300,,
2,2,,0.069028,0.02007,0.857099,0.035256,0.005634,0.012914,,1393600,,
2,2,,0.069028,0.02007,0.857099,0.035256,0.005634,0.012914,,1396600,,
2,2,,0.069028,0.02007,0.857099,0.035256,0.005634,0.012914,,1397600,,
2,2,,0.069028,0.02007,0.857099,0.035256,0.005634,0.012914,,1389300,,
2,2,,0.069028,0.02007,0.857099,0.035256,0.005634,0.012914,,1389400,,
2,2,,0.069028,0.02007,0.857099,0.035256,0.005634,0.012914,,1404100,,
2,2,,0.069028,0.02007,0.857099,0.035256,0.005634,0.012914,,1411000,,
2,2,,0.069028,0.02007,0.857099,0.035256,0.005634,0.012914,,1386400,,
2,2,,0.069028,0.02007,0.857099,0.035256,0.005634,0.012914,,1388200,,
2,2,,0.069028,0.02007,0.857099,0.035256,0.005634,0.012914,,1396200,,
2,2,,0.069028,0.02007,0.857099,0.035256,0.005634,0.012914,,1393700,,
2,2,,0.069028,0.02007,0.857099,0.035256,0.005634,0.012914,,1388200,,
2,2,,0.069028,0.02007,0.857099,0.035256,0.005634,0.012914,,1385700,,
2,2,,0.069028,0.02007,0.857099,0.035256,0.005634,0.012914,,1386900,,
2,2,,0.069028,0.02007,0.857099,0.035256,0.005634,0.012914,,1391300,,
2,2,,0.069028,0.02007,0.857099,0.035256,0.005634,0.012914,,1393900,,
2,2,,0.069028,0.02007,0.857099,0.035256,0.005634,0.012914,,1389100,,
2,2,,0.069028,0.02007,0.857099,0.035256,0.005634,0.012914,,1397000,,
2,2,,0.063617,0.016223,0.849012,0.040709,0.008173,0.022266,,1377000,,
2,2,,0.064554,0.016354,0.851346,0.037743,0.008239,0.021765,,1385700,,
2,2,,0.069028,0.02007,0.857099,0.035256,0.005634,0.012914,,1391200,,
2,2,,0.069028,0.02007,0.857099,0.035256,0.005634,0.012914,,1383400,,
2,2,,0.062882,0.016223,0.846955,0.043277,0.008115,0.022548,,1390200,,
2,2,,0.069028,0.02007,0.857099,0.035256,0.005634,0.012914,,1395200,,
2,2,,0.04673,0.003147,0.812099,0.057358,0.021076,0.059591,,1393500,,
2,2,,0.069028,0.02007,0.857099,0.035256,0.005634,0.012914,,1409700,,
2,2,,0.074196,0.016415,0.822896,0.050321,0.00975,0.026421,,1410400,,
2,2,,0.058359,0.012507,0.834243,0.050787,0.01072,0.033384,,1389200,,
2,2,,0.047514,0.003147,0.821114,0.049767,0.021135,0.057324,,1414400,,
2,2,,0.047514,0.003147,0.821114,0.049767,0.021135,0.057324,,1392800,,
2,2,,0.069028,0.02007,0.857099,0.035256,0.005634,0.012914,,1395100,,
2,2,,0.059143,0.012507,0.843259,0.043196,0.010778,0.031117,,1386000,,
2,2,,0.069028,0.02007,0.857099,0.035256,0.005634,0.012914,,1389700,,
2,2,,0.069028,0.02007,0.857099,0.035256,0.005634,0.012914,,1393200,,
2,2,,0.069028,0.02007,0.857099,0.035256,0.005634,0.012914,,1389200,,
2,2,,0.069028,0.02007,0.857099,0.035256,0.005634,0.012914,,1398700,,
2,2,,0.067764,0.016363,0.844134,0.041021,0.008453,0.022266,,1387400,,
2,2,,0.069028,0.02007,0.857099,0.035256,0.005634,0.012914,,1424700,,
2,2,,0.069028,0.02007,0.857099,0.035256,0.005634,0.012914,,1387800,,
2,2,,0.069028,0.02007,0.857099,0.035256,0.005634,0.012914,,1413500,,
2,2,,0.069028,0.02007,0.857099,0.035256,0.005634,0.012914,,1394800,,
2,2,,0.047465,0.003147,0.814155,0.05479,0.021135,0.059308,,1392300,,
2,2,,0.069028,0.02007,0.857099,0.035256,0.005634,0.012914,,1387400,,
2,2,,0.069028,0.02007,0.857099,0.035256,0.005634,0.012914,,1387300,,
2,2,,0.069028,0.02007,0.857099,0.035256,0.005634,0.012914,,1387500,,
2,2,,0.069028,0.02007,0.857099,0.035256,0.005634,0.012914,,1392500,,
2,2,,0.069028,0.02007,0.857099,0.035256,0.005634,0.012914,,1391300,,
2,2,,0.04673,0.003147,0.812099,0.057358,0.021076,0.059591,,1390900,,
2,2,,0.069028,0.02007,0.857099,0.035256,0.005634,0.012914,,1388200,,
2,2,,0.069028,0.02007,0.857099,0.035256,0.005634,0.012914,,1417000,,
2,2,,0.069028,0.02007,0.857099,0.035256,0.005634,0.012914,,1395200,,
2,2,,0.069028,0.02007,0.857099,0.035256,0.005634,0.012914,,1388000,,
2,2,,0.052925,0.006994,0.829201,0.044314,0.018595,0.047972,,1394500,,
2,2,,0.069028,0.02007,0.857099,0.035256,0.005634,0.012914,,1377700,,
2,2,,0.069028,0.02007,0.857099,0.035256,0.005634,0.012914,,1400700,,
