wall-following,CWE,test,1,NANOSECONDS,PREDICTIONS, Generated by ClassifierExperiments.java on 2022-05-17 03:04:26.    SYSTEMPROPERTIES:{user.name:matth,os.arch:amd64,os.name:Windows 10},ENDSYSTEMPROPERTIES
No parameter info
0.5791399817017383,865325200,1281662700,-1,0,4,,-1,-1
0,0,,0.372209,0.229982,0.247594,0.150215,,1808500,,
0,2,,0.168205,0.140414,0.659066,0.032315,,1614500,,
0,0,,0.583133,0.154823,0.195465,0.066579,,1430200,,
0,0,,0.597091,0.202634,0.157102,0.043172,,1451600,,
0,2,,0.195351,0.097772,0.642271,0.064605,,1611300,,
0,0,,0.413794,0.271328,0.232327,0.082551,,1127500,,
0,0,,0.442152,0.263421,0.275728,0.018699,,1112000,,
0,0,,0.539876,0.20772,0.204666,0.047739,,1113000,,
0,2,,0.205122,0.121417,0.653543,0.019918,,1107500,,
0,2,,0.241909,0.097875,0.618894,0.041322,,1106200,,
0,0,,0.49473,0.225397,0.243911,0.035962,,1194200,,
0,2,,0.245858,0.102586,0.588482,0.063074,,1127700,,
0,2,,0.236531,0.087889,0.564604,0.110975,,1129400,,
0,2,,0.221578,0.116561,0.628592,0.033268,,1127500,,
0,0,,0.468367,0.259957,0.197699,0.073977,,1133900,,
0,2,,0.243297,0.078159,0.640379,0.038164,,1126500,,
0,0,,0.486081,0.248403,0.199962,0.065554,,1164300,,
0,2,,0.315513,0.096215,0.563445,0.024827,,1135200,,
0,2,,0.204621,0.100267,0.678134,0.016978,,1129500,,
0,2,,0.22558,0.094272,0.606999,0.073149,,1124900,,
0,0,,0.526276,0.22772,0.198266,0.047739,,1128400,,
0,0,,0.458769,0.243578,0.229616,0.068037,,1134400,,
0,0,,0.389765,0.309403,0.262018,0.038813,,1132500,,
0,2,,0.226518,0.143686,0.593584,0.036212,,1126900,,
0,0,,0.415212,0.273257,0.241318,0.070213,,1158200,,
0,0,,0.453102,0.268358,0.237013,0.041526,,1135700,,
0,0,,0.525925,0.205387,0.200589,0.068099,,1126300,,
0,0,,0.444371,0.302937,0.233205,0.019487,,1131700,,
0,0,,0.402074,0.302086,0.252234,0.043606,,1134700,,
0,2,,0.236531,0.087889,0.564604,0.110975,,1148700,,
0,2,,0.290516,0.129529,0.483151,0.096804,,1124800,,
0,0,,0.533481,0.206163,0.190806,0.06955,,1115700,,
0,0,,0.561073,0.176035,0.195568,0.067324,,1124900,,
0,2,,0.242988,0.101179,0.527793,0.12804,,1110500,,
0,0,,0.561132,0.174708,0.21644,0.04772,,1118600,,
0,2,,0.23064,0.127215,0.594134,0.04801,,1113900,,
0,0,,0.450564,0.259542,0.248367,0.041527,,1123100,,
0,0,,0.408181,0.288399,0.242101,0.061318,,1121900,,
0,0,,0.646503,0.13687,0.148231,0.068396,,1147500,,
0,2,,0.314231,0.157031,0.411973,0.116766,,1110600,,
0,2,,0.272529,0.124212,0.565234,0.038025,,1136900,,
0,2,,0.255773,0.105342,0.510845,0.12804,,1148900,,
0,2,,0.208586,0.098894,0.625678,0.066843,,1133300,,
0,0,,0.385341,0.255887,0.316325,0.042446,,1130400,,
0,2,,0.209003,0.109104,0.647318,0.034575,,1117500,,
0,0,,0.406085,0.292021,0.25029,0.051604,,1123300,,
0,2,,0.384663,0.128257,0.41129,0.07579,,1122600,,
0,2,,0.276012,0.165123,0.52084,0.038025,,1121700,,
0,0,,0.381405,0.249107,0.331462,0.038025,,1124500,,
0,2,,0.236494,0.087853,0.552794,0.122859,,1122800,,
0,0,,0.453931,0.210069,0.245818,0.090182,,1117300,,
0,0,,0.612585,0.174607,0.165087,0.04772,,1120700,,
0,0,,0.442148,0.329703,0.188103,0.040046,,1141800,,
0,0,,0.401523,0.288523,0.221427,0.088526,,1122100,,
0,2,,0.195969,0.097716,0.665746,0.040569,,1120700,,
0,0,,0.464766,0.245047,0.248734,0.041453,,1130000,,
0,2,,0.284357,0.087453,0.603064,0.025125,,1138400,,
0,0,,0.386469,0.250164,0.242793,0.120574,,1122700,,
0,2,,0.186148,0.100081,0.65019,0.063581,,1120600,,
0,0,,0.485382,0.197714,0.242909,0.073995,,1124100,,
0,2,,0.344413,0.252819,0.361808,0.040961,,1115700,,
0,0,,0.490792,0.230133,0.232642,0.046433,,1118200,,
0,2,,0.257226,0.065515,0.625079,0.05218,,1123500,,
0,0,,0.491612,0.197953,0.269589,0.040846,,1122000,,
0,2,,0.342693,0.269059,0.349153,0.039095,,1132700,,
0,0,,0.472116,0.281275,0.217392,0.029218,,1126400,,
0,0,,0.512144,0.243873,0.210756,0.033227,,1130600,,
0,0,,0.395478,0.203511,0.3531,0.047912,,1122400,,
0,2,,0.236531,0.087889,0.564604,0.110975,,1120700,,
0,2,,0.208476,0.101967,0.65795,0.031607,,1132400,,
0,0,,0.570439,0.13045,0.252339,0.046771,,1124100,,
0,2,,0.178972,0.099451,0.673292,0.048284,,1119900,,
0,0,,0.509016,0.217119,0.217253,0.056611,,1141100,,
0,2,,0.197761,0.076872,0.665868,0.059499,,1125300,,
0,0,,0.491412,0.2188,0.231501,0.058288,,1117600,,
0,0,,0.392542,0.286852,0.261019,0.059587,,1118200,,
0,2,,0.17873,0.102306,0.664593,0.054371,,1120200,,
0,2,,0.262925,0.098646,0.579701,0.058729,,1122400,,
0,0,,0.399657,0.211573,0.34962,0.03915,,1128200,,
0,0,,0.484735,0.281847,0.200494,0.032924,,1122000,,
0,0,,0.491426,0.188514,0.274433,0.045627,,1165700,,
0,2,,0.223219,0.084764,0.656349,0.035668,,1135500,,
0,2,,0.194461,0.070425,0.707822,0.027292,,1142700,,
0,2,,0.236531,0.087889,0.564604,0.110975,,1123200,,
0,0,,0.520096,0.207812,0.21412,0.057973,,1132500,,
0,0,,0.450744,0.213286,0.270815,0.065155,,1133900,,
0,2,,0.257566,0.144659,0.565476,0.032299,,1139600,,
0,2,,0.350687,0.274512,0.354148,0.020653,,1147000,,
0,2,,0.225204,0.142372,0.613584,0.018839,,1128000,,
0,0,,0.529683,0.183545,0.228485,0.058288,,1114800,,
0,0,,0.403994,0.330031,0.226007,0.039968,,1113500,,
0,2,,0.22495,0.08944,0.551784,0.133826,,1114300,,
0,0,,0.418556,0.211075,0.297129,0.073241,,1104500,,
0,0,,0.584349,0.177011,0.192061,0.046579,,1112600,,
0,2,,0.209417,0.082191,0.612802,0.09559,,1159200,,
0,2,,0.208476,0.101967,0.65795,0.031607,,1103900,,
0,0,,0.433127,0.148965,0.290307,0.127601,,1131000,,
0,2,,0.26004,0.111914,0.590021,0.038025,,1104900,,
0,0,,0.484485,0.228315,0.216597,0.070603,,1111200,,
0,0,,0.462403,0.163494,0.237797,0.136306,,1116000,,
0,2,,0.297222,0.106758,0.558602,0.037418,,1107100,,
0,2,,0.236531,0.087889,0.564604,0.110975,,1112600,,
0,2,,0.236307,0.149673,0.569002,0.045017,,1111700,,
0,2,,0.287982,0.131109,0.45037,0.130539,,1119000,,
0,0,,0.420939,0.201786,0.287412,0.089863,,1117400,,
0,0,,0.432598,0.285456,0.24042,0.041526,,1120500,,
0,2,,0.248509,0.102647,0.589035,0.059809,,1109500,,
0,0,,0.498509,0.273355,0.182509,0.045627,,1137000,,
0,2,,0.217612,0.129892,0.586439,0.066057,,1138900,,
0,0,,0.410645,0.221308,0.321143,0.046904,,1152900,,
0,2,,0.212634,0.083831,0.564115,0.13942,,1125600,,
0,2,,0.214864,0.084956,0.598866,0.101314,,1122400,,
0,0,,0.590676,0.170099,0.180791,0.058434,,1138200,,
0,0,,0.449242,0.246473,0.233228,0.071056,,1135500,,
0,2,,0.318442,0.09924,0.387446,0.194871,,1136600,,
0,0,,0.445029,0.239615,0.273576,0.041779,,1133900,,
0,2,,0.273157,0.11871,0.353741,0.254392,,1131300,,
0,2,,0.249624,0.117332,0.591095,0.04195,,1143800,,
0,2,,0.28002,0.103171,0.530894,0.085915,,1141500,,
0,2,,0.178517,0.069249,0.687093,0.065141,,1132300,,
0,2,,0.184438,0.083406,0.672294,0.059862,,1133000,,
0,0,,0.378912,0.289834,0.290979,0.040274,,1140900,,
0,2,,0.212591,0.082097,0.581815,0.123497,,1151900,,
0,2,,0.309535,0.102943,0.52126,0.066262,,1143100,,
0,0,,0.427624,0.360515,0.193426,0.018435,,1132900,,
0,2,,0.328226,0.202637,0.345141,0.123996,,1130900,,
0,2,,0.203228,0.14189,0.606415,0.048468,,1119800,,
0,0,,0.491426,0.188514,0.274433,0.045627,,1126500,,
0,0,,0.488784,0.282073,0.20511,0.024034,,1117300,,
0,0,,0.349517,0.247537,0.343541,0.059404,,1124400,,
0,0,,0.392542,0.286852,0.261019,0.059587,,1123500,,
0,2,,0.331796,0.102658,0.50983,0.055717,,1115700,,
0,0,,0.43111,0.234842,0.292748,0.0413,,1121600,,
0,2,,0.247801,0.083272,0.620739,0.048188,,1124900,,
0,0,,0.497512,0.232782,0.187694,0.082012,,1127800,,
0,0,,0.39999,0.366953,0.190371,0.042686,,1171000,,
0,2,,0.278277,0.122196,0.541984,0.057543,,1116800,,
0,2,,0.223821,0.12785,0.611149,0.037181,,1117300,,
0,0,,0.491645,0.253818,0.212652,0.041886,,1123900,,
0,2,,0.336098,0.090298,0.360579,0.213025,,1122500,,
0,2,,0.231939,0.10333,0.63872,0.026012,,1124100,,
0,0,,0.47715,0.299498,0.203685,0.019667,,1120900,,
0,2,,0.236531,0.087889,0.564604,0.110975,,1112000,,
0,0,,0.467915,0.28545,0.197769,0.048867,,1118300,,
0,2,,0.248185,0.103622,0.494626,0.153567,,1135800,,
0,0,,0.50377,0.140695,0.263182,0.092354,,1121800,,
0,2,,0.232973,0.090591,0.539671,0.136765,,1116700,,
0,0,,0.422148,0.329703,0.208103,0.040046,,1125300,,
0,2,,0.307007,0.157028,0.390336,0.145628,,1146900,,
0,0,,0.4274,0.268806,0.215267,0.088526,,1129200,,
0,0,,0.411064,0.255569,0.24135,0.092017,,1125000,,
0,0,,0.397036,0.342385,0.216734,0.043845,,1129500,,
0,0,,0.548098,0.209042,0.179689,0.063172,,1121700,,
0,2,,0.398067,0.104897,0.412419,0.084617,,1120500,,
0,0,,0.498048,0.280807,0.180299,0.040846,,1116500,,
0,0,,0.564547,0.172465,0.21525,0.047739,,1112000,,
0,2,,0.204215,0.11704,0.656562,0.022183,,1116000,,
0,0,,0.608578,0.169083,0.174241,0.048099,,1109500,,
0,0,,0.470026,0.263606,0.196818,0.06955,,1121600,,
0,2,,0.327149,0.110697,0.506594,0.05556,,1122900,,
0,0,,0.541008,0.204727,0.196053,0.058213,,1116500,,
0,2,,0.159812,0.027906,0.737366,0.074916,,1176200,,
0,0,,0.522861,0.209963,0.219456,0.04772,,1138200,,
0,0,,0.431743,0.159591,0.36266,0.046006,,1110600,,
0,0,,0.424757,0.313737,0.218894,0.042612,,1112300,,
0,0,,0.466354,0.123642,0.33582,0.074184,,1131400,,
0,0,,0.506855,0.273304,0.178994,0.040846,,1115200,,
0,2,,0.236436,0.107112,0.620638,0.035814,,1126200,,
0,0,,0.548684,0.200218,0.20336,0.047739,,1121000,,
0,2,,0.400992,0.112557,0.413689,0.072762,,1129400,,
0,2,,0.294244,0.088248,0.583377,0.034131,,1124100,,
0,0,,0.519398,0.232687,0.203881,0.044034,,1127400,,
0,2,,0.316399,0.113187,0.552767,0.017647,,1119600,,
0,0,,0.411743,0.159591,0.36266,0.066006,,1118800,,
0,2,,0.214131,0.124349,0.642681,0.018839,,1127700,,
0,2,,0.295768,0.115092,0.565175,0.023965,,1155400,,
0,2,,0.203104,0.086127,0.634347,0.076422,,1129700,,
0,0,,0.492644,0.250223,0.204345,0.052788,,1128500,,
0,0,,0.481923,0.144672,0.299368,0.074037,,1133100,,
0,0,,0.442485,0.242698,0.274164,0.040653,,1133500,,
0,0,,0.47069,0.194004,0.233869,0.101436,,1129000,,
0,2,,0.224195,0.125727,0.584068,0.06601,,1124700,,
0,0,,0.442129,0.319885,0.196887,0.041099,,1137200,,
0,0,,0.597091,0.202634,0.157102,0.043172,,1137800,,
0,2,,0.236531,0.087889,0.564604,0.110975,,1122900,,
0,2,,0.268482,0.068768,0.614561,0.048188,,1120800,,
0,2,,0.178517,0.069249,0.687093,0.065141,,1117700,,
0,0,,0.601266,0.148853,0.182557,0.067324,,1129500,,
0,2,,0.293673,0.192192,0.35444,0.159696,,1116600,,
0,0,,0.508011,0.146776,0.299568,0.045645,,1184500,,
0,2,,0.294668,0.218943,0.44227,0.044119,,1138000,,
0,2,,0.274777,0.139643,0.535756,0.049824,,1131900,,
0,0,,0.447638,0.241717,0.250295,0.06035,,1133400,,
0,0,,0.441666,0.215722,0.304587,0.038025,,1131000,,
0,2,,0.195531,0.12526,0.645721,0.033487,,1134100,,
0,0,,0.61857,0.157586,0.175745,0.048099,,1133900,,
0,2,,0.227395,0.145673,0.581495,0.045436,,1142600,,
0,2,,0.254779,0.082622,0.63286,0.029739,,1139400,,
0,0,,0.442148,0.309703,0.208103,0.040046,,1132800,,
0,0,,0.491426,0.188514,0.274433,0.045627,,1129900,,
0,0,,0.512144,0.243873,0.210756,0.033227,,1135300,,
0,0,,0.501555,0.108448,0.292406,0.097591,,1131400,,
0,0,,0.543144,0.186814,0.249996,0.020046,,1151800,,
0,0,,0.403589,0.234842,0.320269,0.0413,,1141100,,
0,2,,0.252697,0.120459,0.594545,0.032299,,1125700,,
0,0,,0.391203,0.33182,0.234856,0.042121,,1121500,,
0,0,,0.535854,0.232885,0.174414,0.056847,,1114100,,
0,2,,0.216254,0.138438,0.625499,0.019808,,1126600,,
0,0,,0.503243,0.195506,0.228415,0.072836,,1119200,,
0,2,,0.233549,0.095943,0.631897,0.038611,,1120900,,
0,2,,0.262925,0.098646,0.579701,0.058729,,1112800,,
0,2,,0.394994,0.119425,0.409791,0.07579,,1123200,,
0,2,,0.232048,0.108872,0.556302,0.102777,,1125400,,
0,2,,0.379943,0.16076,0.418872,0.040425,,1133000,,
0,2,,0.221578,0.116561,0.628592,0.033268,,1119500,,
0,2,,0.306549,0.090466,0.580679,0.022306,,1127000,,
0,2,,0.352783,0.097571,0.472718,0.076928,,1116100,,
0,0,,0.381659,0.227603,0.248014,0.142724,,1141600,,
0,0,,0.491163,0.187625,0.204514,0.116698,,1131800,,
0,0,,0.55241,0.150969,0.253393,0.043228,,1121900,,
0,0,,0.454067,0.305941,0.19243,0.047562,,1127500,,
0,0,,0.428802,0.243007,0.229845,0.098346,,1125000,,
0,0,,0.497309,0.268518,0.1934,0.040773,,1125600,,
0,2,,0.225178,0.097857,0.634878,0.042087,,1119600,,
0,2,,0.32344,0.098812,0.483594,0.094154,,1121500,,
0,2,,0.384663,0.128257,0.41129,0.07579,,1118400,,
0,2,,0.176551,0.109966,0.672227,0.041256,,1123400,,
0,0,,0.473945,0.257033,0.21694,0.052082,,1120600,,
0,0,,0.55416,0.178397,0.200119,0.067324,,1116800,,
0,0,,0.39893,0.245838,0.227416,0.127816,,1139800,,
0,0,,0.573591,0.195104,0.183585,0.04772,,1119500,,
0,2,,0.208586,0.098894,0.625678,0.066843,,1143600,,
0,2,,0.232771,0.131784,0.599233,0.036212,,1130800,,
0,2,,0.253859,0.079025,0.606781,0.060334,,1130400,,
0,2,,0.280373,0.12127,0.509452,0.088905,,1121400,,
0,0,,0.615517,0.157342,0.183527,0.043615,,1121000,,
0,2,,0.335618,0.147278,0.385263,0.131841,,1122000,,
0,0,,0.331555,0.244828,0.257454,0.166163,,1126200,,
0,0,,0.391143,0.324726,0.241446,0.042686,,1122500,,
0,2,,0.20347,0.108919,0.6066,0.081011,,1128700,,
0,0,,0.574847,0.188936,0.189638,0.046579,,1122800,,
0,2,,0.197761,0.096872,0.645868,0.059499,,1114400,,
0,2,,0.215061,0.088739,0.633581,0.062619,,1138800,,
0,2,,0.313112,0.108265,0.513428,0.065194,,1122500,,
0,1,,0.361835,0.366409,0.230795,0.040961,,1123400,,
0,0,,0.465029,0.239615,0.253576,0.041779,,1153500,,
0,0,,0.490251,0.192951,0.244108,0.07269,,1122800,,
0,2,,0.212357,0.075425,0.591172,0.121046,,1122000,,
0,0,,0.479352,0.175115,0.278401,0.067132,,1118700,,
0,2,,0.238064,0.161634,0.567771,0.032531,,1122100,,
0,0,,0.542535,0.211457,0.177618,0.068391,,1127200,,
0,2,,0.216254,0.138438,0.625499,0.019808,,1124900,,
0,0,,0.442148,0.309703,0.208103,0.040046,,1117000,,
0,2,,0.331679,0.224186,0.384731,0.059404,,1124600,,
0,2,,0.214345,0.104771,0.660178,0.020706,,1120300,,
0,0,,0.457601,0.197462,0.304512,0.040425,,1131100,,
0,0,,0.348857,0.308205,0.302966,0.039973,,1117200,,
0,2,,0.242988,0.101179,0.527793,0.12804,,1124700,,
0,0,,0.377508,0.259255,0.25014,0.113097,,1123000,,
0,0,,0.40927,0.24746,0.215454,0.127816,,1123200,,
0,2,,0.156623,0.072664,0.743543,0.02717,,1147000,,
0,0,,0.399698,0.283318,0.227691,0.089293,,1139100,,
0,2,,0.264626,0.102,0.573857,0.059517,,1351600,,
0,0,,0.464089,0.213588,0.206804,0.115519,,1952700,,
0,2,,0.293673,0.192192,0.35444,0.159696,,2005000,,
0,2,,0.255773,0.105342,0.510845,0.12804,,1414700,,
0,0,,0.380924,0.35375,0.221554,0.043772,,1426400,,
0,2,,0.221848,0.109104,0.628911,0.040136,,1380200,,
0,2,,0.306426,0.101054,0.498384,0.094136,,1152000,,
0,2,,0.160684,0.073312,0.702658,0.063346,,1151800,,
0,2,,0.268625,0.116649,0.555323,0.059404,,1132300,,
0,0,,0.561632,0.137952,0.253645,0.046771,,1151000,,
0,2,,0.331796,0.102658,0.50983,0.055717,,1133100,,
0,0,,0.557949,0.177011,0.218461,0.046579,,1142700,,
0,0,,0.405306,0.314359,0.217858,0.062478,,1111600,,
0,2,,0.248095,0.093706,0.591614,0.066584,,1115800,,
0,2,,0.362177,0.098439,0.465462,0.073922,,1119100,,
0,0,,0.389853,0.314245,0.244263,0.05164,,1132300,,
0,0,,0.491426,0.188514,0.274433,0.045627,,1138900,,
0,2,,0.304912,0.094243,0.582086,0.018759,,1176800,,
0,0,,0.354174,0.278309,0.326556,0.040961,,1128500,,
0,0,,0.519876,0.20772,0.224666,0.047739,,1125600,,
0,2,,0.170113,0.069943,0.697256,0.062688,,1130200,,
0,0,,0.354174,0.278309,0.326556,0.040961,,1138700,,
0,0,,0.384209,0.223984,0.351154,0.040653,,1126600,,
0,0,,0.567532,0.174708,0.21004,0.04772,,1134900,,
0,2,,0.231298,0.127662,0.598755,0.042284,,1125000,,
0,2,,0.202532,0.119856,0.645917,0.031695,,1121100,,
0,2,,0.227591,0.097804,0.642997,0.031607,,1128900,,
0,0,,0.457082,0.207593,0.239916,0.095408,,1117700,,
0,2,,0.148017,0.068701,0.755808,0.027473,,1115200,,
0,0,,0.420644,0.155578,0.380172,0.043606,,1118900,,
0,2,,0.167422,0.027906,0.705008,0.099664,,1125400,,
0,0,,0.479578,0.20467,0.274527,0.041225,,1129800,,
0,0,,0.429026,0.326613,0.224766,0.019594,,1125600,,
0,0,,0.487046,0.181546,0.27569,0.055717,,1121800,,
0,2,,0.24495,0.08944,0.551784,0.113826,,1122000,,
0,2,,0.318259,0.085383,0.426618,0.169739,,1127100,,
0,0,,0.39441,0.262,0.228328,0.115261,,1127600,,
0,2,,0.191643,0.113453,0.636124,0.058779,,1124800,,
0,0,,0.379597,0.236789,0.240265,0.143348,,1334600,,
0,0,,0.440956,0.202251,0.277948,0.078845,,1143000,,
0,2,,0.166656,0.054377,0.639217,0.13975,,1135200,,
0,2,,0.172651,0.086911,0.680809,0.059628,,1106300,,
0,2,,0.236494,0.087853,0.552794,0.122859,,1116700,,
0,0,,0.587795,0.167883,0.200823,0.043498,,1122100,,
0,0,,0.511511,0.195348,0.20845,0.08469,,1115100,,
0,0,,0.4834,0.275131,0.188681,0.052788,,1109600,,
0,0,,0.392209,0.209982,0.247594,0.150215,,1109600,,
0,2,,0.205122,0.121417,0.653543,0.019918,,1109600,,
0,2,,0.282438,0.091879,0.597407,0.028276,,1107500,,
0,2,,0.226986,0.108554,0.630794,0.033666,,1104500,,
0,2,,0.22495,0.08944,0.551784,0.133826,,1127200,,
0,2,,0.265811,0.117332,0.581378,0.035479,,1116900,,
0,2,,0.243297,0.078159,0.640379,0.038164,,1115100,,
0,2,,0.34662,0.093581,0.504083,0.055717,,1112300,,
0,0,,0.491426,0.188514,0.274433,0.045627,,1129100,,
0,2,,0.331796,0.102658,0.48983,0.075717,,1124100,,
0,2,,0.222132,0.11373,0.585527,0.078612,,1123700,,
0,0,,0.548539,0.178324,0.193403,0.079733,,1155900,,
0,2,,0.293673,0.192192,0.35444,0.159696,,1121400,,
0,2,,0.231298,0.127662,0.598755,0.042284,,1136600,,
0,2,,0.285828,0.115709,0.547671,0.050793,,1124300,,
0,0,,0.535116,0.214402,0.195012,0.055469,,1122100,,
0,0,,0.477978,0.20067,0.280127,0.041225,,1128100,,
0,2,,0.241706,0.152179,0.567121,0.038994,,1128000,,
0,2,,0.257208,0.104192,0.522624,0.115976,,1125300,,
0,0,,0.526539,0.168153,0.257733,0.047574,,1183600,,
0,2,,0.346378,0.088209,0.504915,0.060498,,1138200,,
0,0,,0.485362,0.251576,0.205865,0.057197,,1135600,,
0,0,,0.459739,0.302862,0.196552,0.040846,,1134700,,
0,0,,0.485382,0.197714,0.242909,0.073995,,1137700,,
0,0,,0.393577,0.254959,0.252415,0.099048,,1163600,,
0,0,,0.568098,0.209042,0.179689,0.043172,,1136800,,
0,0,,0.405769,0.134967,0.371619,0.087645,,1138900,,
0,2,,0.215944,0.092422,0.649199,0.042435,,1138600,,
0,2,,0.315687,0.062027,0.572669,0.049618,,1138200,,
0,0,,0.487403,0.196364,0.260764,0.055469,,1137300,,
0,0,,0.367257,0.243941,0.349989,0.038813,,1138500,,
0,0,,0.479352,0.175115,0.278401,0.067132,,1135800,,
0,0,,0.484522,0.228598,0.245427,0.041453,,1138200,,
0,0,,0.474097,0.185351,0.245126,0.095427,,1134200,,
0,2,,0.227748,0.125727,0.585502,0.061022,,1139600,,
0,0,,0.575342,0.201874,0.174757,0.048026,,1138000,,
0,0,,0.464859,0.245463,0.220312,0.069366,,1136200,,
0,0,,0.53604,0.199875,0.243965,0.020119,,1164200,,
0,0,,0.363365,0.257767,0.270049,0.108819,,1138600,,
0,2,,0.234447,0.101381,0.6298,0.034372,,1135200,,
0,2,,0.252697,0.120459,0.594545,0.032299,,1133400,,
0,2,,0.326426,0.101054,0.478384,0.094136,,1144400,,
0,2,,0.280373,0.14127,0.489452,0.088905,,1129000,,
0,2,,0.168711,0.077132,0.698945,0.055212,,1136600,,
0,0,,0.577599,0.143861,0.229675,0.048865,,1139900,,
0,0,,0.408067,0.361482,0.187766,0.042686,,1138000,,
0,0,,0.340274,0.299034,0.319731,0.040961,,1135400,,
0,2,,0.197428,0.094072,0.67911,0.02939,,1141100,,
0,2,,0.236494,0.087853,0.552794,0.122859,,1136700,,
0,2,,0.318259,0.085383,0.426618,0.169739,,1143100,,
0,0,,0.370375,0.233657,0.237067,0.1589,,1140700,,
0,0,,0.397076,0.338667,0.223295,0.040961,,1142300,,
0,2,,0.19307,0.108833,0.636212,0.061885,,1138600,,
0,2,,0.19173,0.140877,0.640371,0.027023,,1138600,,
0,0,,0.486133,0.247,0.223179,0.043688,,1137400,,
0,2,,0.247973,0.097896,0.631203,0.022927,,1133500,,
0,0,,0.437857,0.26816,0.232457,0.061526,,1141000,,
0,2,,0.293673,0.192192,0.35444,0.159696,,1135900,,
0,0,,0.46409,0.185039,0.25561,0.095262,,1139000,,
0,0,,0.515854,0.212885,0.214414,0.056847,,1138100,,
0,2,,0.26632,0.11954,0.576513,0.037627,,1257900,,
0,2,,0.278832,0.094361,0.599836,0.026972,,1394000,,
0,2,,0.20548,0.082191,0.602214,0.110115,,1401900,,
0,0,,0.491412,0.2188,0.231501,0.058288,,1409600,,
0,0,,0.525854,0.232885,0.184414,0.056847,,1370300,,
0,2,,0.270277,0.099298,0.609424,0.021001,,1167000,,
0,2,,0.214864,0.104956,0.578866,0.101314,,1092700,,
0,0,,0.568098,0.209042,0.179689,0.043172,,1091600,,
0,0,,0.461011,0.186559,0.311003,0.041427,,1092600,,
0,2,,0.198517,0.069249,0.667093,0.065141,,1088600,,
0,2,,0.204783,0.135589,0.622447,0.037181,,1088800,,
0,0,,0.516819,0.181804,0.215421,0.085957,,1093500,,
0,0,,0.396006,0.336595,0.227426,0.039973,,1097100,,
0,2,,0.209086,0.120916,0.606576,0.063422,,1089600,,
0,2,,0.219823,0.105636,0.655591,0.018949,,1094100,,
0,2,,0.327111,0.124624,0.446018,0.102247,,1094400,,
0,2,,0.22347,0.128919,0.5666,0.081011,,1094700,,
0,2,,0.303266,0.109492,0.469276,0.117965,,1093800,,
0,0,,0.401969,0.368226,0.207205,0.0226,,1094600,,
0,0,,0.465019,0.257435,0.210606,0.066939,,1090800,,
0,2,,0.209661,0.076872,0.653967,0.059499,,1094800,,
0,0,,0.451731,0.260105,0.246637,0.041527,,1093500,,
0,2,,0.252502,0.115943,0.581145,0.05041,,1090500,,
0,0,,0.384762,0.343566,0.223681,0.047992,,1095500,,
0,0,,0.615943,0.136064,0.161075,0.086918,,1098500,,
0,2,,0.341537,0.264241,0.355409,0.038813,,1092600,,
0,2,,0.378858,0.119069,0.444721,0.057351,,1092500,,
0,2,,0.231298,0.127662,0.598755,0.042284,,1092500,,
0,2,,0.282438,0.091879,0.597407,0.028276,,1091100,,
0,0,,0.416099,0.126136,0.370121,0.087645,,1097300,,
0,2,,0.234053,0.10094,0.607307,0.0577,,1100700,,
0,0,,0.577599,0.143861,0.229675,0.048865,,1094900,,
0,2,,0.338727,0.149167,0.408139,0.103967,,1091200,,
0,0,,0.566603,0.185177,0.191022,0.057197,,1095400,,
0,2,,0.32344,0.098812,0.483594,0.094154,,1092800,,
0,2,,0.217612,0.129892,0.586439,0.066057,,1092400,,
0,0,,0.603491,0.202634,0.150702,0.043172,,1092000,,
0,0,,0.434137,0.253357,0.293734,0.018773,,1095100,,
0,0,,0.43868,0.316145,0.202489,0.042686,,1089800,,
0,2,,0.143838,0.068501,0.760491,0.02717,,1096600,,
0,0,,0.430905,0.111765,0.372713,0.084617,,1103700,,
0,2,,0.202508,0.046409,0.661891,0.089192,,1099200,,
0,2,,0.233428,0.069557,0.631381,0.065634,,1097700,,
0,0,,0.523722,0.197743,0.257689,0.020846,,1101900,,
0,2,,0.332783,0.117571,0.472718,0.076928,,1103800,,
0,0,,0.499695,0.223102,0.221587,0.055616,,1095100,,
0,2,,0.223636,0.122341,0.620447,0.033576,,1104200,,
0,2,,0.177817,0.053312,0.687203,0.081668,,1100800,,
0,0,,0.442148,0.309703,0.208103,0.040046,,1101200,,
0,0,,0.574111,0.144951,0.230372,0.050566,,1105300,,
0,2,,0.236102,0.129104,0.594658,0.040136,,1092000,,
0,0,,0.373525,0.249175,0.1998,0.1775,,1095700,,
0,0,,0.386673,0.245107,0.330194,0.038025,,1096700,,
0,0,,0.646503,0.13687,0.148231,0.068396,,1096700,,
0,2,,0.220248,0.099393,0.64226,0.038099,,1092400,,
0,2,,0.247412,0.107662,0.609112,0.035814,,1104000,,
0,0,,0.469206,0.187428,0.278633,0.064732,,1129500,,
0,2,,0.328737,0.067453,0.578685,0.025125,,1109700,,
0,0,,0.529475,0.152188,0.271584,0.046753,,1100100,,
0,2,,0.178009,0.123925,0.666693,0.031372,,1103800,,
0,2,,0.228482,0.088768,0.634561,0.048188,,1107000,,
0,0,,0.505426,0.207665,0.199191,0.087718,,1106900,,
0,0,,0.42013,0.096223,0.410885,0.072762,,1104200,,
0,2,,0.287172,0.087391,0.596717,0.02872,,1101200,,
0,0,,0.502378,0.244065,0.180769,0.072788,,1105400,,
0,0,,0.440737,0.241168,0.247329,0.070767,,1106300,,
0,0,,0.452602,0.195871,0.273451,0.078076,,1116000,,
0,2,,0.233872,0.111681,0.623961,0.030486,,1103700,,
0,2,,0.275594,0.142898,0.560855,0.020653,,1115300,,
0,0,,0.372209,0.229982,0.247594,0.150215,,1106400,,
0,0,,0.422148,0.349703,0.188103,0.040046,,1107100,,
0,2,,0.335028,0.090298,0.365445,0.209228,,1110900,,
0,2,,0.179155,0.048501,0.688276,0.084067,,1104200,,
1,2,,0.222736,0.148917,0.609507,0.018839,,1101600,,
1,2,,0.27861,0.147566,0.535011,0.038813,,1108900,,
1,2,,0.304912,0.094243,0.582086,0.018759,,1103400,,
1,2,,0.227396,0.129473,0.621264,0.021867,,1106800,,
1,2,,0.297757,0.165775,0.497655,0.038813,,1103200,,
1,2,,0.222736,0.148917,0.609507,0.018839,,1127700,,
1,2,,0.321935,0.180912,0.47335,0.023804,,1240500,,
1,2,,0.231959,0.112272,0.636142,0.019627,,2551300,,
1,0,,0.418321,0.275146,0.244195,0.062339,,3402000,,
1,2,,0.263536,0.178581,0.513764,0.044119,,2677400,,
1,0,,0.451699,0.265716,0.208178,0.074407,,2476400,,
1,2,,0.276558,0.144222,0.540407,0.038813,,2352600,,
1,2,,0.246709,0.147566,0.566912,0.038813,,2562400,,
1,2,,0.25861,0.147566,0.555011,0.038813,,1409200,,
1,0,,0.458783,0.29463,0.18789,0.058698,,1226000,,
1,2,,0.255709,0.122659,0.583607,0.038025,,1328600,,
1,2,,0.29133,0.20932,0.458389,0.040961,,1220700,,
1,2,,0.254044,0.188957,0.496807,0.060192,,1182700,,
1,2,,0.236338,0.132272,0.611763,0.019627,,1162000,,
1,2,,0.268117,0.1461,0.555632,0.030151,,1462600,,
1,2,,0.31927,0.240106,0.399662,0.040961,,1172100,,
1,2,,0.289896,0.182353,0.509252,0.018498,,1176600,,
1,0,,0.355126,0.261579,0.225794,0.1575,,1171000,,
1,2,,0.273754,0.144659,0.555759,0.025829,,1149300,,
1,2,,0.26318,0.123181,0.591594,0.022045,,1228600,,
1,2,,0.222736,0.148917,0.609507,0.018839,,1471400,,
1,2,,0.327348,0.254635,0.377056,0.040961,,1243000,,
1,0,,0.494121,0.291233,0.181722,0.032924,,1276700,,
1,2,,0.283681,0.262764,0.34904,0.104515,,1276200,,
1,2,,0.279243,0.21265,0.477168,0.030939,,1157600,,
1,0,,0.433803,0.347068,0.188499,0.03063,,1379900,,
1,2,,0.214655,0.116561,0.635515,0.033268,,1175000,,
1,2,,0.334854,0.189735,0.454765,0.020646,,1148600,,
1,2,,0.31927,0.240106,0.399662,0.040961,,1139900,,
1,2,,0.274151,0.202781,0.478949,0.044119,,1142100,,
1,2,,0.236338,0.132272,0.611763,0.019627,,1597500,,
1,2,,0.267978,0.139468,0.553741,0.038813,,2574700,,
1,2,,0.278774,0.141345,0.559228,0.020653,,1433500,,
1,0,,0.406166,0.363705,0.204816,0.025314,,1171100,,
1,2,,0.319466,0.250643,0.394434,0.035457,,1185700,,
1,2,,0.341521,0.28253,0.342862,0.033087,,1344600,,
1,2,,0.337267,0.234635,0.383979,0.044119,,1179600,,
1,2,,0.278774,0.141345,0.559228,0.020653,,1157900,,
1,0,,0.370946,0.299404,0.241017,0.088632,,1152700,,
1,2,,0.279243,0.21265,0.477168,0.030939,,1168900,,
1,2,,0.283489,0.16743,0.376783,0.172299,,1154000,,
1,2,,0.206824,0.124771,0.647699,0.020706,,1212000,,
1,2,,0.226612,0.131716,0.624987,0.016684,,1192300,,
1,2,,0.227502,0.10786,0.644868,0.01977,,1151200,,
1,2,,0.239167,0.142166,0.587547,0.03112,,1165700,,
1,2,,0.218837,0.105863,0.638089,0.037212,,1143300,,
1,2,,0.208106,0.129739,0.632849,0.029307,,1195900,,
1,0,,0.415528,0.334176,0.202171,0.048125,,1197600,,
1,2,,0.235333,0.1762,0.527306,0.061161,,1154400,,
1,2,,0.251824,0.146124,0.557932,0.044119,,1146500,,
1,2,,0.256908,0.144212,0.560855,0.038025,,1156700,,
1,2,,0.273922,0.215046,0.477945,0.033087,,1141700,,
1,2,,0.304429,0.227767,0.423685,0.044119,,1140000,,
1,2,,0.280088,0.142659,0.539228,0.038025,,1143000,,
1,2,,0.236338,0.132272,0.611763,0.019627,,1148700,,
1,2,,0.319466,0.250643,0.394434,0.035457,,1154900,,
1,2,,0.248188,0.142659,0.571128,0.038025,,1134000,,
1,2,,0.248303,0.144643,0.556529,0.050525,,1136500,,
1,2,,0.266786,0.1207,0.589165,0.023349,,1136600,,
1,0,,0.368804,0.301547,0.241017,0.088632,,1199600,,
1,2,,0.315014,0.158053,0.503981,0.022953,,1147900,,
1,0,,0.419344,0.339025,0.212054,0.029578,,1148700,,
1,2,,0.236338,0.132272,0.611763,0.019627,,1141100,,
1,2,,0.274668,0.218943,0.46227,0.044119,,1143800,,
1,2,,0.234363,0.140725,0.591644,0.033268,,1138500,,
1,0,,0.449426,0.266025,0.221941,0.062608,,1149200,,
1,2,,0.26179,0.146013,0.553384,0.038813,,1141200,,
1,0,,0.417888,0.344174,0.21344,0.024498,,1174400,,
1,2,,0.304429,0.227767,0.423685,0.044119,,1135900,,
1,0,,0.438814,0.254554,0.225401,0.081231,,1142400,,
1,2,,0.266786,0.1207,0.589165,0.023349,,1136900,,
1,0,,0.36584,0.364175,0.227299,0.042686,,1140700,,
1,0,,0.418701,0.334272,0.20814,0.038887,,1154300,,
1,2,,0.236338,0.132272,0.611763,0.019627,,1163200,,
1,2,,0.292501,0.255839,0.424913,0.026747,,1140600,,
1,2,,0.278774,0.141345,0.559228,0.020653,,1138700,,
1,2,,0.245917,0.113982,0.597796,0.042306,,1165000,,
1,0,,0.405966,0.335368,0.234168,0.024498,,1153800,,
1,2,,0.221578,0.116561,0.628592,0.033268,,1141500,,
1,0,,0.419344,0.362358,0.18872,0.029578,,1146200,,
1,2,,0.257566,0.144659,0.565476,0.032299,,1144700,,
1,2,,0.29743,0.201584,0.366262,0.134723,,1136800,,
1,2,,0.251824,0.166124,0.537932,0.044119,,1141700,,
1,2,,0.264052,0.194743,0.497085,0.044119,,1142800,,
1,2,,0.21192,0.12785,0.623049,0.037181,,1137800,,
1,2,,0.343571,0.177705,0.416458,0.062266,,1149500,,
1,2,,0.279243,0.21265,0.477168,0.030939,,1243600,,
1,0,,0.441182,0.315792,0.213718,0.029308,,1274700,,
1,0,,0.417617,0.28833,0.226239,0.067814,,1150600,,
1,2,,0.280937,0.164222,0.516028,0.038813,,1159300,,
1,2,,0.325609,0.197074,0.456671,0.020646,,1134900,,
1,2,,0.263313,0.144659,0.559729,0.032299,,1130200,,
1,0,,0.413522,0.320658,0.219,0.046821,,1133700,,
1,2,,0.29451,0.227767,0.436762,0.040961,,1128300,,
1,2,,0.234637,0.128917,0.617606,0.018839,,1130700,,
1,2,,0.279243,0.21265,0.477168,0.030939,,1131800,,
1,2,,0.200963,0.126408,0.614069,0.058559,,1132300,,
1,2,,0.266786,0.1207,0.589165,0.023349,,1129000,,
1,0,,0.360527,0.320526,0.276261,0.042686,,1140900,,
1,0,,0.512144,0.243873,0.210756,0.033227,,1177200,,
1,2,,0.302677,0.252578,0.333759,0.110986,,1136100,,
1,0,,0.371049,0.322344,0.263921,0.042686,,1133400,,
1,2,,0.26318,0.103181,0.611594,0.022045,,1133700,,
1,2,,0.266831,0.144659,0.562682,0.025829,,1134700,,
1,2,,0.319265,0.223654,0.41612,0.040961,,1140400,,
1,0,,0.45993,0.27101,0.206452,0.062608,,1136100,,
1,0,,0.432654,0.318996,0.200348,0.048002,,1136800,,
1,2,,0.231959,0.112272,0.636142,0.019627,,1137400,,
1,0,,0.355126,0.261579,0.225794,0.1575,,1143300,,
1,2,,0.260088,0.142659,0.559228,0.038025,,1134000,,
1,0,,0.448818,0.310683,0.207576,0.032924,,1139000,,
1,0,,0.394069,0.35374,0.226878,0.025314,,1137900,,
1,2,,0.274597,0.222385,0.466773,0.036245,,1159100,,
1,2,,0.236338,0.132272,0.611763,0.019627,,1133700,,
1,2,,0.273993,0.191604,0.493441,0.040961,,1129400,,
1,2,,0.291215,0.122898,0.565234,0.020653,,1135900,,
1,0,,0.398282,0.254752,0.308153,0.038813,,1133800,,
1,2,,0.280937,0.164222,0.516028,0.038813,,1133700,,
1,2,,0.28274,0.247015,0.443498,0.026747,,1131500,,
1,0,,0.45993,0.272344,0.205118,0.062608,,1134600,,
1,2,,0.202664,0.129763,0.608226,0.059347,,1132500,,
1,0,,0.433803,0.343735,0.191833,0.03063,,1152500,,
1,2,,0.236338,0.132272,0.611763,0.019627,,1136100,,
1,2,,0.204997,0.12785,0.629972,0.037181,,1133700,,
1,2,,0.299265,0.223654,0.43612,0.040961,,1136900,,
1,2,,0.248188,0.162659,0.551128,0.038025,,1142300,,
1,2,,0.277102,0.193493,0.496318,0.033087,,1127400,,
1,2,,0.248188,0.162659,0.551128,0.038025,,1091900,,
1,2,,0.239167,0.142166,0.587547,0.03112,,1090600,,
1,2,,0.29133,0.22932,0.438389,0.040961,,1111100,,
1,2,,0.265395,0.146252,0.566912,0.021441,,1085000,,
1,2,,0.282146,0.141716,0.545991,0.030147,,1088800,,
1,2,,0.322374,0.225542,0.418996,0.033087,,1090100,,
1,2,,0.327348,0.254635,0.377056,0.040961,,1091000,,
1,2,,0.27861,0.147566,0.535011,0.038813,,1095800,,
1,2,,0.289896,0.182353,0.509252,0.018498,,1090300,,
1,2,,0.296819,0.182353,0.502329,0.018498,,1087600,,
1,2,,0.236338,0.132272,0.611763,0.019627,,1088200,,
1,0,,0.374085,0.362861,0.23127,0.031784,,1094300,,
1,0,,0.397888,0.34084,0.236773,0.024498,,1098800,,
1,0,,0.384075,0.339723,0.232083,0.044119,,1093500,,
1,0,,0.413873,0.258068,0.260245,0.067814,,1092700,,
1,2,,0.28179,0.146013,0.533384,0.038813,,1100200,,
1,2,,0.284542,0.204461,0.489555,0.021441,,1089000,,
1,0,,0.458814,0.254554,0.225401,0.061231,,1100100,,
1,2,,0.26318,0.123181,0.591594,0.022045,,1090200,,
1,2,,0.248188,0.162659,0.551128,0.038025,,1090500,,
1,2,,0.274151,0.202781,0.478949,0.044119,,1086400,,
1,0,,0.432654,0.318996,0.200348,0.048002,,1090500,,
1,2,,0.236338,0.132272,0.611763,0.019627,,1087800,,
1,2,,0.239167,0.142166,0.587547,0.03112,,1089800,,
1,2,,0.222736,0.128917,0.629507,0.018839,,1086700,,
1,2,,0.230258,0.108917,0.641985,0.018839,,1097700,,
1,2,,0.265395,0.146252,0.566912,0.021441,,1089100,,
1,2,,0.236338,0.132272,0.611763,0.019627,,1092900,,
1,2,,0.284542,0.204461,0.489555,0.021441,,1097300,,
1,2,,0.256949,0.086921,0.634928,0.021202,,1098800,,
1,2,,0.236338,0.132272,0.611763,0.019627,,1091300,,
1,2,,0.27175,0.195933,0.489705,0.042612,,1100100,,
1,1,,0.366806,0.368207,0.230176,0.034812,,1099000,,
1,2,,0.279243,0.21265,0.477168,0.030939,,1089600,,
2,2,,0.180511,0.15428,0.65227,0.01294,,1094300,,
2,2,,0.210489,0.072519,0.699989,0.017003,,1106800,,
2,2,,0.201427,0.066704,0.692649,0.03922,,1104400,,
2,2,,0.097502,0.049667,0.800991,0.05184,,1113800,,
2,2,,0.183366,0.079301,0.698094,0.039239,,1134100,,
2,2,,0.130646,0.029667,0.755815,0.083872,,1107400,,
2,2,,0.216781,0.083443,0.689057,0.010719,,1110700,,
2,2,,0.158532,0.177482,0.651176,0.012809,,1130200,,
2,2,,0.198996,0.083185,0.705082,0.012736,,1141100,,
2,2,,0.178799,0.103592,0.687516,0.030093,,1138500,,
2,2,,0.15882,0.079598,0.741917,0.019666,,1159300,,
2,2,,0.251826,0.069822,0.641995,0.036357,,1140300,,
2,2,,0.303727,0.098238,0.579276,0.018759,,1142300,,
2,2,,0.190485,0.132727,0.666097,0.010691,,1130200,,
2,2,,0.304001,0.162265,0.402295,0.131438,,1132300,,
2,2,,0.163871,0.022534,0.722679,0.090916,,1133400,,
2,2,,0.187724,0.073093,0.688346,0.050836,,1129100,,
2,2,,0.308009,0.0582,0.618813,0.014978,,1133000,,
2,2,,0.187016,0.08571,0.717201,0.010072,,1141400,,
2,2,,0.170193,0.079023,0.720691,0.030093,,1148400,,
2,2,,0.141879,0.044341,0.759345,0.054435,,1171600,,
2,0,,0.397979,0.227345,0.362143,0.012533,,1194400,,
2,2,,0.125992,0.055582,0.800152,0.018275,,1142500,,
2,2,,0.246522,0.089346,0.651698,0.012433,,1135800,,
2,2,,0.245292,0.054489,0.684245,0.015973,,1125700,,
2,2,,0.148444,0.07245,0.743594,0.035511,,1137900,,
2,2,,0.231361,0.07754,0.676267,0.014832,,1130200,,
2,2,,0.132137,0.074984,0.739732,0.053147,,1134500,,
2,2,,0.156314,0.083591,0.745796,0.0143,,1143900,,
2,2,,0.190592,0.13428,0.665347,0.009782,,1128700,,
2,2,,0.224511,0.063027,0.67625,0.036211,,1128300,,
2,2,,0.241495,0.078654,0.643494,0.036357,,1151500,,
2,2,,0.171849,0.05048,0.762477,0.015193,,1130400,,
2,2,,0.102672,0.051889,0.808703,0.036736,,1128900,,
2,2,,0.121439,0.029667,0.811579,0.037315,,1126400,,
2,2,,0.14445,0.040309,0.779986,0.035256,,1127600,,
2,2,,0.155383,0.08028,0.723244,0.041093,,1126400,,
2,2,,0.103352,0.071108,0.811931,0.013608,,1128500,,
2,2,,0.184682,0.024792,0.710829,0.079697,,1127700,,
2,2,,0.137083,0.063591,0.765796,0.03353,,1126600,,
2,2,,0.196671,0.076405,0.71607,0.010854,,1132900,,
2,2,,0.156314,0.083591,0.745796,0.0143,,1128200,,
2,2,,0.210469,0.088642,0.691895,0.008994,,1128400,,
2,2,,0.211161,0.079509,0.669945,0.039385,,1127000,,
2,0,,0.404407,0.268577,0.280231,0.046786,,1137600,,
2,2,,0.123734,0.055677,0.769894,0.050695,,1152800,,
2,2,,0.259939,0.0854,0.628641,0.02602,,1147400,,
2,2,,0.171759,0.114535,0.684249,0.029457,,1147000,,
2,2,,0.243115,0.08773,0.656419,0.012736,,1143600,,
2,2,,0.101439,0.049667,0.811579,0.037315,,1137600,,
2,2,,0.135983,0.081503,0.73546,0.047054,,1144900,,
2,2,,0.178863,0.116953,0.697088,0.007095,,1141500,,
2,2,,0.193598,0.123267,0.665477,0.017659,,1144800,,
2,2,,0.117991,0.078278,0.776577,0.027154,,1150300,,
2,2,,0.172858,0.05336,0.735714,0.038068,,1143500,,
2,2,,0.231643,0.093453,0.616124,0.058779,,1145400,,
2,2,,0.240109,0.067012,0.653746,0.039133,,1140500,,
2,2,,0.107707,0.053216,0.800104,0.038974,,1146500,,
2,2,,0.213228,0.096707,0.666991,0.023074,,1137600,,
2,2,,0.214952,0.085118,0.648765,0.051165,,1137100,,
2,2,,0.201427,0.066704,0.692649,0.03922,,1130500,,
2,2,,0.141784,0.071925,0.750639,0.035652,,1134500,,
2,2,,0.151535,0.064987,0.749132,0.034346,,1140600,,
2,2,,0.186258,0.088406,0.681405,0.043931,,1144100,,
2,2,,0.145037,0.090834,0.728315,0.035814,,1142200,,
2,2,,0.210469,0.088642,0.691895,0.008994,,1131800,,
2,2,,0.161968,0.088045,0.737951,0.012036,,1135700,,
2,2,,0.1848,0.09251,0.717672,0.005017,,1131800,,
2,2,,0.170416,0.124839,0.681182,0.023562,,1133500,,
2,2,,0.178168,0.076955,0.705638,0.039239,,1146300,,
2,2,,0.233249,0.125648,0.624413,0.01669,,1151000,,
2,2,,0.309832,0.184976,0.383924,0.121268,,1160200,,
2,2,,0.189855,0.077662,0.693445,0.039038,,1146200,,
2,2,,0.227454,0.093651,0.66231,0.016586,,1133400,,
2,2,,0.164594,0.067129,0.735003,0.033274,,1132000,,
2,2,,0.126801,0.034236,0.806025,0.032939,,1130700,,
2,2,,0.189459,0.121191,0.639483,0.049867,,1134900,,
2,2,,0.150515,0.084873,0.753204,0.011408,,1131000,,
2,2,,0.192221,0.075946,0.720206,0.011627,,1135600,,
2,2,,0.215866,0.10333,0.63872,0.042085,,1138500,,
2,2,,0.192114,0.066362,0.726692,0.014832,,1136800,,
2,2,,0.166849,0.152727,0.670643,0.009782,,1129300,,
2,2,,0.195835,0.08456,0.709314,0.010291,,1130000,,
2,2,,0.206164,0.099638,0.656129,0.038069,,1129200,,
2,2,,0.183366,0.079301,0.698094,0.039239,,1132900,,
2,2,,0.202547,0.127201,0.653562,0.01669,,1131000,,
2,2,,0.20463,0.09321,0.693165,0.008994,,1098200,,
2,2,,0.178862,0.088907,0.717143,0.015089,,1107000,,
2,2,,0.203366,0.059301,0.698094,0.039239,,1105400,,
2,2,,0.273603,0.079299,0.63717,0.009929,,1107100,,
2,2,,0.305136,0.163376,0.390456,0.141032,,1110200,,
2,2,,0.150515,0.084873,0.753204,0.011408,,1113200,,
2,2,,0.18556,0.109065,0.691358,0.014018,,1104400,,
2,2,,0.215327,0.109211,0.661725,0.013737,,1102400,,
2,2,,0.195835,0.08456,0.709314,0.010291,,1103400,,
2,2,,0.218732,0.08138,0.685004,0.014884,,1107000,,
2,2,,0.206142,0.098825,0.656676,0.038357,,1107200,,
2,2,,0.236338,0.132272,0.611763,0.019627,,1109300,,
2,2,,0.197761,0.076872,0.665868,0.059499,,1139600,,
2,2,,0.207016,0.08571,0.697201,0.010072,,1103700,,
2,2,,0.188444,0.05245,0.723594,0.035511,,1102900,,
2,2,,0.178119,0.070738,0.711324,0.039819,,1103000,,
2,2,,0.129386,0.058709,0.772251,0.039654,,1101800,,
2,2,,0.161712,0.175929,0.649549,0.012809,,1104600,,
2,2,,0.18763,0.135368,0.643031,0.033971,,1105300,,
2,2,,0.219488,0.106289,0.65934,0.014884,,1103300,,
2,0,,0.461293,0.179535,0.289913,0.069259,,1109600,,
2,2,,0.203691,0.132727,0.650643,0.01294,,1104100,,
2,2,,0.184594,0.047129,0.735003,0.033274,,1102800,,
2,2,,0.124121,0.055567,0.784906,0.035406,,1106300,,
2,2,,0.228898,0.061619,0.672822,0.03666,,1107300,,
2,2,,0.259939,0.0854,0.628641,0.02602,,1108200,,
2,2,,0.185538,0.092085,0.681912,0.040466,,1114300,,
2,2,,0.158837,0.043656,0.766819,0.030688,,1098400,,
2,2,,0.188668,0.044763,0.639011,0.127558,,1093500,,
2,0,,0.421016,0.238942,0.273091,0.066951,,1094800,,
2,2,,0.282221,0.153991,0.390698,0.173091,,1093800,,
2,2,,0.173772,0.152727,0.66372,0.009782,,1092800,,
2,2,,0.234492,0.039391,0.616089,0.110028,,1091600,,
2,2,,0.187016,0.08571,0.717201,0.010072,,1091800,,
2,2,,0.226689,0.093024,0.640901,0.039385,,1091500,,
2,2,,0.161968,0.068045,0.757951,0.012036,,1091700,,
2,2,,0.202151,0.0931,0.688163,0.016586,,1096100,,
2,2,,0.197155,0.096707,0.666991,0.039147,,1092800,,
2,2,,0.225397,0.045776,0.62778,0.101047,,1099900,,
2,2,,0.256577,0.044712,0.572915,0.125796,,1099000,,
2,2,,0.221871,0.101825,0.656497,0.019807,,1091300,,
2,2,,0.19873,0.082306,0.664593,0.054371,,1095400,,
2,2,,0.115767,0.045672,0.769214,0.069347,,1095100,,
2,2,,0.210776,0.083956,0.664579,0.040689,,1091000,,
2,2,,0.195491,0.06756,0.729135,0.007813,,1091100,,
2,2,,0.168636,0.155929,0.662626,0.012809,,1089800,,
2,2,,0.123203,0.09972,0.771303,0.005775,,1091700,,
2,2,,0.18556,0.089065,0.711358,0.014018,,1092300,,
2,2,,0.20736,0.091269,0.684786,0.016586,,1099200,,
2,2,,0.207754,0.097893,0.654665,0.039688,,1089600,,
2,2,,0.193469,0.057475,0.68571,0.063346,,1093800,,
2,2,,0.223347,0.093562,0.666139,0.016953,,1091300,,
2,2,,0.267279,0.07354,0.639105,0.020075,,1118700,,
2,2,,0.187781,0.097805,0.683309,0.031105,,1098800,,
2,2,,0.168195,0.085513,0.731946,0.014346,,1093800,,
2,2,,0.191249,0.091383,0.712672,0.004696,,1092500,,
2,2,,0.198838,0.081893,0.693722,0.025547,,1090400,,
2,2,,0.101871,0.045432,0.792989,0.059708,,1092100,,
2,2,,0.169757,0.04642,0.74416,0.039662,,1092300,,
2,2,,0.168195,0.065513,0.751946,0.014346,,1090400,,
2,2,,0.248231,0.103649,0.637941,0.010179,,1089400,,
2,2,,0.197155,0.096707,0.666991,0.039147,,1093500,,
2,2,,0.263954,0.083649,0.642218,0.010179,,1090200,,
2,2,,0.1183,0.050993,0.791263,0.039444,,1090400,,
2,2,,0.114597,0.080151,0.766977,0.038275,,1089200,,
2,2,,0.216386,0.116707,0.646991,0.019916,,1092500,,
2,2,,0.181131,0.089073,0.718388,0.011408,,1118900,,
2,2,,0.199014,0.094484,0.680163,0.026339,,1102600,,
2,2,,0.141784,0.071925,0.750639,0.035652,,1099000,,
2,2,,0.189742,0.097884,0.686734,0.02564,,1103700,,
2,2,,0.140743,0.058946,0.747466,0.052844,,1116200,,
2,2,,0.105733,0.054961,0.82355,0.015756,,1107900,,
2,2,,0.213494,0.102632,0.655386,0.028488,,1109700,,
2,2,,0.193598,0.123267,0.665477,0.017659,,1114700,,
2,2,,0.2643,0.083736,0.639229,0.012736,,1103000,,
2,2,,0.281039,0.057023,0.646961,0.014978,,1117600,,
