wall-following,CWE,test,4,NANOSECONDS,PREDICTIONS, Generated by ClassifierExperiments.java on 2022-05-17 03:11:26.    SYSTEMPROPERTIES:{user.name:matth,os.arch:amd64,os.name:Windows 10},ENDSYSTEMPROPERTIES
No parameter info
0.5901189387008234,866275200,1245174400,-1,0,4,,-1,-1
0,2,,0.239224,0.123725,0.509854,0.127197,,1293400,,
0,0,,0.439663,0.121399,0.288281,0.150658,,1148000,,
0,2,,0.277677,0.030871,0.582035,0.109417,,1142100,,
0,0,,0.438033,0.126641,0.296036,0.13929,,1141800,,
0,2,,0.268564,0.148925,0.508469,0.074043,,1141700,,
0,2,,0.256111,0.14154,0.524213,0.078136,,1138900,,
0,0,,0.412972,0.165846,0.269924,0.151258,,1131900,,
0,2,,0.310988,0.118488,0.503298,0.067226,,1124800,,
0,0,,0.457158,0.117741,0.284078,0.141024,,1157600,,
0,0,,0.397395,0.172074,0.2863,0.144232,,1130900,,
0,0,,0.371543,0.169763,0.335594,0.1231,,1143300,,
0,2,,0.264747,0.070412,0.491543,0.173298,,1137800,,
0,2,,0.267892,0.115071,0.526461,0.090575,,1137300,,
0,0,,0.487794,0.075566,0.309466,0.127174,,1143900,,
0,2,,0.34001,0.146359,0.414097,0.099535,,1135200,,
0,2,,0.243352,0.083896,0.550852,0.1219,,1137800,,
0,0,,0.434564,0.251709,0.233426,0.080301,,1134200,,
0,0,,0.482624,0.113827,0.328832,0.074716,,1133300,,
0,2,,0.300281,0.041426,0.450959,0.207334,,1135000,,
0,2,,0.358345,0.095144,0.450217,0.096294,,1133800,,
0,0,,0.438033,0.12818,0.294498,0.13929,,1136700,,
0,2,,0.238938,0.143565,0.484736,0.132762,,1135900,,
0,0,,0.44688,0.116662,0.314083,0.122376,,1187400,,
0,0,,0.423159,0.194167,0.259339,0.123335,,1175900,,
0,2,,0.22288,0.068703,0.606982,0.101434,,1149900,,
0,0,,0.415103,0.135813,0.298427,0.150658,,1145900,,
0,2,,0.302161,0.05196,0.48154,0.164338,,1153600,,
0,0,,0.371492,0.218014,0.257519,0.152975,,1141000,,
0,0,,0.413859,0.188684,0.293352,0.104104,,1159700,,
0,0,,0.413175,0.179904,0.281279,0.125642,,1152500,,
0,0,,0.324311,0.263478,0.268686,0.143525,,1143500,,
0,0,,0.399668,0.137603,0.250152,0.212576,,1148100,,
0,2,,0.310139,0.130024,0.464975,0.094863,,1142700,,
0,2,,0.309496,0.090517,0.465316,0.134671,,1141400,,
0,2,,0.256458,0.084285,0.521684,0.137572,,1143600,,
0,2,,0.342112,0.204704,0.367932,0.085252,,1146000,,
0,0,,0.441221,0.123583,0.254523,0.180673,,1158700,,
0,2,,0.229484,0.137782,0.565113,0.067621,,1138500,,
0,0,,0.409071,0.150549,0.26858,0.1718,,1139800,,
0,0,,0.465176,0.140212,0.280702,0.11391,,1167600,,
0,0,,0.418782,0.141166,0.32556,0.114492,,1146500,,
0,2,,0.278217,0.135638,0.520177,0.065968,,1141800,,
0,0,,0.357147,0.12798,0.329953,0.18492,,1140500,,
0,0,,0.393243,0.187408,0.370123,0.049226,,1132900,,
0,2,,0.243099,0.11126,0.522902,0.122739,,1145000,,
0,0,,0.395039,0.182507,0.278126,0.144328,,1136800,,
0,2,,0.254996,0.121214,0.519642,0.104148,,1136900,,
0,0,,0.404823,0.188839,0.241732,0.164607,,1138600,,
0,2,,0.239548,0.096013,0.535749,0.12869,,1136000,,
0,2,,0.252405,0.117839,0.513792,0.115964,,1135700,,
0,0,,0.325817,0.246678,0.283979,0.143525,,1152100,,
0,2,,0.26987,0.097378,0.445333,0.187418,,1149000,,
0,2,,0.252765,0.145572,0.527592,0.07407,,1149400,,
0,0,,0.395399,0.141208,0.30491,0.158484,,1142400,,
0,0,,0.422532,0.157824,0.265249,0.154395,,1152000,,
0,2,,0.272143,0.030562,0.546238,0.151057,,1140400,,
0,2,,0.277012,0.06984,0.497579,0.155569,,1135000,,
0,2,,0.318228,0.095729,0.45969,0.126353,,1135300,,
0,2,,0.264081,0.080944,0.554062,0.100914,,1137000,,
0,0,,0.433988,0.137277,0.325299,0.103437,,1147800,,
0,2,,0.325612,0.088211,0.445227,0.14095,,1137000,,
0,2,,0.255009,0.16014,0.506714,0.078136,,1133700,,
0,0,,0.348274,0.130428,0.340513,0.180785,,1138800,,
0,0,,0.394084,0.23449,0.273669,0.097758,,1159500,,
0,2,,0.262607,0.100757,0.505834,0.130801,,1142700,,
0,0,,0.426747,0.15964,0.265158,0.148455,,1165500,,
0,0,,0.435794,0.169937,0.257273,0.136996,,1140900,,
0,0,,0.485613,0.13633,0.265745,0.112312,,1135400,,
0,2,,0.254704,0.063037,0.54523,0.13703,,1137100,,
0,0,,0.470142,0.104082,0.324686,0.10109,,1132000,,
0,0,,0.360378,0.191929,0.351841,0.095853,,1140400,,
0,2,,0.226601,0.039049,0.619812,0.114537,,1137500,,
0,2,,0.280372,0.034594,0.53328,0.151753,,1132100,,
0,0,,0.396309,0.176875,0.28935,0.137465,,1136300,,
0,0,,0.50166,0.155287,0.246963,0.09609,,1137900,,
0,2,,0.271528,0.100923,0.553207,0.074341,,1131000,,
0,0,,0.383119,0.242144,0.276909,0.097828,,1135400,,
0,0,,0.439306,0.144747,0.312363,0.103584,,1151800,,
0,2,,0.250435,0.060358,0.581955,0.107252,,1143100,,
0,2,,0.324534,0.21832,0.389796,0.06735,,1133800,,
0,2,,0.307756,0.059522,0.478556,0.154166,,1135500,,
0,0,,0.480847,0.13877,0.282949,0.097434,,1135700,,
0,0,,0.421231,0.120261,0.291698,0.166811,,1136600,,
0,2,,0.268624,0.106873,0.569746,0.054757,,1140800,,
0,2,,0.270144,0.13276,0.441374,0.155723,,1145900,,
0,2,,0.281212,0.152277,0.50202,0.064491,,1138500,,
0,0,,0.470213,0.158335,0.257889,0.113563,,1141300,,
0,0,,0.426339,0.153334,0.281806,0.138521,,1132800,,
0,0,,0.436524,0.132582,0.291373,0.139521,,1145100,,
0,0,,0.403685,0.152028,0.285803,0.158484,,1144000,,
0,0,,0.459814,0.127148,0.298257,0.114781,,1141400,,
0,2,,0.282653,0.104275,0.431285,0.181787,,1155600,,
0,0,,0.346541,0.24356,0.258108,0.151791,,1140300,,
0,0,,0.419776,0.142903,0.294296,0.143025,,1134400,,
0,2,,0.271654,0.02999,0.527298,0.171057,,1137000,,
0,0,,0.451035,0.119837,0.331796,0.097332,,1137300,,
0,0,,0.444692,0.123663,0.349739,0.081907,,1134400,,
0,0,,0.389155,0.211462,0.236817,0.162566,,1136400,,
0,0,,0.426038,0.235714,0.237769,0.10048,,1135700,,
0,0,,0.433088,0.167516,0.246793,0.152603,,1143200,,
0,0,,0.439966,0.182926,0.240112,0.136996,,1137600,,
0,2,,0.26135,0.106964,0.496107,0.13558,,1136900,,
0,2,,0.274854,0.036254,0.585556,0.103336,,1134100,,
0,0,,0.408937,0.115059,0.294332,0.181672,,1135400,,
0,0,,0.527982,0.118752,0.252283,0.100984,,1142400,,
0,0,,0.435488,0.112994,0.345849,0.105669,,1161000,,
0,0,,0.392803,0.169968,0.251924,0.185306,,1149600,,
0,2,,0.280708,0.078311,0.480663,0.160318,,1148400,,
0,2,,0.264727,0.097672,0.477052,0.160549,,1143500,,
0,0,,0.421119,0.175511,0.276609,0.126761,,1143000,,
0,0,,0.472859,0.130176,0.285812,0.111153,,1148800,,
0,0,,0.382826,0.107642,0.236,0.273532,,1155300,,
0,2,,0.375457,0.118069,0.411465,0.09501,,1148500,,
0,2,,0.274365,0.035682,0.586616,0.103336,,1148500,,
0,0,,0.400913,0.252217,0.265741,0.081129,,1140700,,
0,2,,0.23563,0.044596,0.555024,0.164751,,1137600,,
0,2,,0.273668,0.104129,0.412769,0.209434,,1139600,,
0,2,,0.297601,0.136911,0.436262,0.129226,,1144500,,
0,0,,0.472582,0.086876,0.318298,0.122243,,1136100,,
0,2,,0.253236,0.114288,0.513624,0.118853,,1163300,,
0,2,,0.276739,0.148001,0.509292,0.065968,,1144700,,
0,0,,0.41247,0.199674,0.2687,0.119157,,1138300,,
0,0,,0.424795,0.199038,0.261348,0.114819,,1140600,,
0,2,,0.204104,0.114292,0.566724,0.11488,,1136100,,
0,0,,0.420884,0.132792,0.364417,0.081907,,1138700,,
0,2,,0.266636,0.097511,0.396905,0.238948,,1159600,,
0,2,,0.304405,0.059756,0.532594,0.103245,,1141600,,
0,2,,0.34184,0.11119,0.366185,0.180785,,1146400,,
0,2,,0.244224,0.118725,0.508783,0.128268,,1138800,,
0,2,,0.191641,0.09996,0.583381,0.125018,,1138500,,
0,2,,0.341216,0.194677,0.360456,0.103651,,1151100,,
0,2,,0.296436,0.144463,0.465397,0.093703,,1160700,,
0,0,,0.434226,0.133821,0.359636,0.072316,,1159400,,
0,2,,0.248988,0.091454,0.52151,0.138048,,1144200,,
0,0,,0.396635,0.172078,0.2404,0.190888,,1136700,,
0,0,,0.433088,0.167516,0.246793,0.152603,,1138700,,
0,2,,0.347069,0.072276,0.44591,0.134745,,1130800,,
0,2,,0.264852,0.089188,0.455114,0.190847,,1140700,,
0,0,,0.436694,0.173322,0.281411,0.108573,,1133400,,
0,2,,0.296522,0.045718,0.457853,0.199907,,1135200,,
0,2,,0.239149,0.109143,0.52855,0.123158,,1133600,,
0,2,,0.299665,0.046821,0.45118,0.202334,,1154300,,
0,0,,0.440308,0.132148,0.331418,0.096126,,1145500,,
0,2,,0.258083,0.13206,0.516483,0.093374,,1146700,,
0,2,,0.22288,0.068703,0.606982,0.101434,,1136400,,
0,2,,0.224235,0.105877,0.547131,0.122756,,1158800,,
0,2,,0.263922,0.074624,0.52326,0.138195,,1136100,,
0,2,,0.256668,0.131675,0.517587,0.09407,,1132000,,
0,0,,0.371423,0.29427,0.253796,0.080511,,1140700,,
0,2,,0.378452,0.165782,0.386576,0.06919,,1137300,,
0,2,,0.248564,0.148925,0.528469,0.074043,,1141600,,
0,0,,0.409303,0.183847,0.237446,0.169404,,1145700,,
0,2,,0.311477,0.128705,0.410446,0.149372,,1138500,,
0,0,,0.433088,0.167516,0.246793,0.152603,,1133800,,
0,2,,0.3992,0.074308,0.42727,0.099222,,1140700,,
0,0,,0.425657,0.192285,0.300467,0.081591,,1167100,,
0,2,,0.308699,0.064292,0.505459,0.12155,,1162000,,
0,0,,0.393175,0.199904,0.281279,0.125642,,1134100,,
0,2,,0.270661,0.134136,0.54103,0.054173,,1138200,,
0,0,,0.430337,0.142879,0.284522,0.142262,,1256500,,
0,2,,0.273826,0.081109,0.475717,0.169347,,1141200,,
0,2,,0.272124,0.116491,0.505565,0.10582,,1141800,,
0,0,,0.4019,0.213319,0.293857,0.090924,,1135800,,
0,2,,0.288689,0.103344,0.386562,0.221405,,1132100,,
0,2,,0.344884,0.208478,0.379067,0.067571,,1132300,,
0,2,,0.27579,0.08521,0.475734,0.163267,,1134500,,
0,2,,0.260323,0.038107,0.550513,0.151057,,1133000,,
0,0,,0.44408,0.112052,0.289259,0.154609,,1137300,,
0,0,,0.462205,0.100677,0.270907,0.16621,,1137000,,
0,2,,0.400161,0.091237,0.411122,0.09748,,1146500,,
0,0,,0.366267,0.30691,0.243237,0.083587,,1143400,,
0,0,,0.393723,0.186171,0.255499,0.164607,,1142700,,
0,0,,0.444667,0.20946,0.280648,0.065224,,1134500,,
0,2,,0.294162,0.079508,0.530175,0.096155,,1172400,,
0,2,,0.339647,0.101217,0.427514,0.131622,,1161600,,
0,2,,0.247183,0.034859,0.597431,0.120527,,1142400,,
0,2,,0.304405,0.059756,0.532594,0.103245,,1135400,,
0,2,,0.294983,0.069551,0.50052,0.134946,,1144500,,
0,2,,0.217123,0.123709,0.52016,0.139008,,1134800,,
0,2,,0.22288,0.068703,0.606982,0.101434,,1131600,,
0,0,,0.427955,0.20203,0.240901,0.129114,,1138200,,
0,2,,0.25874,0.145317,0.52858,0.067363,,1129400,,
0,0,,0.435232,0.124816,0.336406,0.103547,,1145900,,
0,2,,0.262153,0.077461,0.490079,0.170307,,1130500,,
0,2,,0.309496,0.090517,0.465316,0.134671,,1132300,,
0,0,,0.343066,0.213825,0.326747,0.116362,,1133700,,
0,2,,0.211954,0.040078,0.532892,0.215076,,1233400,,
0,2,,0.250339,0.036362,0.489726,0.223573,,1151300,,
0,2,,0.322249,0.070517,0.471403,0.135831,,1139900,,
0,0,,0.419122,0.174331,0.253944,0.152603,,1147300,,
0,0,,0.465375,0.18826,0.28555,0.060814,,1129200,,
0,2,,0.355253,0.180552,0.359314,0.10488,,1125000,,
0,2,,0.280813,0.097291,0.375301,0.246595,,1132400,,
0,2,,0.271081,0.151188,0.513166,0.064565,,1125500,,
0,2,,0.24834,0.135353,0.534503,0.081804,,1131500,,
0,0,,0.53426,0.078344,0.266652,0.120743,,1124700,,
0,0,,0.408161,0.16082,0.292564,0.138454,,1154300,,
0,2,,0.243352,0.083896,0.550852,0.1219,,1127600,,
0,0,,0.450721,0.124446,0.281496,0.143337,,1133400,,
0,0,,0.421249,0.123683,0.300532,0.154536,,1138500,,
0,2,,0.289886,0.036104,0.462632,0.211378,,1172800,,
0,0,,0.43393,0.144009,0.279215,0.142846,,1137800,,
0,2,,0.260295,0.090311,0.530703,0.11869,,1137200,,
0,2,,0.204224,0.045547,0.550023,0.200207,,1135600,,
0,0,,0.4451,0.078097,0.356456,0.120347,,1152600,,
0,0,,0.402579,0.206091,0.283509,0.107821,,1144900,,
0,0,,0.427886,0.142537,0.33651,0.093068,,1138300,,
0,2,,0.212235,0.096981,0.55695,0.133834,,1138200,,
0,0,,0.439141,0.217522,0.258865,0.084473,,1138600,,
0,2,,0.33804,0.14248,0.382766,0.136714,,1165400,,
0,0,,0.438176,0.183544,0.274607,0.103673,,1135900,,
0,2,,0.229656,0.131272,0.557268,0.081804,,1134200,,
0,2,,0.223296,0.116007,0.536961,0.123736,,1136600,,
0,0,,0.472859,0.130176,0.285812,0.111153,,1169700,,
0,2,,0.27127,0.069614,0.485103,0.174012,,1136000,,
0,0,,0.428244,0.205853,0.258244,0.107659,,1138200,,
0,2,,0.245358,0.161039,0.461349,0.132254,,1138600,,
0,0,,0.423412,0.177581,0.266189,0.132818,,1141300,,
0,0,,0.426921,0.132194,0.302548,0.138337,,1139100,,
0,2,,0.224715,0.113728,0.530396,0.131161,,1133800,,
0,2,,0.310694,0.088795,0.451735,0.148776,,1140200,,
0,0,,0.399362,0.161046,0.349142,0.090451,,1144200,,
0,0,,0.367886,0.15855,0.367285,0.10628,,1147200,,
0,0,,0.333903,0.239849,0.292722,0.133525,,1139900,,
0,2,,0.249964,0.054098,0.53696,0.158978,,1138000,,
0,0,,0.418445,0.125796,0.352361,0.103398,,1137800,,
0,0,,0.404823,0.188839,0.241732,0.164607,,1131700,,
0,0,,0.396685,0.097001,0.322156,0.184159,,1158100,,
0,0,,0.493079,0.096844,0.313041,0.097035,,1140100,,
0,2,,0.237486,0.145682,0.479088,0.137744,,1154400,,
0,2,,0.235068,0.025487,0.512214,0.227231,,1144900,,
0,0,,0.436524,0.132582,0.291373,0.139521,,1142900,,
0,2,,0.249394,0.136435,0.486225,0.127946,,1137600,,
0,2,,0.249394,0.136435,0.486225,0.127946,,1137100,,
0,0,,0.466662,0.157226,0.31039,0.065722,,1137900,,
0,0,,0.436524,0.130289,0.294044,0.139143,,1147800,,
0,0,,0.447256,0.11468,0.295926,0.142139,,1141300,,
0,2,,0.263768,0.034744,0.565925,0.135564,,1134200,,
0,2,,0.235009,0.12014,0.566714,0.078136,,1134900,,
0,2,,0.254551,0.113927,0.503251,0.128271,,1139200,,
0,0,,0.3518,0.212419,0.302256,0.133525,,1139000,,
0,2,,0.237859,0.123565,0.494333,0.144244,,1164600,,
0,2,,0.243352,0.083896,0.550852,0.1219,,1138000,,
0,2,,0.334127,0.180196,0.386142,0.099535,,1144200,,
0,0,,0.416898,0.144703,0.316426,0.121974,,1140300,,
0,0,,0.471964,0.089525,0.291305,0.147206,,1140200,,
0,0,,0.484157,0.150176,0.254976,0.110691,,1137200,,
0,0,,0.375061,0.168332,0.339019,0.117588,,1140800,,
0,0,,0.424427,0.151659,0.293972,0.129941,,1136800,,
0,2,,0.191747,0.066493,0.573504,0.168257,,1138800,,
0,2,,0.318649,0.08435,0.455904,0.141097,,1135400,,
0,0,,0.443162,0.106051,0.286362,0.164425,,1137100,,
0,2,,0.358007,0.08025,0.461937,0.099806,,1132900,,
0,0,,0.425816,0.202524,0.26543,0.10623,,1147000,,
0,2,,0.297442,0.056513,0.524384,0.121661,,1147500,,
0,2,,0.32114,0.052276,0.460301,0.166283,,1135400,,
0,0,,0.502068,0.16787,0.250418,0.079644,,1137100,,
0,2,,0.263922,0.074624,0.52326,0.138195,,1135800,,
0,2,,0.283544,0.095625,0.551399,0.069432,,1139200,,
0,2,,0.302841,0.040296,0.460139,0.196724,,1151400,,
0,2,,0.248925,0.119313,0.50216,0.129601,,1138100,,
0,2,,0.266292,0.145978,0.515607,0.072122,,1157400,,
0,2,,0.234679,0.111277,0.525515,0.12853,,1136000,,
0,0,,0.427745,0.173696,0.274817,0.123742,,1133700,,
0,0,,0.38754,0.14242,0.363687,0.106353,,1135700,,
0,2,,0.271528,0.120923,0.533207,0.074341,,1144600,,
0,2,,0.260813,0.097291,0.395301,0.246595,,1144700,,
0,0,,0.433186,0.146451,0.281842,0.138521,,1183600,,
0,0,,0.448445,0.117439,0.294826,0.13929,,1154500,,
0,2,,0.313642,0.075716,0.478254,0.132388,,1134100,,
0,0,,0.424186,0.158793,0.294771,0.12225,,1130900,,
0,0,,0.500856,0.162619,0.261233,0.075293,,1138700,,
0,0,,0.404596,0.262302,0.272125,0.060977,,1139400,,
0,0,,0.425993,0.139595,0.281252,0.15316,,1135600,,
0,2,,0.272464,0.07979,0.473604,0.174141,,1143400,,
0,2,,0.274125,0.109937,0.455067,0.160871,,1132800,,
0,0,,0.470024,0.145538,0.277753,0.106684,,1132500,,
0,0,,0.503098,0.16269,0.272912,0.0613,,1139600,,
0,0,,0.335586,0.211879,0.299334,0.153201,,1138900,,
0,0,,0.439533,0.221694,0.259095,0.079678,,1132500,,
0,0,,0.410832,0.141761,0.355026,0.092382,,1138800,,
0,0,,0.488297,0.107579,0.263491,0.140633,,1150200,,
0,2,,0.22288,0.068703,0.606982,0.101434,,1143200,,
0,2,,0.317935,0.064714,0.495048,0.122302,,1144600,,
0,2,,0.346849,0.132672,0.359839,0.16064,,1149300,,
0,2,,0.263318,0.079638,0.516255,0.140789,,1135100,,
0,2,,0.296038,0.066034,0.487166,0.150762,,1143400,,
0,2,,0.223692,0.110688,0.521852,0.143768,,1150600,,
0,0,,0.482102,0.113285,0.271611,0.133002,,1147400,,
0,2,,0.246765,0.093559,0.536493,0.123184,,1138300,,
0,0,,0.437532,0.180163,0.243784,0.138521,,1131300,,
0,2,,0.234779,0.101515,0.501447,0.162259,,1140100,,
0,0,,0.42791,0.176092,0.240204,0.155794,,1137500,,
0,0,,0.496911,0.13633,0.254909,0.11185,,1135100,,
0,2,,0.253402,0.149055,0.517889,0.079653,,1136400,,
0,2,,0.309496,0.090517,0.465316,0.134671,,1279000,,
0,0,,0.364951,0.31099,0.240471,0.083587,,1187900,,
0,0,,0.422173,0.175432,0.273035,0.12936,,1152900,,
0,2,,0.233318,0.15666,0.531065,0.078957,,1141600,,
0,0,,0.464316,0.087338,0.28375,0.164596,,1142700,,
0,0,,0.383258,0.199108,0.307529,0.110106,,1141900,,
0,0,,0.471294,0.137765,0.228044,0.162897,,1146300,,
0,2,,0.324884,0.210701,0.396845,0.067571,,1139500,,
0,0,,0.470024,0.145538,0.277753,0.106684,,1137300,,
0,2,,0.241553,0.13126,0.498657,0.12853,,1131200,,
0,2,,0.299665,0.046821,0.45118,0.202334,,1137900,,
0,0,,0.401439,0.185122,0.309115,0.104324,,1135400,,
0,2,,0.224461,0.112579,0.545015,0.117945,,1134000,,
0,2,,0.222818,0.05132,0.603072,0.122791,,1136400,,
0,0,,0.492467,0.143889,0.249868,0.113777,,1156300,,
0,2,,0.201646,0.045332,0.540293,0.212728,,1138900,,
0,2,,0.226848,0.156586,0.497103,0.119463,,1132700,,
0,0,,0.436824,0.09715,0.344402,0.121624,,1133200,,
0,2,,0.267261,0.081537,0.550225,0.100977,,1138900,,
0,2,,0.282969,0.064333,0.498531,0.154166,,1138200,,
0,2,,0.286858,0.147836,0.495952,0.069355,,1139700,,
0,0,,0.384085,0.225347,0.237592,0.152975,,1139400,,
0,0,,0.399496,0.24579,0.238287,0.116427,,1138000,,
0,0,,0.45986,0.14319,0.28188,0.115071,,1134900,,
0,2,,0.23495,0.06491,0.598267,0.101874,,1144100,,
0,0,,0.432465,0.166921,0.264778,0.135837,,1138900,,
0,2,,0.313347,0.068782,0.473309,0.144562,,1131700,,
0,0,,0.433088,0.167516,0.246793,0.152603,,1134800,,
0,2,,0.294163,0.086023,0.563388,0.056426,,1135300,,
0,2,,0.331877,0.110428,0.37691,0.180785,,1135100,,
0,2,,0.276844,0.071104,0.497557,0.154495,,1132000,,
0,0,,0.430514,0.18717,0.243395,0.138921,,1139800,,
0,0,,0.429,0.285473,0.234108,0.05142,,1135700,,
0,0,,0.387133,0.190578,0.269314,0.152975,,1138700,,
0,0,,0.407026,0.190591,0.249408,0.152975,,1130500,,
0,0,,0.397929,0.251124,0.219761,0.131186,,1139000,,
0,0,,0.419486,0.216295,0.260858,0.103361,,1130600,,
0,2,,0.271699,0.090814,0.54442,0.093068,,1145400,,
0,2,,0.260334,0.124892,0.541427,0.073346,,1137900,,
0,0,,0.38389,0.184164,0.340134,0.091812,,1145300,,
0,2,,0.254679,0.091277,0.525515,0.12853,,1142500,,
0,0,,0.417285,0.265564,0.231104,0.086047,,1132800,,
0,0,,0.433088,0.167516,0.246793,0.152603,,1139600,,
0,2,,0.219342,0.135171,0.526871,0.118616,,1127900,,
0,2,,0.274984,0.106765,0.452597,0.165654,,1130300,,
0,0,,0.455147,0.208824,0.259583,0.076445,,1128900,,
0,0,,0.419663,0.147672,0.360349,0.072316,,1126900,,
0,2,,0.331837,0.081258,0.451074,0.135831,,1123500,,
0,0,,0.422084,0.14191,0.344376,0.09163,,1136800,,
0,0,,0.412371,0.208259,0.29287,0.0865,,1131500,,
0,0,,0.427812,0.138788,0.335317,0.098083,,1142300,,
0,0,,0.380569,0.143278,0.299995,0.176158,,1129200,,
0,2,,0.271526,0.054901,0.514926,0.158647,,1126200,,
0,2,,0.254679,0.091277,0.525515,0.12853,,1121600,,
0,2,,0.286796,0.091949,0.461002,0.160253,,1125600,,
0,2,,0.244461,0.112579,0.525015,0.117945,,1132100,,
0,2,,0.264239,0.148138,0.515994,0.07163,,1126600,,
0,0,,0.383781,0.208468,0.245033,0.162718,,1134600,,
0,0,,0.367627,0.224372,0.289043,0.118958,,1167900,,
0,0,,0.323942,0.21669,0.306166,0.153201,,1141700,,
0,0,,0.4179,0.196352,0.26659,0.119157,,1130800,,
0,2,,0.254078,0.037276,0.517748,0.190898,,1133900,,
0,2,,0.299665,0.046821,0.45118,0.202334,,1136100,,
0,2,,0.256989,0.148925,0.524806,0.069281,,1132800,,
0,2,,0.334127,0.180196,0.386142,0.099535,,1136100,,
0,0,,0.371492,0.218014,0.257519,0.152975,,1135700,,
0,0,,0.464079,0.117196,0.321874,0.096851,,1133000,,
0,2,,0.289124,0.057359,0.508214,0.145303,,1134100,,
0,2,,0.194318,0.040004,0.536189,0.229489,,1135200,,
0,0,,0.445886,0.140561,0.327011,0.086542,,1151700,,
0,2,,0.242364,0.034948,0.594462,0.128227,,1136100,,
0,0,,0.445442,0.224537,0.254736,0.075286,,1132900,,
0,0,,0.412371,0.208259,0.29287,0.0865,,1161100,,
0,0,,0.44996,0.127889,0.327191,0.09496,,1139500,,
0,2,,0.299665,0.046821,0.45118,0.202334,,1135500,,
0,2,,0.305612,0.068211,0.465227,0.16095,,1139400,,
0,0,,0.424235,0.12447,0.282146,0.169149,,1124600,,
0,0,,0.432936,0.124726,0.3002,0.142139,,1128000,,
0,0,,0.4549,0.072293,0.281505,0.191302,,1125700,,
0,2,,0.268104,0.089759,0.472,0.170137,,1128900,,
0,2,,0.216283,0.116959,0.543359,0.123398,,1131000,,
0,0,,0.452212,0.115335,0.291356,0.141097,,1144000,,
0,2,,0.260015,0.144785,0.51878,0.07642,,1136500,,
0,0,,0.421607,0.175358,0.294924,0.108111,,1139800,,
0,0,,0.381843,0.24538,0.229203,0.143574,,1132000,,
0,2,,0.244157,0.142635,0.538554,0.074654,,1135400,,
0,2,,0.268368,0.13175,0.517822,0.08206,,1135500,,
0,0,,0.45454,0.141815,0.307556,0.096089,,1133700,,
0,2,,0.29923,0.147732,0.506486,0.046552,,1134000,,
0,0,,0.460997,0.167428,0.267099,0.104476,,1131400,,
0,2,,0.22288,0.068703,0.606982,0.101434,,1135100,,
0,0,,0.460813,0.125136,0.254882,0.159169,,1134700,,
0,2,,0.252787,0.152277,0.525683,0.069253,,1136000,,
0,2,,0.299609,0.136644,0.434521,0.129226,,1133200,,
0,2,,0.272162,0.082366,0.478521,0.166951,,1134100,,
0,2,,0.316045,0.066542,0.517951,0.099462,,1133400,,
0,0,,0.38754,0.12242,0.363687,0.126353,,1132800,,
0,0,,0.353988,0.219167,0.297316,0.129529,,1135800,,
0,0,,0.42445,0.182908,0.25775,0.134892,,1137700,,
0,2,,0.307101,0.068415,0.409814,0.21467,,1134000,,
0,0,,0.415762,0.180964,0.270092,0.133181,,1131700,,
0,0,,0.434078,0.155038,0.319547,0.091337,,1133200,,
0,2,,0.293863,0.041571,0.443827,0.22074,,1136000,,
0,2,,0.272596,0.10108,0.532378,0.093946,,1142900,,
0,2,,0.240478,0.142493,0.538656,0.078373,,1134300,,
0,0,,0.418445,0.125796,0.352361,0.103398,,1134500,,
0,0,,0.440232,0.13032,0.301662,0.127786,,1130200,,
0,2,,0.305612,0.068211,0.465227,0.16095,,1131100,,
0,0,,0.413945,0.111154,0.3306,0.1443,,1132700,,
0,0,,0.41969,0.177691,0.269801,0.132818,,1137100,,
0,2,,0.280651,0.149245,0.374395,0.195709,,1140800,,
0,0,,0.418815,0.145424,0.301268,0.134492,,1188900,,
0,0,,0.323952,0.202746,0.281648,0.191653,,1136300,,
0,0,,0.400913,0.252217,0.265741,0.081129,,1134900,,
0,2,,0.230359,0.094688,0.551185,0.123768,,1130300,,
0,2,,0.244852,0.089188,0.475114,0.190847,,1134000,,
0,2,,0.317911,0.105651,0.479665,0.096772,,1136700,,
0,2,,0.278742,0.036064,0.54642,0.138773,,1136700,,
0,0,,0.502523,0.149719,0.272339,0.075418,,1135700,,
0,0,,0.403694,0.190145,0.29367,0.11249,,1140800,,
0,2,,0.21118,0.147725,0.512565,0.12853,,1139900,,
0,2,,0.261855,0.148565,0.475497,0.114083,,1132100,,
0,2,,0.262319,0.14355,0.513907,0.080225,,1133600,,
0,2,,0.248343,0.157189,0.520509,0.073958,,1132200,,
0,0,,0.363076,0.089813,0.241304,0.305807,,1148200,,
0,0,,0.389923,0.235283,0.27519,0.099604,,1146300,,
0,0,,0.458033,0.126641,0.276036,0.13929,,1136600,,
0,0,,0.419663,0.141399,0.288281,0.150658,,1132600,,
0,2,,0.239918,0.157189,0.524172,0.07872,,1134900,,
0,2,,0.301716,0.079267,0.468106,0.150911,,1130800,,
0,0,,0.349771,0.212129,0.305197,0.132902,,1134400,,
0,2,,0.301529,0.065844,0.509741,0.122886,,1135300,,
0,2,,0.260507,0.170037,0.499767,0.069689,,1131300,,
0,0,,0.449242,0.113845,0.338902,0.098012,,1134000,,
0,2,,0.277543,0.068421,0.5097,0.144337,,1133000,,
0,0,,0.427837,0.225589,0.192044,0.15453,,1132800,,
0,0,,0.464112,0.150325,0.275162,0.110401,,1132700,,
0,2,,0.331877,0.110428,0.37691,0.180785,,1147300,,
0,2,,0.266884,0.034324,0.527771,0.171021,,1146300,,
0,0,,0.390022,0.208099,0.248904,0.152975,,1137800,,
0,0,,0.415762,0.180964,0.270092,0.133181,,1136900,,
0,2,,0.267608,0.141898,0.518372,0.072122,,1130700,,
0,0,,0.455361,0.132381,0.283984,0.128274,,1136500,,
0,0,,0.398313,0.180432,0.270071,0.151184,,1133300,,
0,0,,0.371492,0.218014,0.257519,0.152975,,1134400,,
0,2,,0.263238,0.164173,0.493757,0.078832,,1135500,,
1,2,,0.285636,0.157939,0.496333,0.060092,,1139800,,
1,0,,0.437895,0.207879,0.285966,0.06826,,1140000,,
1,0,,0.42493,0.212046,0.220067,0.142957,,1136000,,
1,2,,0.296206,0.142893,0.500809,0.060092,,1133800,,
1,0,,0.465375,0.20826,0.26555,0.060814,,1134600,,
1,2,,0.312612,0.153638,0.474241,0.059508,,1138600,,
1,0,,0.433572,0.200508,0.273688,0.092233,,1132800,,
1,2,,0.265186,0.154706,0.52372,0.056388,,1137800,,
1,2,,0.276739,0.148001,0.509292,0.065968,,1129100,,
1,2,,0.267134,0.15149,0.51461,0.066766,,1133600,,
1,0,,0.419195,0.284326,0.24506,0.05142,,1154300,,
1,0,,0.410583,0.148734,0.205913,0.234771,,1144800,,
1,0,,0.42493,0.212046,0.220067,0.142957,,1136500,,
1,2,,0.304311,0.188365,0.458318,0.049007,,1182300,,
1,2,,0.336631,0.135809,0.498589,0.028971,,1133200,,
1,2,,0.291894,0.178769,0.497931,0.031406,,1131900,,
1,2,,0.29763,0.176142,0.471764,0.054464,,1132600,,
1,2,,0.298784,0.150393,0.490657,0.060166,,1135000,,
1,2,,0.262462,0.187902,0.485145,0.064491,,1156000,,
1,0,,0.31302,0.246384,0.245447,0.195149,,1140000,,
1,2,,0.256957,0.158798,0.528553,0.055692,,1136000,,
1,0,,0.387334,0.245741,0.318576,0.048349,,1137100,,
1,0,,0.411338,0.241908,0.264873,0.081881,,1135700,,
1,2,,0.279506,0.17338,0.477624,0.06949,,1141500,,
1,2,,0.32935,0.110939,0.508346,0.051366,,1134200,,
1,2,,0.29763,0.176142,0.471764,0.054464,,1134800,,
1,2,,0.255622,0.115864,0.48999,0.138524,,1137000,,
1,2,,0.30532,0.168365,0.477309,0.049007,,1144900,,
1,2,,0.282046,0.141206,0.512256,0.064491,,1133400,,
1,2,,0.270027,0.158723,0.502457,0.068794,,1135000,,
1,0,,0.343451,0.255167,0.257674,0.143709,,1136200,,
1,2,,0.277929,0.167957,0.494021,0.060092,,1143000,,
1,2,,0.276739,0.148001,0.509292,0.065968,,1133900,,
1,2,,0.244915,0.115792,0.50077,0.138524,,1163800,,
1,2,,0.282042,0.176809,0.481641,0.059508,,1133100,,
1,0,,0.372656,0.280172,0.221881,0.125291,,1139400,,
1,2,,0.298853,0.167368,0.498086,0.035692,,1131100,,
1,2,,0.253086,0.151202,0.516204,0.079508,,1134800,,
1,2,,0.279882,0.148537,0.50709,0.064491,,1135100,,
1,2,,0.317959,0.155809,0.497187,0.029045,,1133600,,
1,0,,0.374753,0.290684,0.278642,0.055921,,1135500,,
1,0,,0.399154,0.238195,0.314301,0.048349,,1135500,,
1,2,,0.268463,0.15149,0.513207,0.06684,,1131200,,
1,2,,0.259506,0.15338,0.517624,0.06949,,1134300,,
1,2,,0.252787,0.132277,0.545683,0.069253,,1171000,,
1,2,,0.297456,0.150393,0.492059,0.060092,,1134000,,
1,0,,0.4477,0.211139,0.272901,0.06826,,1143700,,
1,2,,0.312612,0.153638,0.474241,0.059508,,1133200,,
1,2,,0.305762,0.190404,0.430878,0.072955,,1131300,,
1,2,,0.284386,0.150439,0.505083,0.060092,,1132000,,
1,2,,0.268463,0.15149,0.513207,0.06684,,1134600,,
1,2,,0.294418,0.17945,0.458708,0.067424,,1134400,,
1,2,,0.261212,0.152277,0.52202,0.064491,,1140600,,
1,0,,0.445804,0.20257,0.283367,0.06826,,1146900,,
1,2,,0.293135,0.169718,0.472072,0.065075,,1133900,,
1,2,,0.265186,0.154706,0.52372,0.056388,,1133100,,
1,2,,0.271108,0.153919,0.51631,0.058664,,1135500,,
1,2,,0.287034,0.161037,0.497465,0.054464,,1140700,,
1,2,,0.271108,0.153919,0.51631,0.058664,,1129900,,
1,0,,0.423466,0.163924,0.352954,0.059656,,1135400,,
1,0,,0.452498,0.202929,0.288721,0.055852,,1136200,,
1,2,,0.327391,0.134679,0.520702,0.017227,,1133800,,
1,2,,0.291303,0.223429,0.420193,0.065075,,1132500,,
1,2,,0.297456,0.150393,0.492059,0.060092,,1134900,,
1,0,,0.435057,0.151433,0.266084,0.147426,,1134700,,
1,2,,0.304311,0.168365,0.478318,0.049007,,1133600,,
1,2,,0.292932,0.163757,0.452528,0.090783,,1128400,,
1,2,,0.244558,0.13637,0.550516,0.068557,,1136500,,
1,2,,0.304311,0.168365,0.478318,0.049007,,1135400,,
1,0,,0.410919,0.157692,0.223972,0.207416,,1138500,,
1,0,,0.399154,0.238195,0.314301,0.048349,,1134800,,
1,2,,0.29763,0.176142,0.471764,0.054464,,1134400,,
1,0,,0.315049,0.195424,0.293756,0.195771,,1136400,,
1,2,,0.266724,0.147105,0.521131,0.06504,,1178500,,
1,2,,0.336631,0.135809,0.498589,0.028971,,1139300,,
1,2,,0.295732,0.159162,0.496099,0.049007,,1132900,,
1,2,,0.258256,0.15463,0.517624,0.06949,,1139000,,
1,0,,0.35101,0.135104,0.301812,0.212075,,1134300,,
1,0,,0.357539,0.278536,0.294474,0.06945,,1137800,,
1,2,,0.30065,0.130178,0.538462,0.03071,,1138000,,
1,0,,0.343451,0.255167,0.257674,0.143709,,1139500,,
1,0,,0.355587,0.262607,0.245168,0.136638,,1141000,,
1,2,,0.255622,0.135864,0.46999,0.138524,,1134200,,
1,2,,0.269858,0.15547,0.514952,0.059719,,1133300,,
1,0,,0.353308,0.315802,0.247303,0.083587,,1164000,,
1,2,,0.32838,0.160913,0.461774,0.048933,,1134700,,
1,2,,0.250027,0.158723,0.522457,0.068794,,1133700,,
1,2,,0.275802,0.188086,0.466859,0.069253,,1139500,,
1,0,,0.43079,0.224602,0.288756,0.055852,,1137700,,
1,2,,0.303991,0.168365,0.478711,0.048933,,1134000,,
1,2,,0.306845,0.197049,0.409475,0.086631,,1138000,,
1,0,,0.432176,0.139141,0.280961,0.147722,,1136500,,
1,2,,0.244558,0.128245,0.558641,0.068557,,1138200,,
1,2,,0.266724,0.147105,0.521131,0.06504,,1133400,,
1,0,,0.4422,0.224595,0.264945,0.06826,,1135600,,
1,2,,0.297456,0.150393,0.492059,0.060092,,1132100,,
1,2,,0.29241,0.153107,0.505551,0.048933,,1136500,,
1,2,,0.323035,0.160356,0.456516,0.060092,,1179200,,
1,2,,0.260494,0.150384,0.51987,0.069253,,1135700,,
1,2,,0.290318,0.168235,0.495824,0.045624,,1134700,,
1,2,,0.252983,0.148245,0.534978,0.063795,,1133200,,
1,2,,0.291303,0.223429,0.420193,0.065075,,1198800,,
1,0,,0.440304,0.196026,0.295411,0.06826,,1139400,,
1,0,,0.371177,0.232021,0.253094,0.143709,,1138000,,
1,0,,0.432395,0.201335,0.29801,0.06826,,1132900,,
1,2,,0.257388,0.19373,0.47963,0.069253,,1145000,,
1,2,,0.280792,0.161184,0.498516,0.059508,,1136000,,
1,2,,0.265186,0.154706,0.52372,0.056388,,1138400,,
1,2,,0.330984,0.135809,0.515395,0.017811,,1133400,,
1,2,,0.250027,0.158723,0.522457,0.068794,,1139500,,
1,2,,0.305362,0.210327,0.419236,0.065075,,1135100,,
1,2,,0.301844,0.167591,0.474176,0.056388,,1136100,,
1,2,,0.288518,0.152717,0.509439,0.049326,,1142000,,
1,2,,0.258457,0.100501,0.498048,0.142993,,1138300,,
1,2,,0.282042,0.156809,0.501641,0.059508,,1135700,,
1,2,,0.278954,0.143945,0.510335,0.066766,,1132600,,
1,2,,0.29763,0.176142,0.471764,0.054464,,1132900,,
1,2,,0.308679,0.175214,0.463331,0.052776,,1135600,,
1,2,,0.256957,0.158798,0.528553,0.055692,,1134900,,
1,2,,0.252765,0.145572,0.527592,0.07407,,1130000,,
1,2,,0.24434,0.145572,0.531255,0.078832,,1135300,,
1,2,,0.298958,0.176142,0.470362,0.054538,,1131900,,
1,2,,0.236144,0.146841,0.440698,0.176317,,1141800,,
1,2,,0.32437,0.224707,0.401916,0.049007,,1172300,,
1,2,,0.247456,0.144952,0.538267,0.069326,,1131500,,
1,2,,0.272787,0.152277,0.505683,0.069253,,1132800,,
1,2,,0.288799,0.168682,0.502497,0.040022,,1136000,,
1,2,,0.294409,0.160084,0.480433,0.065075,,1131200,,
1,2,,0.294409,0.160084,0.480433,0.065075,,1130100,,
1,0,,0.353308,0.295802,0.267303,0.083587,,1140300,,
1,2,,0.287221,0.166707,0.465979,0.080092,,1132900,,
1,2,,0.304235,0.172386,0.458305,0.065075,,1131700,,
1,2,,0.285636,0.157939,0.496333,0.060092,,1138100,,
1,2,,0.256739,0.148001,0.529292,0.065968,,1133000,,
1,2,,0.28602,0.163635,0.493956,0.056388,,1138300,,
1,0,,0.452908,0.184668,0.294165,0.06826,,1138700,,
1,2,,0.292491,0.19591,0.462592,0.049007,,1126100,,
1,0,,0.396849,0.246005,0.275266,0.081881,,1140900,,
1,2,,0.267134,0.15149,0.51461,0.066766,,1131800,,
1,2,,0.268213,0.150566,0.517694,0.063527,,1131600,,
1,2,,0.252983,0.148245,0.534978,0.063795,,1137300,,
1,0,,0.426917,0.222679,0.294552,0.055852,,1143200,,
1,2,,0.298958,0.176142,0.470362,0.054538,,1147500,,
1,2,,0.298958,0.176142,0.470362,0.054538,,1130100,,
1,0,,0.415166,0.183241,0.242057,0.159537,,1135400,,
1,2,,0.332554,0.171582,0.480912,0.014952,,1144100,,
1,2,,0.286724,0.167105,0.501131,0.04504,,1138700,,
1,2,,0.343295,0.223198,0.384574,0.048933,,1143700,,
1,2,,0.30532,0.168365,0.477309,0.049007,,1136100,,
1,2,,0.262462,0.187902,0.485145,0.064491,,1146700,,
1,2,,0.288471,0.174207,0.477229,0.060092,,1145400,,
1,0,,0.4422,0.224595,0.264945,0.06826,,1138300,,
1,2,,0.256957,0.158798,0.528553,0.055692,,1132100,,
1,0,,0.432395,0.221335,0.27801,0.06826,,1136900,,
1,2,,0.258457,0.120501,0.478048,0.142993,,1131300,,
1,2,,0.278824,0.17069,0.49908,0.051406,,1133000,,
1,2,,0.286724,0.167105,0.501131,0.04504,,1140300,,
1,2,,0.254086,0.160164,0.529362,0.056388,,1133100,,
1,2,,0.327276,0.215785,0.402475,0.054464,,1139900,,
1,2,,0.327391,0.134679,0.520702,0.017227,,1129900,,
1,2,,0.258256,0.142755,0.529499,0.06949,,1132500,,
1,2,,0.326134,0.21795,0.388346,0.067571,,1133800,,
1,2,,0.253477,0.1566,0.413606,0.176317,,1135200,,
1,2,,0.224856,0.14717,0.549162,0.078812,,1159000,,
1,2,,0.353948,0.218456,0.373131,0.054464,,1136500,,
1,0,,0.4477,0.211139,0.272901,0.06826,,1131800,,
2,2,,0.295196,0.056909,0.415731,0.232164,,1142700,,
2,2,,0.196341,0.101656,0.609342,0.092662,,1133100,,
2,2,,0.203462,0.069825,0.631098,0.095615,,1141000,,
2,2,,0.217646,0.046703,0.628657,0.106994,,1144200,,
2,2,,0.220376,0.047645,0.627229,0.10475,,1136900,,
2,2,,0.22884,0.087464,0.598268,0.085427,,1171700,,
2,2,,0.293105,0.080791,0.525087,0.101017,,1147300,,
2,2,,0.218232,0.065539,0.595741,0.120488,,1139600,,
2,2,,0.186619,0.086542,0.620133,0.106705,,1146700,,
2,2,,0.247135,0.12171,0.588422,0.042734,,1148300,,
2,2,,0.220406,0.079717,0.605949,0.093928,,1148900,,
2,2,,0.29717,0.069436,0.401523,0.23187,,1142000,,
2,2,,0.257745,0.147366,0.534831,0.060058,,1142900,,
2,2,,0.200192,0.092965,0.592318,0.114525,,1133900,,
2,2,,0.207824,0.023009,0.621444,0.147723,,1133800,,
2,2,,0.22391,0.017847,0.645547,0.112696,,1132900,,
2,2,,0.211526,0.072843,0.589286,0.126345,,1131900,,
2,2,,0.257079,0.113294,0.575526,0.054101,,1132000,,
2,2,,0.184583,0.051456,0.58052,0.183442,,1142000,,
2,2,,0.219704,0.020178,0.572423,0.187695,,1143600,,
2,2,,0.270399,0.115477,0.561446,0.052678,,1135500,,
2,2,,0.262153,0.077461,0.490079,0.170307,,1135600,,
2,2,,0.14118,0.047004,0.704918,0.106899,,1131900,,
2,2,,0.209041,0.03714,0.626284,0.127534,,1135800,,
2,2,,0.269858,0.15547,0.514952,0.059719,,1137000,,
2,2,,0.163979,0.042623,0.64974,0.143658,,1131300,,
2,2,,0.24294,0.068791,0.549089,0.13918,,1133400,,
2,2,,0.296211,0.084654,0.521548,0.097588,,1135500,,
2,2,,0.280589,0.100479,0.577487,0.041445,,1131700,,
2,2,,0.161766,0.038,0.680132,0.120102,,1130700,,
2,2,,0.261266,0.063367,0.547197,0.12817,,1137700,,
2,2,,0.263447,0.046676,0.584492,0.105386,,1132300,,
2,2,,0.225453,0.066156,0.573917,0.134474,,1141200,,
2,2,,0.212975,0.074118,0.630019,0.082889,,1134000,,
2,2,,0.23898,0.079749,0.555812,0.125459,,1135900,,
2,2,,0.207749,0.032013,0.680306,0.079932,,1138100,,
2,2,,0.257079,0.113294,0.575526,0.054101,,1153500,,
2,2,,0.283448,0.074764,0.594814,0.046974,,1135700,,
2,2,,0.260053,0.096627,0.507419,0.135901,,1140500,,
2,2,,0.251686,0.123211,0.390908,0.234195,,1138900,,
2,2,,0.219018,0.066918,0.579589,0.134474,,1134100,,
2,2,,0.22467,0.045808,0.618828,0.110694,,1134200,,
2,2,,0.211579,0.102535,0.589488,0.096398,,1133000,,
2,2,,0.214345,0.092086,0.607559,0.08601,,1133100,,
2,2,,0.231248,0.068237,0.608372,0.092143,,1137600,,
2,2,,0.241533,0.085794,0.543304,0.129369,,1139800,,
2,2,,0.216387,0.089318,0.592031,0.102264,,1132600,,
2,2,,0.235766,0.09414,0.587658,0.082436,,1138000,,
2,2,,0.183429,0.039861,0.676338,0.100372,,1134700,,
2,2,,0.237745,0.147366,0.554831,0.060058,,1132900,,
2,2,,0.285972,0.102943,0.555935,0.05515,,1163200,,
2,2,,0.250932,0.058987,0.602823,0.087258,,1132300,,
2,2,,0.259104,0.112117,0.569599,0.05918,,1130100,,
2,2,,0.230544,0.088703,0.588184,0.092569,,1132300,,
2,2,,0.263327,0.10606,0.588463,0.04215,,1134100,,
2,2,,0.230965,0.052283,0.579352,0.1374,,1136200,,
2,2,,0.25445,0.048254,0.576823,0.120474,,1130000,,
2,2,,0.295196,0.056909,0.415731,0.232164,,1152300,,
2,2,,0.257863,0.114877,0.599124,0.028135,,1131100,,
2,2,,0.25969,0.13422,0.573556,0.032534,,1135400,,
2,2,,0.246051,0.119792,0.580079,0.054078,,1138700,,
2,2,,0.258651,0.138969,0.54766,0.05472,,1140200,,
2,2,,0.246113,0.031238,0.579328,0.143321,,1143200,,
2,2,,0.23178,0.038246,0.573123,0.15685,,1179300,,
2,2,,0.231223,0.086161,0.53163,0.150986,,1138900,,
2,2,,0.218966,0.113809,0.595539,0.071686,,1134600,,
2,2,,0.203185,0.068237,0.631583,0.096995,,1137600,,
2,2,,0.241347,0.122022,0.589872,0.046759,,1136200,,
2,0,,0.457684,0.13722,0.341868,0.063229,,1142500,,
2,2,,0.211579,0.082535,0.589488,0.116398,,1133800,,
2,2,,0.252199,0.129214,0.425635,0.192952,,1138800,,
2,2,,0.181587,0.078362,0.633826,0.106225,,1132400,,
2,2,,0.242435,0.017847,0.582052,0.157666,,1143700,,
2,2,,0.269858,0.13547,0.534952,0.059719,,1148300,,
2,2,,0.25431,0.064264,0.549571,0.131855,,1136800,,
2,2,,0.183429,0.039861,0.696338,0.080372,,1131600,,
2,2,,0.213874,0.113219,0.558027,0.11488,,1134500,,
2,2,,0.240018,0.122022,0.591275,0.046685,,1135700,,
2,2,,0.291589,0.076007,0.526048,0.106356,,1131900,,
2,2,,0.279104,0.112117,0.549599,0.05918,,1152100,,
2,2,,0.257108,0.018109,0.61205,0.112733,,1130500,,
2,2,,0.203223,0.090769,0.582372,0.123636,,1134600,,
2,2,,0.258909,0.104595,0.594383,0.042113,,1134100,,
2,0,,0.350729,0.262949,0.340249,0.046074,,1140200,,
2,2,,0.239016,0.045367,0.601489,0.114127,,1124500,,
2,2,,0.273457,0.112117,0.566405,0.048021,,1129600,,
2,2,,0.203049,0.072965,0.609765,0.114221,,1141900,,
2,2,,0.221768,0.081036,0.588062,0.109134,,1133400,,
2,2,,0.232497,0.12744,0.570589,0.069473,,1132800,,
2,2,,0.257863,0.123002,0.590999,0.028135,,1144800,,
2,2,,0.243929,0.116585,0.58687,0.052616,,1138200,,
2,2,,0.196453,0.142609,0.549114,0.111824,,1137700,,
2,2,,0.243309,0.106633,0.527846,0.122212,,1131900,,
2,2,,0.240241,0.059267,0.524115,0.176377,,1138600,,
2,2,,0.250493,0.13615,0.591912,0.021445,,1135600,,
2,2,,0.244177,0.092275,0.606072,0.057476,,1133400,,
2,2,,0.193595,0.058237,0.617474,0.130694,,1133500,,
2,2,,0.290882,0.07554,0.571415,0.062163,,1146800,,
2,2,,0.210687,0.050656,0.670606,0.068051,,1140700,,
2,2,,0.203165,0.052794,0.602686,0.141355,,1133000,,
2,2,,0.196638,0.042392,0.653628,0.107342,,1134200,,
2,2,,0.277147,0.099095,0.60224,0.021519,,1143500,,
2,2,,0.245149,0.074089,0.596988,0.083774,,1162200,,
2,2,,0.200355,0.098957,0.629365,0.071323,,1134000,,
2,0,,0.390504,0.271346,0.289219,0.048931,,1137300,,
2,2,,0.167319,0.040847,0.652762,0.139073,,1134200,,
2,2,,0.187811,0.092086,0.589619,0.130485,,1134800,,
2,2,,0.265972,0.102943,0.575935,0.05515,,1132200,,
2,2,,0.274747,0.097799,0.406972,0.220483,,1138300,,
2,2,,0.246457,0.072007,0.55415,0.127386,,1135900,,
2,2,,0.29902,0.076689,0.523275,0.101017,,1134900,,
2,2,,0.251369,0.120673,0.534945,0.093013,,1139100,,
2,2,,0.254995,0.123832,0.588602,0.032571,,1126500,,
2,2,,0.280589,0.100479,0.577487,0.041445,,1135900,,
2,2,,0.196317,0.05444,0.622962,0.126281,,1134800,,
2,2,,0.199553,0.017062,0.573507,0.209878,,1148600,,
2,2,,0.193192,0.018928,0.5798,0.20808,,1156500,,
2,2,,0.197456,0.017062,0.595845,0.189637,,1135800,,
2,0,,0.389835,0.240419,0.320227,0.049519,,1139400,,
2,2,,0.185904,0.024175,0.61973,0.17019,,1135100,,
2,2,,0.248679,0.195766,0.522437,0.033118,,1133300,,
2,2,,0.237745,0.147366,0.554831,0.060058,,1136500,,
2,2,,0.246685,0.138949,0.559268,0.055097,,1136200,,
2,2,,0.207749,0.032013,0.680306,0.079932,,1143300,,
2,2,,0.275431,0.052483,0.588238,0.083848,,1141000,,
2,2,,0.238967,0.043479,0.585699,0.131855,,1136000,,
2,2,,0.183725,0.045256,0.702821,0.068198,,1136000,,
2,2,,0.254779,0.111986,0.504964,0.128271,,1135900,,
2,2,,0.271649,0.122977,0.552696,0.052678,,1136900,,
2,2,,0.250493,0.11615,0.611912,0.021445,,1163000,,
2,2,,0.18547,0.049058,0.665352,0.10012,,1134400,,
2,2,,0.242986,0.14471,0.532849,0.079455,,1131400,,
2,2,,0.197806,0.096429,0.601802,0.103963,,1135000,,
2,2,,0.190687,0.050656,0.690606,0.068051,,1132100,,
2,2,,0.205168,0.078838,0.605802,0.110192,,1133200,,
2,2,,0.245893,0.047878,0.587568,0.118661,,1136400,,
2,2,,0.194751,0.112594,0.616936,0.075719,,1131400,,
2,0,,0.381683,0.21866,0.351309,0.048349,,1137100,,
2,2,,0.200626,0.041778,0.644898,0.112698,,1130900,,
2,2,,0.205306,0.08281,0.626291,0.085592,,1131800,,
2,2,,0.183725,0.045256,0.702821,0.068198,,1130900,,
2,2,,0.22391,0.017847,0.606658,0.151585,,1144100,,
2,2,,0.190384,0.065175,0.57139,0.173051,,1140400,,
2,2,,0.247395,0.048075,0.572675,0.131855,,1134100,,
2,2,,0.22556,0.184179,0.525413,0.064848,,1132500,,
2,2,,0.239696,0.129886,0.590482,0.039936,,1139400,,
2,2,,0.218428,0.047162,0.601614,0.132796,,1132300,,
2,2,,0.223483,0.023009,0.562181,0.191327,,1133600,,
2,2,,0.227908,0.151943,0.599288,0.020861,,1135700,,
2,2,,0.147799,0.085276,0.673627,0.093298,,1132800,,
2,2,,0.280589,0.100479,0.577487,0.041445,,1145000,,
2,2,,0.251092,0.139178,0.428688,0.181041,,1139800,,
2,2,,0.219394,0.133333,0.578057,0.069215,,1136700,,
2,2,,0.216917,0.027247,0.675905,0.079931,,1131500,,
2,2,,0.182017,0.091495,0.610383,0.116105,,1135100,,
2,2,,0.235585,0.136282,0.573036,0.055097,,1161900,,
2,2,,0.222191,0.041652,0.629932,0.106225,,1134700,,
2,2,,0.209136,0.069879,0.620115,0.10087,,1130200,,
2,2,,0.258589,0.164962,0.543294,0.033155,,1136000,,
2,2,,0.241356,0.047262,0.573873,0.137508,,1140700,,
2,2,,0.253457,0.112117,0.586405,0.048021,,1136800,,
2,2,,0.225225,0.042784,0.598882,0.133109,,1136400,,
2,2,,0.254339,0.139463,0.546515,0.059683,,1134100,,
2,2,,0.219858,0.07714,0.61047,0.092532,,1132700,,
