wall-following,CWE,test,3,NANOSECONDS,PREDICTIONS, Generated by ClassifierExperiments.java on 2022-05-17 03:09:09.    SYSTEMPROPERTIES:{user.name:matth,os.arch:amd64,os.name:Windows 10},ENDSYSTEMPROPERTIES
No parameter info
0.6010978956999085,727182200,1229379900,-1,0,4,,-1,-1
0,2,,0.265218,0.090199,0.587246,0.057336,,1492100,,
0,0,,0.374377,0.197655,0.220675,0.207293,,1391300,,
0,0,,0.409634,0.218524,0.249533,0.122309,,1372200,,
0,2,,0.261037,0.064702,0.533898,0.140363,,1360900,,
0,0,,0.366092,0.180778,0.31046,0.142671,,1358900,,
0,0,,0.399086,0.202448,0.220903,0.177563,,1356700,,
0,2,,0.247711,0.090073,0.532322,0.129895,,1458500,,
0,0,,0.394778,0.186115,0.209328,0.209779,,1585000,,
0,0,,0.400287,0.203331,0.240961,0.15542,,1120300,,
0,0,,0.394448,0.24445,0.283715,0.077386,,1121500,,
0,2,,0.211478,0.035705,0.568511,0.184306,,1125200,,
0,0,,0.366752,0.214918,0.31548,0.10285,,1125500,,
0,2,,0.229466,0.084863,0.61457,0.0711,,1122900,,
0,0,,0.35282,0.214933,0.282477,0.149769,,1113900,,
0,0,,0.482639,0.180632,0.171437,0.165293,,1135500,,
0,2,,0.227837,0.047335,0.551461,0.173367,,1128000,,
0,0,,0.420069,0.248886,0.216649,0.114396,,1124800,,
0,0,,0.41848,0.142207,0.287287,0.152025,,1125000,,
0,2,,0.220579,0.033223,0.586459,0.159739,,1155100,,
0,2,,0.285003,0.184867,0.467613,0.062517,,1126200,,
0,2,,0.274408,0.06996,0.448339,0.207293,,1127000,,
0,2,,0.202775,0.080474,0.588413,0.128339,,1110600,,
0,2,,0.275999,0.074188,0.452284,0.197529,,1128900,,
0,2,,0.23845,0.120846,0.576921,0.063783,,1114100,,
0,2,,0.291084,0.054168,0.477332,0.177416,,1126800,,
0,0,,0.361161,0.258743,0.247974,0.132123,,1122600,,
0,2,,0.281441,0.13806,0.517192,0.063307,,1115700,,
0,2,,0.215015,0.082151,0.630784,0.07205,,1115800,,
0,0,,0.401915,0.157785,0.312681,0.127618,,1117700,,
0,0,,0.482482,0.145601,0.176407,0.195509,,1126700,,
0,0,,0.494613,0.126264,0.242064,0.13706,,1121400,,
0,0,,0.457315,0.232098,0.200187,0.1104,,1118400,,
0,0,,0.425376,0.209119,0.204759,0.160747,,1143200,,
0,2,,0.220011,0.030281,0.570787,0.178922,,1118100,,
0,0,,0.403259,0.198124,0.219341,0.179276,,1115600,,
0,0,,0.46845,0.191813,0.220399,0.119338,,1117300,,
0,2,,0.237846,0.051743,0.455342,0.255069,,1121400,,
0,0,,0.439608,0.229587,0.222761,0.108044,,1113900,,
0,0,,0.397995,0.195272,0.235171,0.171561,,1439700,,
0,2,,0.22216,0.047871,0.573175,0.156795,,1395900,,
0,0,,0.455602,0.296899,0.185886,0.061613,,1378600,,
0,0,,0.348097,0.240037,0.345775,0.066091,,1375500,,
0,0,,0.37315,0.181954,0.309283,0.135612,,1375400,,
0,0,,0.494828,0.202135,0.169897,0.133141,,1384000,,
0,2,,0.262474,0.054168,0.481105,0.202253,,1402800,,
0,0,,0.504235,0.164198,0.189077,0.142489,,1191400,,
0,0,,0.476193,0.184787,0.1629,0.176121,,1094200,,
0,0,,0.464625,0.192998,0.214035,0.128342,,1095800,,
0,2,,0.254424,0.070143,0.555754,0.119679,,1091700,,
0,2,,0.275999,0.074188,0.452284,0.197529,,1094900,,
0,2,,0.227048,0.073886,0.557389,0.141676,,1152000,,
0,0,,0.379549,0.23733,0.219498,0.163623,,1107800,,
0,0,,0.351618,0.18882,0.299958,0.159604,,1110300,,
0,2,,0.205892,0.027612,0.520442,0.246053,,1102000,,
0,0,,0.492105,0.235529,0.196328,0.076038,,1105800,,
0,0,,0.398774,0.267539,0.219147,0.114539,,1099700,,
0,2,,0.282712,0.155904,0.458534,0.10285,,1101600,,
0,0,,0.37569,0.259751,0.268106,0.096454,,1108900,,
0,0,,0.355626,0.181331,0.340582,0.122461,,1109100,,
0,0,,0.463028,0.134009,0.238921,0.164042,,1108600,,
0,2,,0.247673,0.051905,0.576697,0.123725,,1111300,,
0,0,,0.40902,0.18209,0.19674,0.21215,,1111000,,
0,2,,0.262474,0.054168,0.481105,0.202253,,1108500,,
0,0,,0.396396,0.296275,0.21877,0.08856,,1110000,,
0,2,,0.240297,0.057167,0.453066,0.249469,,1166100,,
0,2,,0.307058,0.05796,0.450925,0.184057,,1101100,,
0,2,,0.273022,0.122504,0.51794,0.086533,,1111300,,
0,0,,0.456605,0.174838,0.212236,0.156321,,1107200,,
0,2,,0.208499,0.058246,0.571274,0.161981,,1103100,,
0,2,,0.245044,0.1204,0.560904,0.073651,,1103100,,
0,2,,0.201534,0.08255,0.554952,0.160964,,1138900,,
0,2,,0.244216,0.064911,0.563278,0.127595,,1105200,,
0,0,,0.344278,0.230624,0.241916,0.183182,,1110700,,
0,2,,0.23459,0.050143,0.559696,0.15557,,1104100,,
0,0,,0.389435,0.272947,0.254809,0.082809,,1109500,,
0,0,,0.464505,0.090695,0.284829,0.15997,,1107400,,
0,2,,0.261465,0.095879,0.55484,0.087816,,1105600,,
0,0,,0.443756,0.16596,0.18823,0.202054,,1108400,,
0,0,,0.402623,0.257394,0.271677,0.068307,,1219300,,
0,0,,0.401161,0.249652,0.217064,0.132123,,1116700,,
0,0,,0.397667,0.298603,0.206791,0.096939,,1104400,,
0,0,,0.465319,0.230339,0.189945,0.114396,,1108900,,
0,2,,0.2865,0.066413,0.532472,0.114616,,1108500,,
0,2,,0.288326,0.051266,0.460934,0.199474,,1108100,,
0,0,,0.476193,0.175067,0.172619,0.176121,,1129300,,
0,2,,0.213706,0.029709,0.624479,0.132105,,1112700,,
0,2,,0.275516,0.066413,0.532472,0.1256,,1120700,,
0,0,,0.421123,0.298579,0.204697,0.075601,,1111900,,
0,0,,0.403809,0.207344,0.193483,0.195363,,1111800,,
0,2,,0.241635,0.100035,0.586357,0.071973,,1108300,,
0,0,,0.344251,0.273758,0.184141,0.197849,,1120800,,
0,0,,0.399166,0.216717,0.243134,0.140983,,1113100,,
0,2,,0.250603,0.12803,0.564031,0.057336,,1111900,,
0,0,,0.420383,0.162196,0.261658,0.155763,,1114900,,
0,2,,0.237569,0.081979,0.552322,0.12813,,1116000,,
0,2,,0.276736,0.154681,0.505276,0.063307,,1111700,,
0,0,,0.447476,0.2236,0.195783,0.133141,,1118300,,
0,0,,0.433571,0.187254,0.219378,0.159798,,1159000,,
0,0,,0.374129,0.158816,0.339796,0.12726,,1111900,,
0,0,,0.378662,0.197655,0.222389,0.201293,,1115600,,
0,2,,0.227048,0.073886,0.557389,0.141676,,1114300,,
0,0,,0.379062,0.20195,0.180283,0.238704,,1109600,,
0,2,,0.264638,0.134162,0.519211,0.081988,,1113100,,
0,0,,0.429818,0.285094,0.168809,0.116279,,1110900,,
0,0,,0.430101,0.198263,0.188582,0.183055,,1114000,,
0,0,,0.51254,0.219299,0.192984,0.075176,,1120100,,
0,2,,0.204685,0.035246,0.534132,0.225937,,1131000,,
0,0,,0.368668,0.219614,0.295612,0.116106,,1116500,,
0,2,,0.211251,0.059492,0.582109,0.147148,,1114400,,
0,2,,0.221579,0.062219,0.571489,0.144713,,1113500,,
0,0,,0.361538,0.148418,0.303113,0.186932,,1124600,,
0,0,,0.376977,0.234473,0.244069,0.14448,,1143000,,
0,0,,0.354373,0.239653,0.253351,0.152623,,1115900,,
0,2,,0.293743,0.054168,0.459391,0.192697,,1109200,,
0,2,,0.230578,0.033794,0.585225,0.150403,,1107000,,
0,2,,0.265847,0.066532,0.540458,0.127163,,1106500,,
0,0,,0.374484,0.223314,0.19296,0.209243,,1111800,,
0,2,,0.227696,0.06197,0.565621,0.144713,,1108300,,
0,2,,0.319898,0.090687,0.472161,0.117254,,1106100,,
0,0,,0.409411,0.256694,0.196629,0.137266,,1108200,,
0,2,,0.253029,0.098615,0.59102,0.057336,,1109100,,
0,0,,0.368956,0.193323,0.310315,0.127406,,1106700,,
0,2,,0.240552,0.114976,0.561311,0.083161,,1107400,,
0,2,,0.204324,0.048172,0.568036,0.179468,,1111800,,
0,2,,0.235217,0.059759,0.558274,0.14675,,1120800,,
0,2,,0.307058,0.05796,0.450925,0.184057,,1106500,,
0,0,,0.439446,0.179638,0.239058,0.141858,,1120600,,
0,0,,0.367674,0.214788,0.324658,0.092881,,1120300,,
0,2,,0.220244,0.073014,0.561687,0.145056,,1106700,,
0,0,,0.381114,0.223446,0.265333,0.130107,,1110500,,
0,0,,0.375821,0.269884,0.288203,0.066091,,1113400,,
0,0,,0.41915,0.082926,0.264071,0.233853,,1110600,,
0,0,,0.35518,0.231997,0.274941,0.137882,,1118700,,
0,0,,0.361025,0.263776,0.192575,0.182623,,1107000,,
0,0,,0.404336,0.268479,0.179664,0.147522,,1109500,,
0,2,,0.208442,0.047335,0.553996,0.190227,,1105700,,
0,0,,0.403612,0.14102,0.313537,0.141831,,1109000,,
0,0,,0.369981,0.267526,0.25925,0.103243,,1110800,,
0,2,,0.231055,0.051113,0.5568,0.161031,,1144800,,
0,2,,0.232357,0.120606,0.563142,0.083895,,1107000,,
0,2,,0.26916,0.141624,0.512105,0.07711,,1113900,,
0,2,,0.296911,0.06664,0.454369,0.18208,,1116700,,
0,0,,0.432897,0.123765,0.245923,0.197416,,1119100,,
0,0,,0.382189,0.171781,0.295636,0.150393,,1111200,,
0,0,,0.415233,0.247752,0.198971,0.138044,,1116700,,
0,0,,0.384336,0.278824,0.209319,0.127522,,1116200,,
0,2,,0.244216,0.064911,0.563278,0.127595,,1112900,,
0,2,,0.244797,0.114964,0.579214,0.061025,,1116500,,
0,0,,0.439324,0.239041,0.193293,0.128342,,1116700,,
0,2,,0.26916,0.141624,0.512105,0.07711,,1114900,,
0,0,,0.463949,0.1175,0.263359,0.155192,,1124200,,
0,2,,0.246974,0.124501,0.562357,0.066168,,1119000,,
0,2,,0.292391,0.069037,0.459255,0.179317,,1115000,,
0,0,,0.350289,0.265399,0.280091,0.104222,,1115000,,
0,2,,0.208282,0.108569,0.56606,0.117089,,1111300,,
0,2,,0.240297,0.047512,0.482722,0.229469,,1121300,,
0,2,,0.295432,0.066546,0.453965,0.184057,,1113900,,
0,2,,0.275425,0.137692,0.517521,0.069362,,1114700,,
0,2,,0.241373,0.08908,0.541231,0.128317,,1114500,,
0,2,,0.272475,0.147026,0.517192,0.063307,,1114800,,
0,2,,0.25979,0.131051,0.419874,0.189286,,1121200,,
0,2,,0.240297,0.057167,0.473066,0.229469,,1119400,,
0,0,,0.409591,0.230057,0.200624,0.159728,,1116700,,
0,0,,0.373806,0.213891,0.220005,0.192298,,1114300,,
0,2,,0.216211,0.04669,0.569397,0.167702,,1116700,,
0,2,,0.237528,0.042087,0.471809,0.248575,,1112100,,
0,2,,0.237846,0.051743,0.475342,0.235069,,1115300,,
0,2,,0.213618,0.113014,0.553166,0.120202,,1108700,,
0,0,,0.448963,0.1989,0.247324,0.104812,,1110500,,
0,0,,0.437498,0.175363,0.18432,0.202819,,1109900,,
0,0,,0.403023,0.078838,0.2831,0.235039,,1107900,,
0,0,,0.456828,0.18977,0.234207,0.119195,,1107200,,
0,0,,0.413195,0.195005,0.207866,0.183933,,1110200,,
0,2,,0.270082,0.062279,0.480669,0.18697,,1106100,,
0,0,,0.481948,0.148681,0.213402,0.15597,,1115700,,
0,0,,0.362875,0.250743,0.253688,0.132694,,1111800,,
0,0,,0.34104,0.291194,0.268491,0.099275,,1115100,,
0,0,,0.406419,0.19807,0.196172,0.199339,,1134600,,
0,2,,0.256392,0.102018,0.57892,0.06267,,1111800,,
0,0,,0.376996,0.180213,0.218081,0.22471,,1113900,,
0,2,,0.213516,0.066575,0.540356,0.179553,,1116800,,
0,2,,0.220225,0.035031,0.587332,0.157412,,1115500,,
0,0,,0.450753,0.179553,0.232634,0.13706,,1114500,,
0,2,,0.295432,0.066546,0.453965,0.184057,,1108800,,
0,2,,0.238681,0.06197,0.565621,0.133729,,1110200,,
0,0,,0.439446,0.179638,0.239058,0.141858,,1113700,,
0,0,,0.466973,0.187242,0.200327,0.145458,,1119700,,
0,2,,0.305724,0.107653,0.478582,0.108041,,1118500,,
0,2,,0.240552,0.114976,0.561311,0.083161,,1111800,,
0,2,,0.285589,0.147842,0.494833,0.071735,,1111800,,
0,0,,0.349073,0.172384,0.316867,0.161676,,1115000,,
0,2,,0.243598,0.071185,0.551489,0.133729,,1140300,,
0,2,,0.240858,0.056538,0.563889,0.138715,,1114600,,
0,2,,0.233456,0.03984,0.580189,0.146514,,1113300,,
0,0,,0.430656,0.206041,0.180248,0.183055,,1114200,,
0,0,,0.395568,0.196831,0.232607,0.174994,,1110000,,
0,2,,0.249715,0.070935,0.545621,0.133729,,1109100,,
0,0,,0.374484,0.213658,0.202615,0.209243,,1113300,,
0,0,,0.464303,0.212362,0.171995,0.15134,,1117900,,
0,0,,0.399404,0.202448,0.214091,0.184057,,1117100,,
0,0,,0.392487,0.206298,0.188918,0.212298,,1117200,,
0,2,,0.245275,0.05018,0.467699,0.236846,,1111200,,
0,0,,0.363861,0.160154,0.353523,0.122461,,1116300,,
0,0,,0.403708,0.204312,0.219378,0.172601,,1104800,,
0,2,,0.269328,0.144964,0.523968,0.061739,,1112000,,
0,0,,0.474036,0.198255,0.184648,0.143061,,1131800,,
0,0,,0.432661,0.170397,0.184499,0.212444,,1108900,,
0,0,,0.372032,0.207715,0.273514,0.146739,,1127900,,
0,0,,0.381121,0.221383,0.178057,0.219439,,1120500,,
0,2,,0.226535,0.073014,0.572322,0.12813,,1115700,,
0,2,,0.284343,0.112296,0.424351,0.179009,,1115400,,
0,2,,0.224838,0.074259,0.577643,0.12326,,1114100,,
0,0,,0.402579,0.096492,0.267077,0.233853,,1118600,,
0,0,,0.393374,0.252472,0.202441,0.151713,,1122400,,
0,0,,0.403283,0.140841,0.231618,0.224258,,1118900,,
0,0,,0.515615,0.209217,0.213482,0.061686,,1113600,,
0,0,,0.374129,0.158816,0.339796,0.12726,,1131500,,
0,0,,0.371454,0.203293,0.264244,0.161009,,1114800,,
0,0,,0.386169,0.22107,0.182526,0.210236,,1122600,,
0,2,,0.253095,0.111132,0.547543,0.088229,,1113500,,
0,0,,0.405721,0.157936,0.26098,0.175363,,1115100,,
0,2,,0.252778,0.100606,0.5695,0.077116,,1115800,,
0,0,,0.437078,0.149958,0.277352,0.135612,,1115800,,
0,0,,0.503423,0.167493,0.209889,0.119195,,1118000,,
0,0,,0.453541,0.222339,0.195778,0.128342,,1117000,,
0,0,,0.35171,0.217677,0.201166,0.229447,,1115500,,
0,2,,0.266439,0.134162,0.512854,0.086545,,1111500,,
0,2,,0.214594,0.045796,0.553906,0.185705,,1113500,,
0,0,,0.418428,0.139387,0.244769,0.197416,,1111900,,
0,0,,0.418268,0.236123,0.213486,0.132123,,1114400,,
0,2,,0.228873,0.079028,0.545621,0.146477,,1113800,,
0,2,,0.25825,0.068462,0.550924,0.122364,,1121200,,
0,0,,0.401161,0.249652,0.217064,0.132123,,1112800,,
0,2,,0.249715,0.070935,0.545621,0.133729,,1114300,,
0,0,,0.411999,0.198913,0.24723,0.141858,,1114800,,
0,0,,0.415335,0.124063,0.295673,0.164929,,1120900,,
0,0,,0.393575,0.249064,0.254043,0.103317,,1107500,,
0,2,,0.324625,0.218054,0.329498,0.127822,,1115200,,
0,2,,0.215016,0.053537,0.547424,0.184024,,1111600,,
0,2,,0.236047,0.06049,0.579737,0.123725,,1117200,,
0,2,,0.235419,0.093014,0.546809,0.124759,,1120700,,
0,2,,0.265667,0.139102,0.527602,0.06763,,1110900,,
0,2,,0.203763,0.086097,0.56964,0.1405,,1117500,,
0,2,,0.256554,0.073617,0.510226,0.159604,,1121600,,
0,2,,0.240297,0.047512,0.462722,0.249469,,1113700,,
0,2,,0.194551,0.061518,0.614824,0.129106,,1141500,,
0,2,,0.261635,0.100035,0.566357,0.071973,,1108800,,
0,0,,0.404336,0.268479,0.179664,0.147522,,1117500,,
0,0,,0.427714,0.263703,0.219604,0.088979,,1115400,,
0,0,,0.441482,0.279116,0.174926,0.104477,,1117300,,
0,0,,0.430101,0.198263,0.188582,0.183055,,1125400,,
0,0,,0.423087,0.168395,0.244475,0.164042,,1113200,,
0,0,,0.486224,0.126772,0.255761,0.131243,,1119200,,
0,2,,0.211478,0.035705,0.568511,0.184306,,1114300,,
0,0,,0.345367,0.202554,0.276906,0.175173,,1110300,,
0,0,,0.483726,0.14965,0.223416,0.143208,,1112700,,
0,0,,0.374478,0.226869,0.179359,0.219293,,1117200,,
0,2,,0.240297,0.047512,0.482722,0.229469,,1112000,,
0,2,,0.23181,0.133127,0.574393,0.060669,,1118000,,
0,0,,0.412794,0.257314,0.240913,0.088979,,1120100,,
0,0,,0.361976,0.148418,0.302674,0.186932,,1114300,,
0,0,,0.431299,0.284079,0.169624,0.114997,,1113600,,
0,0,,0.405526,0.162196,0.277086,0.155192,,1115700,,
0,0,,0.429786,0.169852,0.24517,0.155192,,1112700,,
0,2,,0.298734,0.054168,0.469682,0.177416,,1113000,,
0,0,,0.437982,0.219973,0.188158,0.153887,,1120100,,
0,0,,0.382974,0.2978,0.205464,0.113762,,1116800,,
0,0,,0.466973,0.199242,0.188327,0.145458,,1119500,,
0,0,,0.447714,0.263703,0.199604,0.088979,,1119800,,
0,0,,0.372487,0.226298,0.188918,0.212298,,1109700,,
0,2,,0.266049,0.077328,0.451923,0.204699,,1111700,,
0,2,,0.250308,0.083949,0.461586,0.204158,,1115600,,
0,0,,0.374484,0.223314,0.19296,0.209243,,1146100,,
0,0,,0.374478,0.226869,0.179359,0.219293,,1119000,,
0,2,,0.27786,0.077621,0.496014,0.148505,,1108600,,
0,2,,0.273589,0.15262,0.512052,0.061739,,1114900,,
0,0,,0.408558,0.195176,0.176827,0.219439,,1116200,,
0,2,,0.264797,0.114964,0.559214,0.061025,,1111500,,
0,0,,0.405055,0.164063,0.24425,0.186632,,1112800,,
0,2,,0.285552,0.058546,0.478486,0.177416,,1115600,,
0,2,,0.251516,0.069866,0.551924,0.126694,,1114000,,
0,2,,0.246535,0.073014,0.552322,0.12813,,1112900,,
0,0,,0.40518,0.226604,0.203707,0.164509,,1119000,,
0,0,,0.373575,0.249064,0.274043,0.103317,,1112200,,
0,0,,0.467942,0.202463,0.186534,0.143061,,1115900,,
0,0,,0.471268,0.142996,0.212955,0.172782,,1124600,,
0,0,,0.356555,0.19433,0.186169,0.262945,,1119700,,
0,2,,0.194301,0.016192,0.561121,0.228386,,1114000,,
0,0,,0.364171,0.222443,0.221088,0.192298,,1115800,,
0,0,,0.370964,0.263753,0.202368,0.162914,,1111800,,
0,0,,0.391638,0.240294,0.235945,0.132123,,1113800,,
0,3,,0.31029,0.07999,0.252327,0.357394,,1118200,,
0,0,,0.378492,0.175564,0.323518,0.122425,,1117200,,
0,0,,0.582515,0.103388,0.19476,0.119338,,1128800,,
0,2,,0.319112,0.187334,0.331878,0.161676,,1122200,,
0,0,,0.40202,0.305943,0.187755,0.104281,,1112500,,
0,2,,0.293483,0.085306,0.435973,0.185238,,1119400,,
0,0,,0.37782,0.213728,0.19441,0.214042,,1118200,,
0,0,,0.359247,0.170946,0.248835,0.220972,,1115500,,
0,0,,0.355649,0.222223,0.294306,0.127822,,1121500,,
0,0,,0.457766,0.107945,0.254838,0.179451,,1106300,,
0,2,,0.230451,0.085552,0.626746,0.057251,,1110600,,
0,2,,0.307058,0.05796,0.450925,0.184057,,1115300,,
0,2,,0.265218,0.090199,0.587246,0.057336,,1113500,,
0,0,,0.507099,0.219869,0.197855,0.075176,,1118300,,
0,2,,0.292412,0.135561,0.512052,0.059974,,1113700,,
0,2,,0.272252,0.1434,0.499525,0.084823,,1111700,,
0,2,,0.208442,0.05699,0.544341,0.190227,,1112800,,
0,2,,0.233947,0.131435,0.559214,0.075404,,1112400,,
0,2,,0.275999,0.074188,0.452284,0.197529,,1112700,,
0,2,,0.236485,0.128468,0.575947,0.059101,,1116600,,
0,0,,0.342249,0.264725,0.332274,0.060752,,1121500,,
0,0,,0.43036,0.179018,0.213167,0.177455,,1151800,,
0,2,,0.21898,0.034269,0.598507,0.148244,,1114600,,
0,0,,0.391793,0.212909,0.202453,0.192845,,1118100,,
0,0,,0.483598,0.185066,0.188128,0.143208,,1114700,,
0,2,,0.273589,0.15262,0.512052,0.061739,,1112400,,
0,2,,0.230578,0.033794,0.585225,0.150403,,1114400,,
0,0,,0.375494,0.192581,0.256562,0.175363,,1113900,,
0,0,,0.534739,0.150472,0.195305,0.119485,,1117400,,
0,2,,0.240297,0.047512,0.482722,0.229469,,1126300,,
0,2,,0.263563,0.157373,0.500189,0.078875,,1122800,,
0,0,,0.474896,0.184096,0.184716,0.156292,,1129000,,
0,0,,0.439173,0.138957,0.266678,0.155192,,1124800,,
0,0,,0.393653,0.283536,0.225724,0.097087,,1119700,,
0,2,,0.251031,0.076543,0.539997,0.13243,,1122100,,
0,2,,0.269622,0.069261,0.492284,0.168834,,1129100,,
0,0,,0.377471,0.157818,0.323027,0.141684,,1146500,,
0,0,,0.442914,0.166766,0.188266,0.202054,,1136500,,
0,2,,0.250177,0.068689,0.550226,0.130908,,1158700,,
0,2,,0.246674,0.052439,0.442722,0.258165,,1120100,,
0,0,,0.394228,0.23409,0.193037,0.178645,,1120900,,
0,2,,0.240297,0.047512,0.462722,0.249469,,1124600,,
0,0,,0.372089,0.2445,0.242204,0.141207,,1114700,,
0,0,,0.501805,0.220169,0.20256,0.075466,,1121000,,
0,0,,0.401059,0.254661,0.207014,0.137266,,1121000,,
0,0,,0.492034,0.100826,0.229577,0.177563,,1113800,,
0,0,,0.515618,0.121709,0.206405,0.156268,,1116600,,
0,0,,0.357688,0.273362,0.191125,0.177825,,1119700,,
0,2,,0.275999,0.074188,0.452284,0.197529,,1122700,,
0,0,,0.371522,0.29771,0.238876,0.091893,,1126200,,
0,0,,0.412897,0.143765,0.245923,0.197416,,1125600,,
0,2,,0.292057,0.10114,0.484114,0.122689,,1121400,,
0,2,,0.266878,0.162775,0.505276,0.065072,,1123200,,
0,0,,0.419896,0.219041,0.218864,0.142199,,1123400,,
0,0,,0.422998,0.295155,0.215755,0.066091,,1119400,,
0,2,,0.24392,0.100035,0.568047,0.087998,,1122800,,
0,0,,0.35372,0.216586,0.254521,0.175173,,1126500,,
0,2,,0.230141,0.033223,0.576751,0.159886,,1126500,,
0,0,,0.406419,0.19807,0.196172,0.199339,,1121700,,
0,2,,0.26916,0.141624,0.512105,0.07711,,1119200,,
0,2,,0.236317,0.125127,0.564083,0.074472,,1121400,,
0,0,,0.509395,0.147367,0.18697,0.156268,,1125000,,
0,2,,0.234249,0.056538,0.560066,0.149147,,1123400,,
0,0,,0.433211,0.208977,0.173686,0.184126,,1128400,,
0,0,,0.380343,0.233775,0.243134,0.142748,,1110100,,
0,0,,0.37782,0.204073,0.204065,0.214042,,1118600,,
0,0,,0.36294,0.180778,0.321817,0.134465,,1114300,,
0,2,,0.249945,0.047381,0.5875,0.115173,,1114200,,
0,0,,0.409634,0.198524,0.269533,0.122309,,1117300,,
0,2,,0.205603,0.016192,0.554309,0.223896,,1116900,,
0,0,,0.416117,0.309363,0.194626,0.079894,,1112800,,
0,0,,0.434095,0.232642,0.190203,0.143061,,1117500,,
0,2,,0.249945,0.064256,0.570625,0.115173,,1110800,,
0,0,,0.355626,0.181331,0.340582,0.122461,,1113700,,
0,2,,0.291888,0.050765,0.504839,0.152508,,1119400,,
0,0,,0.40902,0.18209,0.19674,0.21215,,1122700,,
0,2,,0.250316,0.047351,0.546358,0.155975,,1108600,,
0,0,,0.471268,0.142996,0.212955,0.172782,,1122300,,
0,0,,0.336801,0.255173,0.336217,0.071808,,1108200,,
0,0,,0.373857,0.323187,0.227563,0.075393,,1109200,,
0,2,,0.241285,0.080255,0.570233,0.108228,,1105600,,
0,2,,0.241676,0.069727,0.543346,0.145251,,1109300,,
0,0,,0.395002,0.199533,0.283004,0.122461,,1110400,,
0,0,,0.387885,0.211854,0.187818,0.212444,,1106900,,
0,2,,0.23459,0.050143,0.559696,0.15557,,1112700,,
0,2,,0.271964,0.070279,0.49162,0.166136,,1120600,,
0,0,,0.365507,0.18643,0.266274,0.181789,,1114900,,
0,0,,0.557026,0.109783,0.190555,0.142636,,1118100,,
0,0,,0.358829,0.224525,0.261255,0.155391,,1112000,,
0,0,,0.370518,0.224737,0.229382,0.175363,,1110300,,
0,2,,0.261037,0.064702,0.533898,0.140363,,1103900,,
0,2,,0.249503,0.131435,0.559214,0.059849,,1108500,,
0,0,,0.409341,0.276859,0.238696,0.075103,,1106800,,
0,0,,0.454328,0.23789,0.217235,0.090546,,1109900,,
0,2,,0.219431,0.033223,0.57552,0.171827,,1108200,,
0,2,,0.201714,0.044719,0.564762,0.188805,,1110000,,
0,2,,0.240297,0.047512,0.482722,0.229469,,1099100,,
0,2,,0.232055,0.057097,0.479666,0.231182,,1102100,,
0,0,,0.445223,0.225574,0.186714,0.142489,,1104600,,
0,0,,0.439446,0.179638,0.239058,0.141858,,1097500,,
0,0,,0.401161,0.249652,0.217064,0.132123,,1135500,,
0,2,,0.227462,0.075599,0.59626,0.100679,,1123800,,
0,0,,0.369965,0.219237,0.335405,0.075393,,1119100,,
0,0,,0.473414,0.189492,0.238547,0.098546,,1106600,,
0,0,,0.454088,0.159581,0.193877,0.192454,,1109500,,
0,2,,0.272963,0.085818,0.437768,0.20345,,1108400,,
0,2,,0.214012,0.126873,0.550537,0.108577,,1108100,,
0,2,,0.247816,0.042832,0.60457,0.104783,,1118700,,
0,0,,0.422183,0.191195,0.20043,0.186193,,1107600,,
0,2,,0.26587,0.078546,0.451674,0.20391,,1105100,,
0,0,,0.444303,0.242082,0.162276,0.15134,,1111700,,
0,0,,0.360579,0.28525,0.263828,0.090343,,1110200,,
0,0,,0.429264,0.277928,0.217632,0.075176,,1107200,,
0,0,,0.377907,0.199989,0.231555,0.190549,,1112000,,
0,2,,0.260131,0.154162,0.517521,0.068186,,1103700,,
0,2,,0.208442,0.05699,0.544341,0.190227,,1113500,,
0,2,,0.26916,0.141624,0.512105,0.07711,,1105300,,
0,0,,0.473512,0.152867,0.213823,0.159798,,1110700,,
0,0,,0.388986,0.292217,0.180754,0.138044,,1113000,,
0,0,,0.387702,0.251818,0.164828,0.195652,,1118600,,
0,0,,0.496024,0.159563,0.225071,0.119342,,1118400,,
0,2,,0.227837,0.05699,0.541806,0.173367,,1108300,,
0,2,,0.240297,0.047512,0.482722,0.229469,,1106400,,
0,2,,0.265127,0.138128,0.51135,0.085395,,1107200,,
0,0,,0.403777,0.287956,0.174503,0.133765,,1107600,,
0,0,,0.392487,0.206298,0.188918,0.212298,,1113500,,
0,2,,0.218372,0.036426,0.592716,0.152486,,1116600,,
0,2,,0.187325,0.078319,0.590326,0.144029,,1116500,,
0,0,,0.372998,0.203296,0.194552,0.229154,,1129600,,
0,2,,0.233456,0.03984,0.580189,0.146514,,1119700,,
0,0,,0.439391,0.14027,0.230006,0.190333,,1110000,,
0,0,,0.361025,0.263776,0.192575,0.182623,,1112000,,
0,0,,0.359928,0.221756,0.220787,0.197529,,1112000,,
0,0,,0.37782,0.213728,0.19441,0.214042,,1105900,,
0,0,,0.379995,0.216136,0.17617,0.227699,,1107200,,
0,0,,0.43561,0.236761,0.19943,0.128199,,1112500,,
0,2,,0.30298,0.249088,0.32371,0.124222,,1116300,,
0,0,,0.457975,0.287673,0.19331,0.061042,,1123600,,
0,0,,0.379419,0.227121,0.30983,0.08363,,1109200,,
0,2,,0.213919,0.033794,0.638006,0.114281,,1106700,,
0,0,,0.297909,0.250611,0.289953,0.161527,,1113800,,
0,0,,0.34803,0.214661,0.295633,0.141676,,1106300,,
0,0,,0.400912,0.283895,0.240017,0.075176,,1114900,,
0,0,,0.444235,0.163925,0.199195,0.192645,,1112800,,
0,2,,0.288152,0.127906,0.523968,0.059974,,1113400,,
0,0,,0.473571,0.159254,0.210907,0.156268,,1119400,,
0,0,,0.37793,0.253334,0.28518,0.083556,,1105800,,
0,2,,0.272668,0.142744,0.524614,0.059974,,1116700,,
0,2,,0.277049,0.148515,0.424777,0.149659,,1113900,,
0,2,,0.232357,0.120606,0.563142,0.083895,,1117300,,
1,2,,0.273589,0.15262,0.512052,0.061739,,1115400,,
1,0,,0.37357,0.246628,0.187428,0.192374,,1122500,,
1,2,,0.299501,0.167081,0.471736,0.061682,,1117700,,
1,2,,0.319405,0.250726,0.363574,0.066295,,1111800,,
1,2,,0.24113,0.122467,0.578289,0.058114,,1108700,,
1,2,,0.305003,0.184867,0.447613,0.062517,,1120800,,
1,2,,0.24113,0.122467,0.578289,0.058114,,1121600,,
1,2,,0.314077,0.221687,0.397816,0.066419,,1115600,,
1,0,,0.408663,0.300457,0.186452,0.104427,,1121000,,
1,2,,0.285884,0.174991,0.473817,0.065308,,1115100,,
1,0,,0.35588,0.249475,0.211181,0.183463,,1120900,,
1,0,,0.414897,0.264698,0.201486,0.11892,,1109500,,
1,2,,0.275959,0.131308,0.511869,0.080864,,1117300,,
1,0,,0.365961,0.345336,0.22163,0.067073,,1117600,,
1,0,,0.467533,0.303799,0.162005,0.066662,,1129000,,
1,2,,0.24113,0.122467,0.578289,0.058114,,1110700,,
1,2,,0.322094,0.278393,0.336997,0.062517,,1116700,,
1,0,,0.4161,0.29425,0.185223,0.104427,,1118300,,
1,0,,0.447758,0.287624,0.176474,0.088144,,1118000,,
1,2,,0.238671,0.114811,0.583847,0.06267,,1118200,,
1,2,,0.239696,0.097194,0.579858,0.083253,,1115100,,
1,2,,0.283447,0.144527,0.512052,0.059974,,1117700,,
1,2,,0.286666,0.209443,0.446177,0.057714,,1118400,,
1,2,,0.23711,0.111409,0.589589,0.061892,,1110200,,
1,2,,0.244267,0.096394,0.563058,0.096281,,1120800,,
1,2,,0.297838,0.162505,0.473172,0.066485,,1114800,,
1,2,,0.294861,0.176773,0.467613,0.060752,,1113900,,
1,0,,0.4161,0.29425,0.185223,0.104427,,1114800,,
1,2,,0.297838,0.162505,0.473172,0.066485,,1115100,,
1,2,,0.282544,0.177211,0.473172,0.067073,,1112400,,
1,0,,0.411557,0.266918,0.200841,0.120684,,1117400,,
1,2,,0.283447,0.144527,0.512052,0.059974,,1114800,,
1,2,,0.242793,0.127043,0.576853,0.053311,,1122100,,
1,0,,0.408663,0.300457,0.186452,0.104427,,1124500,,
1,2,,0.24113,0.122467,0.578289,0.058114,,1176300,,
1,2,,0.285003,0.184867,0.467613,0.062517,,1122400,,
1,0,,0.45405,0.304095,0.179974,0.061881,,1123500,,
1,2,,0.255142,0.117164,0.563847,0.063847,,1117000,,
1,2,,0.285884,0.174991,0.473817,0.065308,,1117100,,
1,2,,0.239753,0.111409,0.575947,0.072891,,1118100,,
1,2,,0.282544,0.197211,0.453172,0.067073,,1117000,,
1,2,,0.24113,0.122467,0.578289,0.058114,,1126800,,
1,0,,0.377434,0.315351,0.240141,0.067073,,1127500,,
1,2,,0.283447,0.144527,0.512052,0.059974,,1116700,,
1,2,,0.297838,0.162505,0.453172,0.086485,,1125500,,
1,2,,0.285884,0.174991,0.473817,0.065308,,1120700,,
1,2,,0.239569,0.119064,0.584031,0.057336,,1128200,,
1,0,,0.447634,0.294684,0.19693,0.060752,,1130500,,
1,2,,0.294526,0.214225,0.428732,0.062517,,1126000,,
1,2,,0.283447,0.144527,0.512052,0.059974,,1127400,,
1,2,,0.285884,0.174991,0.473817,0.065308,,1127400,,
1,2,,0.272691,0.148367,0.511869,0.067073,,1125200,,
1,2,,0.282544,0.177211,0.473172,0.067073,,1125200,,
1,2,,0.285812,0.180152,0.453172,0.080864,,1125000,,
1,2,,0.283447,0.144527,0.512052,0.059974,,1123900,,
1,0,,0.390988,0.234736,0.202984,0.171293,,1127400,,
1,2,,0.242638,0.140711,0.561576,0.055076,,1127700,,
1,2,,0.283447,0.144527,0.512052,0.059974,,1128500,,
1,0,,0.342249,0.264725,0.332274,0.060752,,1131800,,
1,2,,0.24113,0.122467,0.578289,0.058114,,1133400,,
1,0,,0.371227,0.277094,0.238731,0.112947,,1130700,,
1,2,,0.300265,0.164418,0.468245,0.067073,,1124100,,
1,2,,0.308602,0.168993,0.4509,0.071505,,1125300,,
1,2,,0.302544,0.177211,0.453172,0.067073,,1128600,,
1,0,,0.388649,0.281218,0.210459,0.119674,,1134500,,
1,0,,0.408663,0.300457,0.186452,0.104427,,1132300,,
1,2,,0.275251,0.157196,0.510616,0.056936,,1126300,,
1,2,,0.292067,0.226569,0.414291,0.067073,,1131000,,
1,2,,0.283447,0.144527,0.512052,0.059974,,1136400,,
1,0,,0.42892,0.309392,0.165863,0.095824,,1129100,,
1,2,,0.269328,0.144964,0.523968,0.061739,,1126800,,
1,2,,0.305812,0.160152,0.453172,0.080864,,1127600,,
1,2,,0.24113,0.122467,0.578289,0.058114,,1169300,,
1,0,,0.350191,0.318787,0.263949,0.067073,,1128400,,
1,2,,0.282544,0.197211,0.453172,0.067073,,1127300,,
1,2,,0.272668,0.142744,0.524614,0.059974,,1132900,,
1,2,,0.284323,0.171588,0.479559,0.06453,,1141700,,
1,2,,0.27515,0.156023,0.50631,0.062517,,1126300,,
1,0,,0.388576,0.339396,0.19316,0.078868,,1129000,,
1,0,,0.369564,0.252518,0.260167,0.11775,,1132000,,
1,0,,0.402243,0.331614,0.189978,0.076164,,1128100,,
1,2,,0.24113,0.122467,0.578289,0.058114,,1126900,,
1,2,,0.208452,0.151695,0.574285,0.065567,,1126400,,
1,0,,0.460177,0.284652,0.178433,0.076739,,1128800,,
1,0,,0.402243,0.331614,0.189978,0.076164,,1126500,,
1,2,,0.282544,0.177211,0.453172,0.087073,,1132000,,
1,0,,0.434897,0.233789,0.212395,0.11892,,1135900,,
1,2,,0.272596,0.127906,0.523968,0.07553,,1130900,,
1,2,,0.294861,0.176773,0.467613,0.060752,,1102900,,
1,2,,0.285884,0.174991,0.473817,0.065308,,1105100,,
1,2,,0.24113,0.122467,0.578289,0.058114,,1112400,,
1,2,,0.283447,0.144527,0.512052,0.059974,,1106600,,
1,2,,0.24113,0.122467,0.578289,0.058114,,1107400,,
1,2,,0.282544,0.197211,0.453172,0.067073,,1116700,,
1,0,,0.405912,0.292542,0.240795,0.060752,,1124400,,
1,0,,0.389926,0.330865,0.198457,0.080752,,1116000,,
1,2,,0.239696,0.097194,0.579858,0.083253,,1128000,,
1,0,,0.422005,0.277569,0.203339,0.097087,,1122000,,
1,2,,0.285008,0.147929,0.50631,0.060752,,1118600,,
1,2,,0.285884,0.174991,0.473817,0.065308,,1142900,,
1,0,,0.321483,0.207873,0.308135,0.162509,,1118000,,
1,2,,0.24113,0.122467,0.578289,0.058114,,1113100,,
1,2,,0.297009,0.127334,0.520826,0.054831,,1113400,,
1,2,,0.292067,0.226569,0.414291,0.067073,,1109800,,
1,2,,0.239696,0.097194,0.579858,0.083253,,1104500,,
1,2,,0.316524,0.191005,0.416522,0.075949,,1109600,,
1,0,,0.399245,0.315875,0.223017,0.061863,,1113800,,
1,2,,0.28211,0.198073,0.458078,0.061739,,1113500,,
1,2,,0.294861,0.176773,0.467613,0.060752,,1110400,,
1,0,,0.451944,0.304343,0.181831,0.061881,,1117800,,
1,0,,0.357559,0.318509,0.26318,0.060752,,1113100,,
1,2,,0.272596,0.127906,0.523968,0.07553,,1114900,,
1,2,,0.299501,0.167081,0.471736,0.061682,,1122400,,
1,0,,0.47699,0.275375,0.186883,0.060752,,1120300,,
1,2,,0.269328,0.144964,0.523968,0.061739,,1112900,,
1,2,,0.283447,0.144527,0.512052,0.059974,,1116600,,
1,2,,0.282544,0.177211,0.453172,0.087073,,1108300,,
1,2,,0.2933,0.173371,0.473355,0.059974,,1105300,,
1,2,,0.292067,0.226569,0.414291,0.067073,,1160200,,
1,2,,0.292412,0.135561,0.512052,0.059974,,1113800,,
1,2,,0.275251,0.157196,0.510616,0.056936,,1118000,,
1,2,,0.272596,0.127906,0.523968,0.07553,,1111200,,
1,2,,0.309788,0.193775,0.429364,0.067073,,1110200,,
1,2,,0.255142,0.117164,0.563847,0.063847,,1104500,,
1,2,,0.275481,0.157208,0.509597,0.057714,,1114100,,
1,0,,0.403837,0.268897,0.210533,0.116733,,1110200,,
1,0,,0.388576,0.339396,0.19316,0.078868,,1138000,,
1,2,,0.26446,0.166369,0.42724,0.14193,,1109100,,
1,2,,0.273589,0.15262,0.512052,0.061739,,1105100,,
1,2,,0.282544,0.197211,0.453172,0.067073,,1100700,,
1,2,,0.286666,0.209443,0.446177,0.057714,,1108000,,
1,2,,0.317491,0.172327,0.453122,0.05706,,1109800,,
1,0,,0.370893,0.321842,0.245402,0.061863,,1123000,,
1,0,,0.380341,0.283549,0.243004,0.093107,,1122900,,
1,2,,0.292067,0.226569,0.414291,0.067073,,1117500,,
1,2,,0.29318,0.171017,0.476416,0.059387,,1112000,,
1,0,,0.405912,0.292542,0.240795,0.060752,,1109100,,
1,0,,0.395566,0.345454,0.197888,0.061092,,1098900,,
1,2,,0.283672,0.201476,0.452336,0.062517,,1102800,,
1,2,,0.27515,0.156023,0.50631,0.062517,,1105400,,
1,2,,0.285884,0.174991,0.473817,0.065308,,1146100,,
1,0,,0.408792,0.318264,0.177119,0.095824,,1124000,,
1,2,,0.285003,0.184867,0.467613,0.062517,,1121000,,
1,0,,0.436599,0.295999,0.20665,0.060752,,1117800,,
1,0,,0.443297,0.218333,0.217686,0.120684,,1109900,,
1,2,,0.277433,0.135102,0.4457,0.141764,,1109100,,
1,0,,0.451944,0.307253,0.178922,0.061881,,1123100,,
1,2,,0.283447,0.144527,0.512052,0.059974,,1118300,,
1,2,,0.300265,0.184418,0.448245,0.067073,,1128000,,
1,0,,0.424531,0.245237,0.211312,0.11892,,1114900,,
1,2,,0.239696,0.097194,0.579858,0.083253,,1110000,,
1,2,,0.297838,0.162505,0.473172,0.066485,,1102500,,
1,0,,0.419245,0.295875,0.223017,0.061863,,1109900,,
1,2,,0.303447,0.144527,0.492052,0.059974,,1132000,,
1,2,,0.305494,0.205516,0.408238,0.080752,,1112500,,
1,0,,0.372423,0.26986,0.218107,0.13961,,1113800,,
1,2,,0.282544,0.197211,0.453172,0.067073,,1116400,,
1,2,,0.292067,0.226569,0.414291,0.067073,,1109800,,
1,2,,0.287985,0.133661,0.511869,0.066485,,1105700,,
1,2,,0.287985,0.133661,0.511869,0.066485,,1107200,,
1,2,,0.233176,0.095948,0.599785,0.071092,,1106500,,
1,0,,0.380608,0.270333,0.179155,0.169904,,1114800,,
1,2,,0.244267,0.079519,0.579933,0.096281,,1109800,,
1,2,,0.285334,0.186052,0.4709,0.057714,,1106600,,
1,0,,0.466789,0.265028,0.177641,0.090541,,1121000,,
1,0,,0.433662,0.226885,0.218769,0.120684,,1121800,,
2,2,,0.189148,0.114321,0.660533,0.035999,,1120700,,
2,2,,0.174634,0.044805,0.678186,0.102375,,1111100,,
2,2,,0.154026,0.02122,0.680034,0.14472,,1115000,,
2,2,,0.189814,0.044126,0.676873,0.089187,,1117000,,
2,2,,0.173403,0.090099,0.644124,0.092374,,1113100,,
2,2,,0.190709,0.117723,0.654791,0.036777,,1115300,,
2,2,,0.17884,0.056388,0.641011,0.123761,,1115900,,
2,2,,0.202629,0.105823,0.671618,0.01993,,1111500,,
2,2,,0.165219,0.08827,0.643286,0.103225,,1123400,,
2,2,,0.15642,0.023314,0.73186,0.088407,,1114500,,
2,2,,0.211605,0.071768,0.594783,0.121844,,1116800,,
2,0,,0.32688,0.185722,0.251729,0.235669,,1117700,,
2,2,,0.204256,0.11918,0.623777,0.052787,,1112400,,
2,2,,0.154544,0.066272,0.667283,0.1119,,1119700,,
2,2,,0.193745,0.106094,0.669306,0.030856,,1138700,,
2,2,,0.160475,0.021512,0.654755,0.163258,,1113800,,
2,2,,0.236106,0.056413,0.606491,0.10099,,1108900,,
2,2,,0.200731,0.024805,0.552182,0.222282,,1109900,,
2,2,,0.216339,0.025501,0.558606,0.199554,,1114300,,
2,2,,0.160831,0.026767,0.728776,0.083625,,1106100,,
2,0,,0.376819,0.256339,0.293905,0.072936,,1107900,,
2,2,,0.262061,0.092357,0.595074,0.050509,,1102500,,
2,2,,0.219284,0.105635,0.62309,0.051991,,1107700,,
2,2,,0.202119,0.112276,0.656316,0.029289,,1117800,,
2,2,,0.225015,0.04444,0.592379,0.138166,,1111900,,
2,2,,0.232955,0.09879,0.607974,0.060281,,1111500,,
2,2,,0.14642,0.023314,0.742007,0.088259,,1119100,,
2,2,,0.237646,0.109592,0.612731,0.040032,,1146500,,
2,2,,0.179049,0.05067,0.639231,0.13105,,1115900,,
2,2,,0.206554,0.08235,0.668741,0.042355,,1109800,,
2,2,,0.186135,0.033039,0.662985,0.11784,,1111800,,
2,2,,0.245967,0.110837,0.586446,0.056749,,1113100,,
2,2,,0.163911,0.052074,0.701012,0.083002,,1116900,,
2,2,,0.202917,0.064603,0.581638,0.150843,,1123100,,
2,2,,0.170344,0.03039,0.640999,0.158267,,1119500,,
2,2,,0.234757,0.09879,0.601616,0.064838,,1132500,,
2,2,,0.216551,0.04529,0.564526,0.173632,,1125500,,
2,2,,0.15463,0.03039,0.642713,0.172267,,1119700,,
2,0,,0.324358,0.152141,0.274378,0.249124,,1126400,,
2,2,,0.183367,0.027615,0.672073,0.116946,,1123800,,
2,2,,0.145517,0.016088,0.642806,0.195589,,1120100,,
2,2,,0.245967,0.110837,0.586446,0.056749,,1146400,,
2,2,,0.198558,0.053331,0.635153,0.112958,,1114400,,
2,2,,0.137907,0.086526,0.617138,0.15843,,1112500,,
2,2,,0.173665,0.023788,0.662856,0.139692,,1117700,,
2,2,,0.161498,0.027216,0.666563,0.144722,,1112900,,
2,2,,0.195546,0.106094,0.662948,0.035412,,1114800,,
2,2,,0.17956,0.033331,0.637835,0.149274,,1113100,,
2,2,,0.217367,0.077169,0.596676,0.108787,,1114800,,
2,2,,0.139674,0.069199,0.65558,0.135547,,1109100,,
2,2,,0.185606,0.035097,0.640691,0.138606,,1115300,,
2,2,,0.193801,0.116095,0.673766,0.016339,,1114500,,
2,2,,0.194716,0.048694,0.666053,0.090537,,1115500,,
2,2,,0.23067,0.040134,0.631626,0.09757,,1109300,,
2,2,,0.221528,0.084022,0.610749,0.0837,,1114100,,
2,2,,0.188167,0.055257,0.622427,0.134149,,1114200,,
2,2,,0.189148,0.114321,0.660533,0.035999,,1111800,,
2,2,,0.215358,0.048426,0.613078,0.123138,,1118100,,
2,2,,0.214567,0.060724,0.581725,0.142983,,1111000,,
2,2,,0.245967,0.110837,0.586446,0.056749,,1114200,,
2,2,,0.190426,0.092743,0.686759,0.030072,,1114700,,
2,2,,0.210336,0.078886,0.644967,0.065811,,1112900,,
2,2,,0.203737,0.047209,0.619,0.130054,,1112200,,
2,2,,0.162764,0.018826,0.722015,0.096396,,1113900,,
2,2,,0.2554,0.056749,0.567055,0.120796,,1113900,,
2,0,,0.324358,0.152141,0.254378,0.269124,,1120100,,
2,2,,0.199094,0.020166,0.546998,0.233742,,1110100,,
2,2,,0.245967,0.110837,0.586446,0.056749,,1115100,,
2,0,,0.443563,0.158634,0.327011,0.070792,,1141400,,
2,0,,0.401791,0.263842,0.266768,0.067599,,1113500,,
2,2,,0.193801,0.116095,0.673766,0.016339,,1112300,,
2,2,,0.184909,0.118617,0.676545,0.01993,,1115600,,
2,2,,0.182202,0.031881,0.651006,0.134911,,1111700,,
2,2,,0.188648,0.108856,0.644119,0.058377,,1115900,,
2,2,,0.229945,0.072256,0.582625,0.115173,,1109600,,
2,2,,0.193745,0.106094,0.669306,0.030856,,1113500,,
2,2,,0.269357,0.088383,0.597673,0.044588,,1112100,,
2,2,,0.157681,0.030098,0.667538,0.144682,,1113500,,
2,2,,0.219627,0.024805,0.543705,0.211863,,1112200,,
2,2,,0.18825,0.110068,0.660349,0.041333,,1117200,,
2,2,,0.162551,0.023606,0.713392,0.10045,,1119700,,
2,2,,0.18545,0.096968,0.675141,0.042442,,1141500,,
2,2,,0.163911,0.052074,0.701012,0.083002,,1117500,,
2,2,,0.181061,0.104375,0.672334,0.04223,,1114600,,
2,2,,0.260677,0.06519,0.566288,0.107845,,1114800,,
2,0,,0.388172,0.29027,0.246615,0.074943,,1117100,,
2,2,,0.225455,0.084884,0.654248,0.035412,,1113800,,
2,2,,0.200997,0.052351,0.591229,0.155423,,1113000,,
2,2,,0.164551,0.148197,0.63086,0.056392,,1115300,,
2,2,,0.178131,0.070967,0.659601,0.091302,,1114600,,
2,2,,0.245702,0.06035,0.658533,0.035414,,1122000,,
2,2,,0.170344,0.03039,0.640999,0.158267,,1113700,,
2,2,,0.189148,0.114321,0.660533,0.035999,,1110600,,
2,2,,0.15598,0.134369,0.65326,0.056392,,1114200,,
2,2,,0.154925,0.03067,0.66348,0.150925,,1121000,,
2,2,,0.259048,0.060996,0.6594,0.020557,,1114200,,
2,2,,0.199598,0.041134,0.661503,0.097765,,1115100,,
2,2,,0.184053,0.032636,0.666044,0.117267,,1111000,,
2,2,,0.245967,0.110837,0.586446,0.056749,,1115400,,
2,2,,0.184909,0.118617,0.676545,0.01993,,1114100,,
2,2,,0.164543,0.024177,0.703834,0.107446,,1113100,,
2,2,,0.208452,0.131695,0.594285,0.065567,,1118300,,
2,2,,0.21816,0.088858,0.651649,0.041333,,1112200,,
2,2,,0.160475,0.021512,0.654755,0.163258,,1113600,,
2,2,,0.18825,0.110068,0.660349,0.041333,,1115700,,
2,2,,0.255146,0.091287,0.545722,0.107845,,1113800,,
2,2,,0.221362,0.056192,0.62363,0.098816,,1111000,,
2,2,,0.151278,0.104531,0.649341,0.094851,,1129200,,
2,2,,0.22183,0.048426,0.583229,0.146514,,1123400,,
2,2,,0.205971,0.097274,0.655422,0.041333,,1127500,,
2,3,,0.312384,0.117358,0.256677,0.313581,,1129800,,
2,2,,0.233715,0.047624,0.620298,0.098363,,1116600,,
2,2,,0.245828,0.115414,0.591368,0.04739,,1112200,,
2,2,,0.232151,0.113566,0.603774,0.050509,,1122800,,
2,2,,0.205971,0.097274,0.655422,0.041333,,1123100,,
2,2,,0.167673,0.054189,0.636325,0.141813,,1123000,,
2,2,,0.193745,0.106094,0.669306,0.030856,,1125700,,
2,2,,0.244166,0.110837,0.592804,0.052193,,1119800,,
2,2,,0.190709,0.117723,0.654791,0.036777,,1115300,,
2,2,,0.17524,0.050814,0.661928,0.112017,,1118700,,
2,2,,0.205508,0.088303,0.6769,0.029289,,1121600,,
2,2,,0.197758,0.081188,0.673931,0.047123,,1142200,,
2,2,,0.263688,0.098044,0.581519,0.056749,,1125100,,
2,0,,0.411455,0.250453,0.281496,0.056596,,1119400,,
2,2,,0.206623,0.033223,0.637016,0.123138,,1114600,,
2,2,,0.151304,0.03039,0.657923,0.160383,,1115000,,
2,2,,0.181917,0.028479,0.701656,0.087948,,1116200,,
2,2,,0.197577,0.049586,0.646994,0.105842,,1113400,,
2,2,,0.213159,0.024256,0.586527,0.176058,,1114100,,
2,2,,0.245967,0.110837,0.586446,0.056749,,1109100,,
2,2,,0.23437,0.118121,0.618298,0.029211,,1116200,,
2,2,,0.257167,0.096798,0.601446,0.044588,,1112500,,
2,2,,0.214542,0.060591,0.613104,0.111763,,1115500,,
2,2,,0.15642,0.023314,0.73186,0.088407,,1117200,,
2,2,,0.182202,0.031881,0.651006,0.134911,,1215000,,
2,2,,0.235365,0.030161,0.5689,0.165574,,1208200,,
2,2,,0.245967,0.110837,0.586446,0.056749,,1176400,,
2,2,,0.189414,0.105802,0.681415,0.023368,,1173700,,
2,2,,0.150219,0.026937,0.645796,0.177048,,1120900,,
2,2,,0.182119,0.109776,0.678816,0.029289,,1112300,,
2,2,,0.187992,0.029709,0.636341,0.145958,,1117400,,
2,2,,0.184909,0.118617,0.676545,0.01993,,1124200,,
2,2,,0.161764,0.02449,0.72591,0.087835,,1129600,,
2,0,,0.398278,0.276489,0.264481,0.060752,,1129500,,
2,2,,0.203298,0.047209,0.619438,0.130054,,1128500,,
2,2,,0.245967,0.110837,0.586446,0.056749,,1121600,,
2,2,,0.179226,0.034761,0.637058,0.148956,,1131100,,
2,2,,0.269357,0.086864,0.58703,0.056749,,1119300,,
2,2,,0.229236,0.071376,0.553652,0.145737,,1152800,,
2,2,,0.275451,0.084175,0.595786,0.044588,,1116600,,
2,2,,0.234223,0.042614,0.577219,0.145943,,1123300,,
2,2,,0.145002,0.059929,0.628776,0.166293,,1124500,,
2,2,,0.21947,0.056818,0.56951,0.154203,,1122900,,
2,2,,0.223888,0.078415,0.57675,0.120948,,1120900,,
2,2,,0.160887,0.030098,0.674676,0.134339,,1119700,,
2,2,,0.182119,0.109776,0.678816,0.029289,,1120100,,
2,2,,0.244644,0.04972,0.544893,0.160743,,1120100,,
2,2,,0.193745,0.106094,0.669306,0.030856,,1120900,,
2,2,,0.201067,0.101864,0.662879,0.034189,,1118200,,
2,0,,0.373138,0.268369,0.287394,0.071098,,1129100,,
2,2,,0.231855,0.092115,0.59799,0.078041,,1129400,,
2,2,,0.162764,0.018826,0.722015,0.096396,,1128300,,
2,2,,0.216648,0.047595,0.657264,0.078493,,1126500,,
