wall-following,CWE,test,0,NANOSECONDS,PREDICTIONS, Generated by ClassifierExperiments.java on 2022-05-17 03:02:12.    SYSTEMPROPERTIES:{user.name:matth,os.arch:amd64,os.name:Windows 10},ENDSYSTEMPROPERTIES
No parameter info
0.5882891125343093,726775800,1294588600,-1,0,4,,-1,-1
0,2,,0.213478,0.093554,0.573087,0.119881,,1615000,,
0,2,,0.299534,0.102803,0.511076,0.086587,,1384500,,
0,0,,0.357753,0.244758,0.302194,0.095295,,1528800,,
0,0,,0.446365,0.264751,0.174838,0.114046,,1450200,,
0,2,,0.226012,0.124789,0.585197,0.064003,,1417400,,
0,0,,0.394573,0.151191,0.309963,0.144273,,1639000,,
0,2,,0.1486,0.034293,0.696833,0.120274,,1187900,,
0,2,,0.290611,0.117728,0.521467,0.070193,,1149100,,
0,0,,0.411027,0.171366,0.274185,0.143422,,1156700,,
0,2,,0.224958,0.109942,0.587862,0.077239,,1145200,,
0,2,,0.364299,0.157309,0.408074,0.070318,,1141700,,
0,2,,0.208133,0.092893,0.610053,0.088921,,1149000,,
0,0,,0.420578,0.223216,0.197849,0.158357,,1152400,,
0,2,,0.240445,0.078489,0.585302,0.095764,,1152200,,
0,0,,0.368329,0.186332,0.323984,0.121354,,1240000,,
0,0,,0.431566,0.225858,0.233874,0.108701,,1404000,,
0,2,,0.322016,0.131981,0.459772,0.086232,,1157700,,
0,2,,0.226012,0.144789,0.565197,0.064003,,1142900,,
0,2,,0.265716,0.083822,0.4825,0.167962,,1151200,,
0,2,,0.242163,0.086249,0.486459,0.18513,,1158300,,
0,0,,0.44442,0.140083,0.240812,0.174685,,1218500,,
0,2,,0.169898,0.047526,0.686333,0.096243,,1146400,,
0,2,,0.161017,0.037954,0.667981,0.133049,,1150700,,
0,0,,0.387936,0.27098,0.250771,0.090313,,1146500,,
0,2,,0.260046,0.091481,0.535879,0.112594,,1143100,,
0,2,,0.226512,0.073459,0.491029,0.208999,,1203200,,
0,0,,0.43255,0.220677,0.197369,0.149403,,1165600,,
0,0,,0.394863,0.164726,0.358055,0.082356,,1159000,,
0,0,,0.429452,0.212917,0.211206,0.146425,,1215100,,
0,0,,0.513447,0.156369,0.171762,0.158422,,1162300,,
0,0,,0.443854,0.198661,0.250118,0.107367,,1226200,,
0,2,,0.253943,0.104721,0.424605,0.216731,,1211600,,
0,0,,0.353872,0.161199,0.348464,0.136466,,1170400,,
0,2,,0.256268,0.118805,0.56701,0.057917,,1156900,,
0,0,,0.417077,0.321003,0.191455,0.070465,,1146500,,
0,0,,0.537824,0.191561,0.176422,0.094194,,1155200,,
0,0,,0.373545,0.209201,0.22871,0.188544,,1154800,,
0,0,,0.363988,0.212308,0.282056,0.141647,,1154200,,
0,2,,0.345643,0.174883,0.363041,0.116433,,1176100,,
0,0,,0.49941,0.118261,0.226121,0.156208,,1279400,,
0,2,,0.152442,0.022245,0.657402,0.167911,,1244700,,
0,0,,0.525203,0.115789,0.200024,0.158983,,1190600,,
0,0,,0.436974,0.266624,0.226084,0.070318,,1178900,,
0,0,,0.431005,0.193921,0.212087,0.162987,,1159200,,
0,2,,0.229016,0.113367,0.55609,0.101526,,1913700,,
0,2,,0.264491,0.106171,0.450316,0.179021,,1214700,,
0,0,,0.454383,0.240809,0.227309,0.077499,,1174700,,
0,2,,0.226012,0.124789,0.585197,0.064003,,1164200,,
0,2,,0.233726,0.067186,0.501828,0.197261,,1182800,,
0,2,,0.347062,0.163386,0.373109,0.116444,,1188300,,
0,0,,0.450397,0.227041,0.220996,0.101565,,1187900,,
0,2,,0.282162,0.062919,0.422708,0.232211,,1148500,,
0,2,,0.215925,0.135816,0.553463,0.094796,,1153100,,
0,2,,0.305489,0.143204,0.48944,0.061867,,1167300,,
0,0,,0.392676,0.261407,0.222085,0.123832,,1163500,,
0,0,,0.388671,0.289753,0.197744,0.123832,,1164900,,
0,2,,0.242105,0.097146,0.613704,0.047045,,1168700,,
0,0,,0.421743,0.15799,0.273364,0.146902,,1164000,,
0,2,,0.286085,0.11079,0.436691,0.166434,,1162800,,
0,0,,0.560312,0.122785,0.158337,0.158567,,1160400,,
0,2,,0.256268,0.098805,0.58701,0.057917,,1158900,,
0,0,,0.505415,0.180229,0.191519,0.122838,,1166400,,
0,2,,0.195827,0.087937,0.66661,0.049626,,1160500,,
0,2,,0.234211,0.111327,0.552936,0.101526,,1155000,,
0,2,,0.313701,0.128252,0.329984,0.228064,,1207600,,
0,2,,0.29579,0.101432,0.544789,0.057989,,1385800,,
0,2,,0.305489,0.123204,0.50944,0.061867,,1152400,,
0,0,,0.513447,0.156369,0.171762,0.158422,,1157700,,
0,0,,0.40875,0.288075,0.21614,0.087035,,1164600,,
0,0,,0.357755,0.241146,0.269835,0.131264,,1159200,,
0,0,,0.446194,0.18934,0.181956,0.18251,,1155900,,
0,2,,0.224596,0.128354,0.555009,0.092041,,1154300,,
0,0,,0.488823,0.126373,0.251345,0.133458,,1177500,,
0,2,,0.291645,0.117986,0.383062,0.207308,,1289900,,
0,0,,0.478785,0.24567,0.181352,0.094194,,1179700,,
0,2,,0.150604,0.034293,0.664915,0.150188,,1174200,,
0,0,,0.392676,0.281407,0.202085,0.123832,,1159600,,
0,2,,0.148401,0.037239,0.671565,0.142795,,1184200,,
0,2,,0.240358,0.098782,0.611767,0.049094,,1178600,,
0,2,,0.275114,0.057689,0.53493,0.132267,,1159200,,
0,2,,0.326106,0.138112,0.362285,0.173496,,1154800,,
0,2,,0.305489,0.123204,0.50944,0.061867,,1161300,,
0,0,,0.524085,0.188267,0.188471,0.099178,,1184500,,
0,0,,0.405678,0.255118,0.248178,0.091026,,1152500,,
0,0,,0.395226,0.236065,0.268317,0.100392,,1175200,,
0,0,,0.620545,0.103208,0.159767,0.11648,,1217900,,
0,0,,0.529311,0.183975,0.170126,0.116589,,1160300,,
0,2,,0.258212,0.117216,0.486095,0.138477,,1160600,,
0,2,,0.248909,0.088628,0.617302,0.045161,,1181900,,
0,2,,0.27657,0.093062,0.486095,0.144274,,1158400,,
0,2,,0.234211,0.091327,0.572936,0.101526,,1500900,,
0,2,,0.226085,0.101754,0.553248,0.118913,,1981400,,
0,0,,0.358851,0.230546,0.357864,0.052739,,1995300,,
0,0,,0.469828,0.142329,0.227206,0.160637,,1937000,,
0,0,,0.361856,0.194467,0.277451,0.166226,,1170800,,
0,0,,0.419798,0.210446,0.287471,0.082284,,1158600,,
0,0,,0.392958,0.149744,0.333632,0.123666,,1159900,,
0,0,,0.397292,0.1797,0.301269,0.121739,,1155100,,
0,0,,0.478063,0.096947,0.259423,0.165567,,1165500,,
0,0,,0.455428,0.149232,0.248963,0.146377,,1159200,,
0,0,,0.449847,0.285102,0.189939,0.075112,,1193200,,
0,0,,0.451326,0.276718,0.192058,0.079898,,1178400,,
0,2,,0.193478,0.032593,0.67053,0.103399,,1182200,,
0,0,,0.456899,0.233391,0.195665,0.114046,,1147800,,
0,0,,0.4213,0.136074,0.362728,0.079898,,1156300,,
0,0,,0.460256,0.173307,0.22663,0.139807,,1156700,,
0,2,,0.265685,0.140677,0.500405,0.093234,,1188700,,
0,0,,0.381433,0.302238,0.179396,0.136932,,1163900,,
0,0,,0.470276,0.157538,0.198653,0.173533,,1182400,,
0,2,,0.230649,0.10358,0.561279,0.104492,,1150500,,
0,0,,0.406772,0.169517,0.252047,0.171663,,1195300,,
0,2,,0.270611,0.157728,0.501467,0.070193,,1166200,,
0,0,,0.450863,0.190787,0.276066,0.082284,,1207500,,
0,2,,0.275972,0.077839,0.484314,0.161876,,1198200,,
0,0,,0.49344,0.198638,0.178908,0.129015,,1166100,,
0,2,,0.285875,0.135824,0.4167,0.1616,,1159100,,
0,2,,0.305754,0.11879,0.40196,0.173496,,1152500,,
0,0,,0.433216,0.275924,0.210963,0.079898,,1193100,,
0,0,,0.410437,0.18484,0.327601,0.077122,,1531900,,
0,0,,0.381433,0.302238,0.179396,0.136932,,1171600,,
0,2,,0.270232,0.142357,0.516418,0.070994,,1150700,,
0,0,,0.493736,0.181251,0.184511,0.140502,,1161500,,
0,0,,0.355026,0.210819,0.354754,0.079401,,1507200,,
0,2,,0.295972,0.077839,0.484314,0.141876,,1267000,,
0,2,,0.287163,0.058603,0.476203,0.178031,,1199400,,
0,2,,0.215772,0.084193,0.523355,0.17668,,1175000,,
0,0,,0.513532,0.165417,0.174856,0.146195,,1227300,,
0,0,,0.549442,0.122785,0.149351,0.178422,,1328700,,
0,2,,0.189898,0.047526,0.666333,0.096243,,1166300,,
0,0,,0.477933,0.073635,0.275988,0.172444,,1250900,,
0,2,,0.305489,0.123204,0.50944,0.061867,,1297900,,
0,2,,0.293718,0.07189,0.476399,0.157994,,1199700,,
0,0,,0.459021,0.227409,0.190113,0.123457,,1165200,,
0,0,,0.454325,0.197574,0.226391,0.12171,,1199500,,
0,2,,0.234211,0.091327,0.572936,0.101526,,1242500,,
0,0,,0.524516,0.218346,0.182026,0.075112,,1166800,,
0,2,,0.301697,0.115358,0.416512,0.166434,,1163300,,
0,2,,0.301751,0.116262,0.413666,0.16832,,1262300,,
0,2,,0.148012,0.052606,0.700559,0.098824,,1220000,,
0,0,,0.605447,0.082562,0.16627,0.145721,,1193700,,
0,0,,0.400204,0.225699,0.200454,0.173643,,1235400,,
0,2,,0.277002,0.119587,0.455169,0.148242,,1241400,,
0,0,,0.396033,0.151468,0.266822,0.185677,,1207200,,
0,0,,0.381061,0.166508,0.283809,0.168622,,1182200,,
0,0,,0.454916,0.174391,0.224864,0.145829,,1166900,,
0,2,,0.312372,0.103086,0.418071,0.16647,,1337000,,
0,0,,0.546114,0.182974,0.17432,0.096592,,1919000,,
0,0,,0.570036,0.141242,0.185457,0.103265,,1920000,,
0,0,,0.605447,0.082562,0.16627,0.145721,,1974300,,
0,0,,0.454383,0.240809,0.227309,0.077499,,1210900,,
0,2,,0.23401,0.086249,0.48824,0.191501,,1180700,,
0,2,,0.289557,0.122881,0.504132,0.083429,,1162700,,
0,0,,0.402807,0.1668,0.276266,0.154127,,1601000,,
0,2,,0.162855,0.048115,0.685944,0.103086,,1173800,,
0,2,,0.260545,0.064261,0.499939,0.175255,,1198100,,
0,0,,0.532084,0.140727,0.168767,0.158422,,1223300,,
0,0,,0.386988,0.314734,0.158875,0.139403,,1197300,,
0,2,,0.290611,0.117728,0.521467,0.070193,,1157800,,
0,2,,0.256268,0.118805,0.56701,0.057917,,1155300,,
0,2,,0.319314,0.124242,0.447607,0.108836,,1185200,,
0,0,,0.403259,0.273132,0.199778,0.123832,,1263500,,
0,2,,0.216464,0.116278,0.577975,0.089283,,1553600,,
0,2,,0.251525,0.104721,0.440063,0.203691,,1202300,,
0,2,,0.233478,0.073554,0.573087,0.119881,,1215600,,
0,0,,0.542382,0.174542,0.166632,0.116444,,1190600,,
0,0,,0.381929,0.156395,0.284688,0.176988,,1212000,,
0,2,,0.194517,0.03484,0.68672,0.083923,,1167400,,
0,0,,0.403211,0.168646,0.274179,0.153964,,1249100,,
0,2,,0.286085,0.11079,0.436691,0.166434,,1200700,,
0,0,,0.401024,0.180543,0.296576,0.121858,,1219400,,
0,2,,0.242059,0.122549,0.489314,0.146079,,1163400,,
0,2,,0.245587,0.100126,0.602457,0.05183,,1158800,,
0,2,,0.184223,0.094345,0.564875,0.156557,,1225500,,
0,0,,0.411904,0.161202,0.27293,0.153964,,1235300,,
0,0,,0.473542,0.170629,0.176355,0.179474,,1214500,,
0,0,,0.376198,0.17696,0.33265,0.114193,,1161300,,
0,0,,0.472543,0.212639,0.169618,0.1452,,1192900,,
0,0,,0.445988,0.220924,0.177991,0.155096,,1216500,,
0,2,,0.314569,0.10838,0.415451,0.1616,,1166000,,
0,0,,0.525074,0.142656,0.153848,0.178422,,1171300,,
0,2,,0.296914,0.109741,0.404948,0.188397,,1217600,,
0,0,,0.418195,0.155636,0.297889,0.12828,,1163400,,
0,2,,0.290611,0.137728,0.501467,0.070193,,1171000,,
0,0,,0.576277,0.150501,0.195675,0.077547,,1175200,,
0,2,,0.197217,0.133114,0.579494,0.090175,,1206700,,
0,0,,0.529131,0.199041,0.177634,0.094194,,1209700,,
0,2,,0.254905,0.123913,0.422455,0.198727,,1183300,,
0,0,,0.360109,0.130358,0.31414,0.195393,,1162600,,
0,0,,0.46043,0.276827,0.187632,0.075112,,1160300,,
0,2,,0.236387,0.039992,0.604679,0.118942,,1157900,,
0,0,,0.431766,0.290722,0.190771,0.086741,,1279100,,
0,2,,0.282162,0.062919,0.422708,0.232211,,1281600,,
0,2,,0.241203,0.082248,0.564091,0.112458,,1288100,,
0,0,,0.476364,0.14236,0.225105,0.156171,,1249300,,
0,2,,0.256268,0.098805,0.58701,0.057917,,1955900,,
0,0,,0.47946,0.260223,0.185204,0.075112,,1931000,,
0,0,,0.422025,0.205425,0.202894,0.169656,,1939600,,
0,0,,0.428684,0.160404,0.276697,0.134215,,2183000,,
0,2,,0.259805,0.0716,0.496399,0.172197,,2078300,,
0,2,,0.210486,0.033328,0.636669,0.119517,,1995900,,
0,0,,0.376138,0.186215,0.275624,0.162023,,1897500,,
0,0,,0.427382,0.060965,0.291082,0.220571,,1989600,,
0,0,,0.458696,0.199506,0.193409,0.148389,,1973500,,
0,2,,0.291645,0.117986,0.383062,0.207308,,1386200,,
0,2,,0.278244,0.086979,0.451087,0.183691,,1202100,,
0,0,,0.402005,0.222384,0.285073,0.090538,,1183300,,
0,0,,0.429677,0.246653,0.214969,0.108701,,1222000,,
0,2,,0.246127,0.112955,0.554331,0.086587,,1334700,,
0,2,,0.315672,0.092268,0.480892,0.111168,,1239300,,
0,0,,0.422016,0.258907,0.242071,0.077007,,1186600,,
0,2,,0.300598,0.1186,0.473434,0.107367,,1206900,,
0,0,,0.510837,0.177176,0.192214,0.119773,,1194200,,
0,0,,0.516511,0.152442,0.17544,0.155607,,1248300,,
0,0,,0.475412,0.212232,0.221819,0.090538,,1273100,,
0,0,,0.448903,0.181947,0.223174,0.145976,,1167000,,
0,2,,0.301022,0.110759,0.406885,0.181335,,1172200,,
0,2,,0.267088,0.090893,0.536268,0.105751,,1181200,,
0,2,,0.260545,0.064261,0.499939,0.175255,,1202400,,
0,2,,0.264893,0.083317,0.530289,0.1215,,1265700,,
0,0,,0.478414,0.215471,0.182657,0.123457,,1187700,,
0,2,,0.215671,0.125947,0.618477,0.039904,,1344100,,
0,2,,0.230477,0.083903,0.491863,0.193757,,1777400,,
0,2,,0.305489,0.123204,0.50944,0.061867,,1272800,,
0,0,,0.453534,0.213672,0.134728,0.198066,,1218700,,
0,2,,0.228356,0.058196,0.532332,0.181116,,1212600,,
0,0,,0.370845,0.195633,0.272023,0.161499,,1189000,,
0,0,,0.463145,0.177384,0.238303,0.121168,,1178400,,
0,2,,0.221331,0.06639,0.512539,0.19974,,1174400,,
0,0,,0.359142,0.195195,0.271524,0.17414,,1189000,,
0,0,,0.386988,0.314734,0.158875,0.139403,,1233100,,
0,2,,0.349706,0.096771,0.446156,0.107367,,1186900,,
0,2,,0.182425,0.074244,0.656442,0.086889,,1159800,,
0,0,,0.41545,0.247004,0.213714,0.123832,,1204100,,
0,2,,0.234068,0.065424,0.599281,0.101227,,1180500,,
0,2,,0.21223,0.106324,0.570194,0.111251,,1183300,,
0,0,,0.560337,0.151002,0.175338,0.113323,,1191700,,
0,0,,0.418691,0.212092,0.199561,0.169656,,1310600,,
0,0,,0.563608,0.172364,0.18176,0.082268,,1184900,,
0,2,,0.215846,0.103033,0.572751,0.108369,,1160600,,
0,0,,0.403259,0.273132,0.199778,0.123832,,1171900,,
0,0,,0.46419,0.212122,0.197856,0.125833,,1219200,,
0,2,,0.156735,0.044616,0.670036,0.128612,,1290300,,
0,2,,0.23226,0.091306,0.634184,0.042251,,1180200,,
0,0,,0.380752,0.162378,0.286509,0.17036,,1185300,,
0,2,,0.314448,0.111346,0.40071,0.173496,,1182900,,
0,2,,0.256268,0.118805,0.56701,0.057917,,1206700,,
0,0,,0.402133,0.254679,0.170141,0.173046,,1276200,,
0,0,,0.467847,0.160897,0.199447,0.171809,,1183900,,
0,0,,0.430728,0.226653,0.187891,0.154729,,1167500,,
0,0,,0.376198,0.17696,0.33265,0.114193,,1189100,,
0,0,,0.388045,0.23155,0.312078,0.068327,,1173600,,
0,0,,0.468963,0.191533,0.180247,0.159257,,1154400,,
0,0,,0.457329,0.123086,0.265133,0.154452,,1184400,,
0,0,,0.529131,0.199041,0.177634,0.094194,,1187500,,
0,2,,0.207731,0.065282,0.522625,0.204362,,1171600,,
0,2,,0.164912,0.047128,0.651713,0.136246,,1174300,,
0,0,,0.424355,0.300385,0.169093,0.106168,,1186700,,
0,2,,0.215925,0.115816,0.573463,0.094796,,1209300,,
0,2,,0.157647,0.033704,0.665304,0.143345,,1223900,,
0,2,,0.222889,0.102445,0.57314,0.101526,,1195000,,
0,0,,0.432449,0.173501,0.252882,0.141168,,1179300,,
0,2,,0.166279,0.028852,0.6498,0.155068,,1163700,,
0,2,,0.214064,0.082416,0.566098,0.137422,,1200600,,
0,0,,0.483795,0.072717,0.257921,0.185567,,1178900,,
0,0,,0.459447,0.287243,0.181442,0.071867,,1198800,,
0,0,,0.419573,0.226108,0.199223,0.155096,,1173000,,
0,0,,0.382417,0.208728,0.242275,0.166581,,1182100,,
0,0,,0.605447,0.082562,0.16627,0.145721,,1159200,,
0,2,,0.195015,0.045957,0.661527,0.097501,,1210100,,
0,0,,0.398481,0.127431,0.37491,0.099178,,1172100,,
0,2,,0.282162,0.062919,0.422708,0.232211,,1202300,,
0,2,,0.202144,0.130165,0.580557,0.087134,,1178900,,
0,0,,0.398204,0.135106,0.349702,0.116988,,1178000,,
0,0,,0.39414,0.229364,0.271171,0.105325,,1174400,,
0,2,,0.235175,0.08897,0.521573,0.154282,,1161600,,
0,0,,0.466645,0.237036,0.190151,0.106168,,1253000,,
0,2,,0.327733,0.097359,0.463885,0.111024,,1196800,,
0,0,,0.531932,0.164914,0.168449,0.134705,,1179200,,
0,0,,0.459021,0.227409,0.190113,0.123457,,1167800,,
0,0,,0.451019,0.272874,0.205643,0.070465,,1159900,,
0,0,,0.517109,0.183528,0.164659,0.134705,,1186500,,
0,2,,0.222217,0.108382,0.501962,0.167438,,1186900,,
0,0,,0.448733,0.209025,0.19276,0.149481,,1172900,,
0,2,,0.211702,0.107676,0.574876,0.105746,,1223300,,
0,2,,0.177658,0.068662,0.654471,0.099209,,1208400,,
0,0,,0.370288,0.216337,0.251876,0.161499,,1177400,,
0,0,,0.449811,0.217089,0.197856,0.135244,,1166500,,
0,0,,0.438262,0.291553,0.190287,0.079898,,1183700,,
0,0,,0.525404,0.190642,0.169908,0.114046,,1214900,,
0,2,,0.152442,0.022245,0.657402,0.167911,,1201900,,
0,0,,0.495738,0.204076,0.171769,0.128418,,1178200,,
0,2,,0.256268,0.098805,0.58701,0.057917,,1339700,,
0,2,,0.256387,0.039992,0.584679,0.118942,,1272200,,
0,0,,0.379575,0.271772,0.212575,0.136079,,1268500,,
0,2,,0.305489,0.143204,0.48944,0.061867,,1197400,,
0,0,,0.434938,0.27211,0.186785,0.106168,,1204000,,
0,2,,0.229791,0.070278,0.609545,0.090386,,1181500,,
0,0,,0.404035,0.274922,0.199396,0.121647,,1192800,,
0,0,,0.456263,0.257838,0.186575,0.099324,,1234700,,
0,2,,0.235764,0.088102,0.642664,0.03347,,1201900,,
0,0,,0.381,0.312926,0.181461,0.124612,,1181100,,
0,2,,0.251217,0.072677,0.560603,0.115503,,1417300,,
0,0,,0.437927,0.256555,0.183779,0.121739,,1434800,,
0,2,,0.21926,0.087273,0.657427,0.03604,,1509400,,
0,0,,0.408229,0.095451,0.309383,0.186937,,1481300,,
0,0,,0.434264,0.224347,0.199698,0.14169,,1509600,,
0,2,,0.19128,0.066257,0.690597,0.051865,,1458000,,
0,0,,0.418634,0.164315,0.292795,0.124256,,1506000,,
0,2,,0.308696,0.115296,0.331143,0.244865,,1732100,,
0,0,,0.652964,0.084127,0.166281,0.096628,,2023400,,
0,0,,0.426189,0.252906,0.184885,0.136019,,2023400,,
0,2,,0.162796,0.029516,0.674812,0.132876,,2221000,,
0,2,,0.237306,0.106935,0.613508,0.042251,,1486000,,
0,2,,0.213239,0.13294,0.537948,0.115873,,1474000,,
0,2,,0.251291,0.112955,0.552501,0.083254,,1417200,,
0,2,,0.156278,0.114833,0.592246,0.136643,,1438800,,
0,0,,0.397592,0.198177,0.244015,0.160216,,1519000,,
0,0,,0.462974,0.211145,0.170786,0.155096,,1426700,,
0,0,,0.412617,0.215708,0.198032,0.173643,,1429400,,
0,0,,0.466365,0.224751,0.194838,0.114046,,1435800,,
0,0,,0.429094,0.171211,0.29468,0.105014,,1374400,,
0,0,,0.441445,0.275125,0.213111,0.070318,,1413100,,
0,0,,0.403259,0.273132,0.199778,0.123832,,1179300,,
0,0,,0.492673,0.196749,0.166298,0.144281,,1163800,,
0,2,,0.314569,0.10838,0.415451,0.1616,,1175300,,
0,0,,0.519263,0.161187,0.173355,0.146195,,1149400,,
0,0,,0.441876,0.197621,0.255488,0.105014,,1184500,,
0,0,,0.33239,0.150512,0.314919,0.202179,,1179100,,
0,0,,0.421949,0.16466,0.259228,0.154164,,1175100,,
0,2,,0.196752,0.060782,0.679833,0.062633,,1139800,,
0,0,,0.542953,0.140727,0.157753,0.158567,,1144300,,
0,0,,0.43737,0.277259,0.163632,0.121739,,1142100,,
0,2,,0.163669,0.044616,0.652446,0.139268,,1178600,,
0,0,,0.452502,0.286111,0.17944,0.081947,,1200900,,
0,0,,0.435752,0.250124,0.188254,0.125869,,1172500,,
0,2,,0.24409,0.053987,0.5633,0.138623,,1166900,,
0,0,,0.442438,0.2118,0.190666,0.155096,,1158300,,
0,2,,0.260148,0.112508,0.476081,0.151264,,1162000,,
0,0,,0.462333,0.223309,0.193923,0.120435,,1146000,,
0,2,,0.267526,0.109553,0.544924,0.077996,,1183000,,
0,0,,0.446248,0.22027,0.189798,0.143684,,1153800,,
0,0,,0.433216,0.275924,0.210963,0.079898,,1169300,,
0,0,,0.407595,0.281226,0.198838,0.112341,,1146400,,
0,0,,0.484205,0.253298,0.170719,0.091778,,1149500,,
0,2,,0.349438,0.174497,0.371051,0.105014,,1158800,,
0,0,,0.549131,0.179041,0.177634,0.094194,,1232700,,
0,0,,0.466473,0.19853,0.201606,0.133392,,1179400,,
0,2,,0.295232,0.129187,0.507627,0.067954,,1144900,,
0,2,,0.317199,0.094606,0.481139,0.107056,,1147600,,
0,2,,0.285728,0.119331,0.41844,0.176501,,1142000,,
0,0,,0.355711,0.223697,0.281371,0.139221,,1138600,,
0,0,,0.472201,0.077865,0.27749,0.172444,,1148000,,
0,0,,0.562021,0.150186,0.198617,0.089176,,1140100,,
0,2,,0.238938,0.05681,0.56683,0.137422,,1141300,,
0,2,,0.290611,0.117728,0.521467,0.070193,,1135700,,
0,2,,0.274178,0.13434,0.490292,0.10119,,1141300,,
0,2,,0.344843,0.148211,0.445079,0.061867,,1138300,,
0,2,,0.18825,0.133813,0.553424,0.124513,,1146600,,
0,2,,0.154208,0.027571,0.675067,0.143154,,1152400,,
0,2,,0.167931,0.060151,0.667802,0.104116,,1162000,,
0,0,,0.46043,0.276827,0.187632,0.075112,,1158100,,
0,0,,0.333809,0.116432,0.294933,0.254826,,1143600,,
0,0,,0.416484,0.26538,0.178733,0.139403,,1145700,,
0,2,,0.276032,0.051187,0.557752,0.115029,,1143600,,
0,2,,0.251802,0.083532,0.5025,0.162165,,1159800,,
0,0,,0.424756,0.16547,0.253396,0.156377,,1143500,,
0,2,,0.308877,0.149739,0.394324,0.147061,,1143100,,
0,2,,0.243782,0.039296,0.601237,0.115685,,1151600,,
0,0,,0.474663,0.105584,0.275671,0.144082,,1138800,,
0,0,,0.537824,0.191561,0.176422,0.094194,,1146900,,
0,0,,0.446365,0.264751,0.174838,0.114046,,1146600,,
0,2,,0.274905,0.123913,0.422455,0.178727,,1143900,,
0,0,,0.49572,0.181353,0.185458,0.137469,,1137600,,
0,0,,0.397393,0.178929,0.252052,0.171627,,1147900,,
0,2,,0.202899,0.134098,0.571229,0.091774,,1135200,,
0,2,,0.305489,0.143204,0.48944,0.061867,,1146300,,
0,0,,0.432701,0.226267,0.250494,0.090538,,1151300,,
0,0,,0.558231,0.137184,0.15566,0.148925,,1145500,,
0,0,,0.496511,0.172442,0.17544,0.155607,,1148500,,
0,2,,0.290611,0.137728,0.501467,0.070193,,1138400,,
0,0,,0.488159,0.169164,0.18342,0.159257,,1138800,,
0,0,,0.443431,0.264969,0.164064,0.127536,,1162900,,
0,0,,0.385378,0.268283,0.210112,0.136226,,1151000,,
0,0,,0.331628,0.124258,0.295098,0.249016,,1138600,,
0,0,,0.450872,0.093556,0.280868,0.174704,,1140300,,
0,2,,0.260545,0.064261,0.519939,0.155255,,1137900,,
0,0,,0.436022,0.216984,0.191898,0.155096,,1219100,,
0,0,,0.445054,0.181157,0.234425,0.139364,,1149900,,
0,2,,0.271473,0.075147,0.602047,0.051334,,1150800,,
0,0,,0.450786,0.176927,0.232923,0.139364,,1150300,,
0,0,,0.356525,0.221325,0.354116,0.068033,,1199600,,
0,0,,0.365053,0.116471,0.311039,0.207437,,1148100,,
0,0,,0.519409,0.180937,0.17682,0.122833,,1151800,,
0,0,,0.51868,0.094693,0.262444,0.124183,,1145800,,
0,0,,0.393843,0.175144,0.280055,0.150958,,1151700,,
0,0,,0.363988,0.232308,0.282056,0.121647,,1146200,,
0,2,,0.291718,0.127765,0.373209,0.207308,,1153100,,
0,2,,0.252979,0.092944,0.4825,0.171577,,1145300,,
0,0,,0.381433,0.302238,0.179396,0.136932,,1158000,,
0,0,,0.405989,0.172907,0.266543,0.154561,,1213500,,
0,0,,0.457322,0.30185,0.170363,0.070465,,1212200,,
0,0,,0.462592,0.19658,0.197144,0.143684,,1143900,,
0,0,,0.45269,0.159784,0.248161,0.139364,,1140800,,
0,0,,0.430091,0.293151,0.182564,0.094194,,1145400,,
0,0,,0.499357,0.188246,0.171898,0.140498,,1148500,,
0,0,,0.453801,0.160235,0.214154,0.171809,,1206000,,
0,0,,0.382998,0.235921,0.312754,0.068327,,1157600,,
0,0,,0.419459,0.222307,0.196544,0.16169,,1154000,,
0,2,,0.256268,0.118805,0.56701,0.057917,,1150300,,
0,2,,0.248172,0.104546,0.569286,0.077996,,1170600,,
0,2,,0.177658,0.068662,0.654471,0.099209,,1141900,,
0,0,,0.357753,0.244758,0.302194,0.095295,,1151900,,
0,0,,0.446621,0.269074,0.162567,0.121739,,1171600,,
0,2,,0.196099,0.140524,0.559057,0.10432,,1151200,,
0,0,,0.460654,0.157166,0.255243,0.126937,,1149300,,
0,2,,0.29579,0.101432,0.544789,0.057989,,1143600,,
0,2,,0.268055,0.139123,0.495603,0.097219,,1147500,,
0,2,,0.252832,0.078561,0.548725,0.119881,,1187800,,
0,0,,0.360109,0.130358,0.31414,0.195393,,1152900,,
0,2,,0.305489,0.143204,0.48944,0.061867,,1141600,,
0,0,,0.409844,0.164448,0.249841,0.175866,,1144900,,
0,2,,0.189809,0.03484,0.68586,0.08949,,1136600,,
0,2,,0.23401,0.086249,0.50824,0.171501,,1140300,,
0,2,,0.175015,0.045957,0.681527,0.097501,,1143100,,
0,2,,0.285489,0.163204,0.48944,0.061867,,1148600,,
0,0,,0.490626,0.104541,0.273697,0.131136,,1141500,,
0,0,,0.468107,0.1778,0.236318,0.117776,,1159200,,
0,2,,0.291645,0.117986,0.383062,0.207308,,1142200,,
0,0,,0.442862,0.158823,0.178424,0.219891,,1142300,,
0,2,,0.256387,0.039992,0.584679,0.118942,,1187700,,
0,2,,0.229881,0.093365,0.564296,0.112458,,1171900,,
0,2,,0.154208,0.027571,0.675067,0.143154,,1139900,,
0,2,,0.248341,0.104187,0.574312,0.07316,,1143400,,
0,0,,0.472532,0.217614,0.185875,0.12398,,1156800,,
0,2,,0.156132,0.029516,0.681024,0.133328,,1140200,,
0,2,,0.342105,0.149493,0.461531,0.046871,,1148900,,
0,0,,0.392676,0.281407,0.202085,0.123832,,1151700,,
0,2,,0.287526,0.089553,0.544924,0.077996,,1139300,,
0,0,,0.327396,0.126697,0.309306,0.2366,,1145100,,
0,2,,0.182117,0.046041,0.652363,0.119479,,1139900,,
0,0,,0.468861,0.16218,0.216597,0.152362,,1150600,,
1,0,,0.404647,0.273788,0.254124,0.067442,,1138200,,
1,2,,0.29937,0.158856,0.48986,0.051914,,1146000,,
1,2,,0.284297,0.155907,0.510922,0.048874,,1139100,,
1,2,,0.231501,0.109588,0.64419,0.01472,,1141300,,
1,0,,0.40464,0.373655,0.172858,0.048847,,1139300,,
1,2,,0.27937,0.178856,0.48986,0.051914,,1139400,,
1,2,,0.352611,0.191884,0.436834,0.018671,,1144600,,
1,2,,0.32299,0.182856,0.451366,0.042788,,1156100,,
1,2,,0.305489,0.143204,0.48944,0.061867,,1145700,,
1,2,,0.231647,0.107346,0.60085,0.060156,,1143000,,
1,2,,0.31331,0.22152,0.416296,0.048874,,1141100,,
1,2,,0.223881,0.098732,0.643587,0.0338,,1141800,,
1,2,,0.290611,0.137728,0.501467,0.070193,,1147400,,
1,2,,0.350949,0.188002,0.390855,0.070193,,1151800,,
1,2,,0.37218,0.189739,0.373974,0.064107,,1143600,,
1,0,,0.410338,0.225835,0.293634,0.070193,,1142400,,
1,2,,0.279225,0.068803,0.554633,0.097339,,1138100,,
1,0,,0.473411,0.269657,0.22253,0.034402,,1247100,,
1,2,,0.305489,0.123204,0.50944,0.061867,,1165000,,
1,0,,0.504663,0.265681,0.195254,0.034402,,1147900,,
1,2,,0.240406,0.108474,0.589243,0.061877,,1140000,,
1,2,,0.314553,0.149924,0.492736,0.042788,,1135600,,
1,2,,0.341206,0.182018,0.392669,0.084107,,1134900,,
1,2,,0.223881,0.098732,0.643587,0.0338,,1138700,,
1,2,,0.312861,0.128642,0.510915,0.047582,,1152700,,
1,2,,0.331199,0.167101,0.441717,0.059983,,1143400,,
1,0,,0.409864,0.248629,0.161249,0.180257,,1180500,,
1,0,,0.381022,0.286328,0.182708,0.149942,,1141800,,
1,0,,0.404647,0.273788,0.254124,0.067442,,1139000,,
1,0,,0.389216,0.301114,0.199432,0.110238,,1141700,,
1,0,,0.459657,0.264012,0.241635,0.034696,,1135200,,
1,2,,0.335578,0.193679,0.417075,0.053668,,1148000,,
1,2,,0.341164,0.218227,0.376502,0.064107,,1135300,,
1,2,,0.338835,0.237949,0.380429,0.042788,,1141900,,
1,0,,0.449028,0.233253,0.204284,0.113435,,1142100,,
1,0,,0.463462,0.25209,0.171015,0.113433,,1147700,,
1,2,,0.335826,0.199097,0.416203,0.048874,,1146200,,
1,2,,0.195671,0.125947,0.618477,0.059904,,1142600,,
1,0,,0.355469,0.296668,0.178871,0.168992,,1145100,,
1,2,,0.35218,0.189739,0.373974,0.084107,,1147900,,
1,2,,0.35218,0.189739,0.393974,0.064107,,1146700,,
1,2,,0.223881,0.098732,0.643587,0.0338,,1161500,,
1,2,,0.300868,0.131744,0.503281,0.064107,,1139300,,
1,0,,0.357517,0.219078,0.294331,0.129074,,1148600,,
1,2,,0.223881,0.098732,0.643587,0.0338,,1135500,,
1,2,,0.303186,0.160329,0.482331,0.054154,,1138700,,
1,2,,0.330949,0.208002,0.390855,0.070193,,1137200,,
1,0,,0.404715,0.341536,0.193838,0.059911,,1140400,,
1,2,,0.320445,0.179215,0.444485,0.055855,,1141100,,
1,0,,0.428471,0.253957,0.204137,0.113435,,1149400,,
1,2,,0.279225,0.068803,0.554633,0.097339,,1142100,,
1,0,,0.536834,0.204447,0.213894,0.044825,,1141300,,
1,0,,0.404647,0.273788,0.254124,0.067442,,1140500,,
1,2,,0.330949,0.208002,0.390855,0.070193,,1146400,,
1,2,,0.295941,0.114693,0.522218,0.067147,,1141500,,
1,2,,0.231501,0.109588,0.64419,0.01472,,1141500,,
1,2,,0.226234,0.105555,0.635193,0.033018,,1139500,,
1,2,,0.305489,0.143204,0.48944,0.061867,,1139100,,
1,2,,0.223881,0.098732,0.643587,0.0338,,1140600,,
1,2,,0.313377,0.158136,0.444086,0.084401,,1136600,,
1,2,,0.231501,0.109588,0.64419,0.01472,,1139900,,
1,0,,0.406312,0.26376,0.184708,0.145221,,1150500,,
1,2,,0.352078,0.180113,0.377762,0.090047,,1142600,,
1,2,,0.223881,0.098732,0.643587,0.0338,,1145500,,
1,0,,0.352069,0.263611,0.322453,0.061867,,1141200,,
1,2,,0.37218,0.189739,0.373974,0.064107,,1142000,,
1,2,,0.35218,0.189739,0.373974,0.084107,,1149400,,
1,2,,0.275232,0.149187,0.507627,0.067954,,1154100,,
1,2,,0.223881,0.098732,0.643587,0.0338,,1153200,,
1,2,,0.298206,0.23148,0.345799,0.124515,,1140800,,
1,0,,0.370908,0.22421,0.334689,0.070193,,1144900,,
1,0,,0.498247,0.270865,0.196485,0.034402,,1140300,,
1,0,,0.424021,0.336155,0.192095,0.047729,,1141200,,
1,2,,0.317754,0.167807,0.459241,0.055197,,1139500,,
1,2,,0.305489,0.123204,0.50944,0.061867,,1143900,,
1,0,,0.430609,0.212469,0.295634,0.061288,,1142800,,
1,2,,0.31331,0.24152,0.396296,0.048874,,1142500,,
1,2,,0.319813,0.167261,0.467898,0.045027,,1136700,,
1,0,,0.461732,0.233967,0.190868,0.113433,,1141800,,
1,2,,0.351942,0.209626,0.374324,0.064107,,1144500,,
1,2,,0.215977,0.111539,0.63338,0.039104,,1163800,,
1,2,,0.357652,0.181223,0.431094,0.030031,,1149400,,
1,2,,0.37218,0.189739,0.373974,0.064107,,1140500,,
1,2,,0.305489,0.143204,0.48944,0.061867,,1139900,,
1,2,,0.32825,0.160194,0.466529,0.045027,,1139500,,
1,0,,0.399399,0.333099,0.218327,0.049175,,1180700,,
1,2,,0.295941,0.134693,0.502218,0.067147,,1146700,,
1,2,,0.280492,0.166525,0.48279,0.070193,,1133500,,
1,2,,0.305113,0.157984,0.468949,0.067954,,1132000,,
1,0,,0.536834,0.204447,0.213894,0.044825,,1144400,,
1,0,,0.463462,0.25209,0.171015,0.113433,,1140600,,
1,0,,0.447312,0.296659,0.194162,0.061867,,1136100,,
1,2,,0.305489,0.123204,0.50944,0.061867,,1141200,,
1,2,,0.322375,0.179267,0.445401,0.052958,,1132200,,
1,0,,0.461579,0.210416,0.249818,0.078187,,1169900,,
1,2,,0.305489,0.123204,0.50944,0.061867,,1143400,,
1,2,,0.31331,0.22152,0.416296,0.048874,,1146500,,
1,2,,0.29813,0.173027,0.479732,0.049111,,1138800,,
1,0,,0.473159,0.217332,0.251405,0.058104,,1147000,,
1,2,,0.333295,0.203494,0.399104,0.064107,,1136500,,
1,0,,0.443107,0.242578,0.163423,0.150891,,1138300,,
1,0,,0.476517,0.272743,0.216338,0.034402,,1136000,,
1,0,,0.370908,0.22421,0.334689,0.070193,,1140600,,
1,2,,0.357652,0.181223,0.431094,0.030031,,1143500,,
1,2,,0.35218,0.189739,0.373974,0.084107,,1142900,,
1,0,,0.536834,0.204447,0.213894,0.044825,,1138400,,
1,2,,0.232945,0.105452,0.646882,0.01472,,1134000,,
1,2,,0.309557,0.173245,0.466085,0.051114,,1153000,,
1,2,,0.321727,0.179402,0.428678,0.070193,,1137200,,
1,2,,0.275941,0.134693,0.502218,0.087147,,1146100,,
1,0,,0.39236,0.370811,0.174814,0.062014,,1142200,,
1,2,,0.324434,0.158721,0.474058,0.042788,,1138100,,
1,2,,0.335594,0.19405,0.449445,0.02091,,1141800,,
1,2,,0.357652,0.181223,0.431094,0.030031,,1139000,,
1,2,,0.275232,0.149187,0.507627,0.067954,,1140500,,
1,0,,0.442673,0.305498,0.189815,0.062014,,1140800,,
1,2,,0.29813,0.153027,0.499732,0.049111,,1140500,,
1,0,,0.449862,0.232455,0.204248,0.113435,,1143900,,
1,0,,0.533075,0.220217,0.214025,0.032682,,1140500,,
1,2,,0.274749,0.147397,0.5037,0.074154,,1137000,,
1,2,,0.35218,0.169739,0.393974,0.084107,,1141200,,
1,2,,0.34466,0.207761,0.426668,0.02091,,1159600,,
1,2,,0.35218,0.189739,0.373974,0.084107,,1148900,,
1,0,,0.407515,0.293788,0.230962,0.067736,,1153400,,
1,2,,0.361923,0.195723,0.372161,0.070193,,1155100,,
1,0,,0.370908,0.22421,0.334689,0.070193,,1149200,,
1,0,,0.370908,0.22421,0.334689,0.070193,,1149400,,
1,0,,0.516463,0.210283,0.209349,0.063905,,1155000,,
1,2,,0.304297,0.135907,0.510922,0.048874,,1149300,,
1,2,,0.231501,0.109588,0.64419,0.01472,,1147800,,
1,2,,0.31331,0.24152,0.396296,0.048874,,1152500,,
1,2,,0.324434,0.158721,0.474058,0.042788,,1200000,,
1,2,,0.27937,0.178856,0.48986,0.051914,,1151800,,
1,2,,0.290611,0.137728,0.501467,0.070193,,1145000,,
1,2,,0.318369,0.151397,0.485206,0.045027,,1152000,,
1,0,,0.450885,0.233105,0.206855,0.109155,,1175300,,
1,2,,0.2902,0.10759,0.588077,0.014133,,1142700,,
1,2,,0.240406,0.108474,0.589243,0.061877,,1140000,,
1,2,,0.37218,0.189739,0.373974,0.064107,,1139200,,
1,2,,0.261344,0.10602,0.580732,0.051904,,1141300,,
1,2,,0.265685,0.140677,0.500405,0.093234,,1139200,,
1,2,,0.231501,0.109588,0.64419,0.01472,,1141500,,
1,2,,0.305489,0.123204,0.50944,0.061867,,1136100,,
1,2,,0.35218,0.169739,0.393974,0.084107,,1139800,,
1,0,,0.305493,0.259505,0.284033,0.150969,,1137800,,
1,2,,0.305489,0.143204,0.48944,0.061867,,1139600,,
1,0,,0.361686,0.21561,0.352511,0.070193,,1141900,,
1,0,,0.448471,0.233957,0.204137,0.113435,,1142200,,
1,2,,0.305489,0.123204,0.50944,0.061867,,1148400,,
1,0,,0.526305,0.249836,0.195254,0.028605,,1142700,,
1,2,,0.301069,0.199205,0.429533,0.070193,,1138500,,
1,2,,0.305489,0.123204,0.50944,0.061867,,1142900,,
1,0,,0.409656,0.327116,0.22014,0.043088,,1148300,,
1,2,,0.305489,0.123204,0.50944,0.061867,,1147800,,
1,2,,0.320629,0.169338,0.445925,0.064107,,1139000,,
1,0,,0.424021,0.336155,0.192095,0.047729,,1149200,,
1,0,,0.476011,0.285695,0.217226,0.021069,,1136700,,
1,2,,0.300868,0.111744,0.523281,0.064107,,1154500,,
1,0,,0.471999,0.239535,0.220802,0.067664,,1148900,,
1,0,,0.441455,0.234061,0.211051,0.113433,,1146700,,
1,0,,0.447312,0.296659,0.194162,0.061867,,1137800,,
1,2,,0.294749,0.147397,0.5037,0.054154,,1137200,,
1,0,,0.502345,0.238757,0.214171,0.044726,,1150700,,
1,2,,0.35218,0.189739,0.373974,0.084107,,1141300,,
1,2,,0.30275,0.164486,0.485892,0.046871,,1147700,,
1,0,,0.335659,0.146285,0.299008,0.219048,,1145100,,
2,2,,0.197215,0.104265,0.662487,0.036033,,1163900,,
2,2,,0.228597,0.088924,0.640229,0.042251,,1140500,,
2,2,,0.209074,0.077432,0.608087,0.105407,,1149500,,
2,0,,0.420432,0.180826,0.322712,0.07603,,1143200,,
2,2,,0.181286,0.049729,0.696003,0.072982,,1152000,,
2,2,,0.162419,0.089205,0.718807,0.02957,,1147700,,
2,0,,0.4008,0.180606,0.343153,0.075442,,1153900,,
2,2,,0.303614,0.075764,0.609755,0.010867,,1151100,,
2,2,,0.206439,0.072044,0.691571,0.029946,,1147700,,
2,2,,0.224836,0.115121,0.64309,0.016953,,1172200,,
2,2,,0.150991,0.048698,0.665176,0.135135,,1162700,,
2,2,,0.314665,0.136644,0.339202,0.209488,,1156200,,
2,2,,0.27109,0.030302,0.586505,0.112103,,1157500,,
2,2,,0.264304,0.079503,0.626051,0.030141,,1158700,,
2,2,,0.214545,0.081007,0.594274,0.110174,,1137000,,
2,2,,0.164912,0.047128,0.651713,0.136246,,1139600,,
2,2,,0.145957,0.069602,0.646323,0.138118,,1164400,,
2,2,,0.196815,0.102284,0.686557,0.014343,,1143300,,
2,2,,0.121499,0.019918,0.750746,0.107837,,1171700,,
2,2,,0.227478,0.090521,0.590143,0.091859,,1149400,,
2,2,,0.172525,0.066596,0.59353,0.16735,,1150500,,
2,2,,0.166379,0.029937,0.750883,0.0528,,1144400,,
2,2,,0.182626,0.118091,0.66021,0.039073,,1164900,,
2,2,,0.181327,0.043778,0.724786,0.050108,,1163100,,
2,2,,0.182753,0.088317,0.698045,0.030885,,1149500,,
2,2,,0.21926,0.087273,0.657427,0.03604,,1144900,,
2,2,,0.189194,0.091429,0.685954,0.033423,,1147200,,
2,2,,0.151277,0.024611,0.767007,0.057106,,1145000,,
2,2,,0.210222,0.076676,0.66991,0.043191,,1149500,,
2,2,,0.152879,0.059081,0.738391,0.049649,,1145000,,
2,2,,0.150206,0.03316,0.669794,0.14684,,1148100,,
2,2,,0.137499,0.070541,0.744551,0.047409,,1145600,,
2,2,,0.206357,0.104527,0.65917,0.029946,,1173600,,
2,2,,0.215339,0.050181,0.603151,0.131329,,1158700,,
2,2,,0.232945,0.125452,0.626882,0.01472,,1147400,,
2,2,,0.164574,0.079969,0.699794,0.055663,,1155800,,
2,2,,0.2513,0.100365,0.615104,0.033232,,1174400,,
2,2,,0.184574,0.079969,0.699794,0.035663,,1148800,,
2,2,,0.157109,0.067971,0.686375,0.088544,,1142400,,
2,2,,0.254446,0.109752,0.627707,0.008095,,1144900,,
2,2,,0.198259,0.098148,0.689249,0.014343,,1161700,,
2,2,,0.195661,0.100644,0.673749,0.029946,,1145500,,
2,2,,0.1972,0.084343,0.606536,0.111921,,1134800,,
2,2,,0.164574,0.079969,0.699794,0.055663,,1133500,,
2,2,,0.119256,0.041486,0.722265,0.116993,,1136500,,
2,2,,0.181985,0.051633,0.60794,0.158442,,1156000,,
2,2,,0.140615,0.026553,0.726462,0.106371,,1144000,,
2,2,,0.201482,0.06884,0.678869,0.050809,,1145600,,
2,2,,0.176432,0.031903,0.659851,0.131813,,1137700,,
2,2,,0.175536,0.069373,0.712277,0.042814,,1154000,,
2,2,,0.124929,0.048746,0.725905,0.10042,,1146300,,
2,2,,0.196274,0.082335,0.632153,0.089239,,1136700,,
2,2,,0.122475,0.053671,0.721552,0.102303,,1208300,,
2,2,,0.223486,0.097668,0.574922,0.103924,,1150600,,
2,2,,0.189809,0.03484,0.68586,0.08949,,1136800,,
2,2,,0.164574,0.079969,0.699794,0.055663,,1138900,,
2,2,,0.198259,0.098148,0.689249,0.014343,,1131900,,
2,2,,0.172535,0.092962,0.72338,0.011123,,1136700,,
2,2,,0.184574,0.079969,0.699794,0.035663,,1157600,,
2,2,,0.271418,0.129796,0.584653,0.014133,,1145300,,
2,2,,0.196815,0.102284,0.686557,0.014343,,1135300,,
2,2,,0.171655,0.024023,0.753608,0.050714,,1140300,,
2,0,,0.376626,0.241728,0.320155,0.061491,,1156400,,
2,2,,0.125626,0.036743,0.703832,0.133799,,1141300,,
2,2,,0.123266,0.025245,0.74841,0.10308,,1141600,,
2,2,,0.154119,0.073683,0.735034,0.037163,,1147500,,
2,2,,0.215709,0.050821,0.618332,0.115137,,1136000,,
2,2,,0.251946,0.079537,0.50507,0.163448,,1140500,,
2,2,,0.317925,0.117741,0.344568,0.219766,,1137500,,
2,2,,0.187773,0.081215,0.581807,0.149205,,1136500,,
2,2,,0.148479,0.052964,0.728541,0.070016,,1145300,,
2,2,,0.192857,0.09381,0.679909,0.033423,,1143700,,
2,2,,0.137499,0.070541,0.744551,0.047409,,1167600,,
2,2,,0.166379,0.029937,0.750883,0.0528,,1145400,,
2,2,,0.164612,0.024611,0.753219,0.057558,,1137700,,
2,2,,0.167317,0.043299,0.71597,0.073414,,1139800,,
2,2,,0.237418,0.084425,0.645084,0.033073,,1141600,,
2,2,,0.138595,0.021109,0.726366,0.11393,,1184800,,
2,2,,0.189194,0.091429,0.685954,0.033423,,1143800,,
2,2,,0.192449,0.050326,0.662968,0.094257,,1135400,,
2,2,,0.20065,0.094146,0.656923,0.048281,,1140300,,
2,2,,0.125626,0.036743,0.703832,0.133799,,1140600,,
2,2,,0.13494,0.027207,0.734736,0.103117,,1133100,,
2,2,,0.153048,0.03907,0.734468,0.073414,,1143000,,
2,2,,0.165155,0.016827,0.684832,0.133186,,1140900,,
2,2,,0.114932,0.025245,0.767129,0.092695,,1140200,,
2,2,,0.230324,0.079795,0.672928,0.016953,,1148800,,
2,2,,0.217424,0.095959,0.594759,0.091859,,1137500,,
2,2,,0.172195,0.090825,0.720397,0.016583,,1140600,,
2,2,,0.194203,0.072296,0.620946,0.112555,,1152900,,
2,2,,0.117261,0.019918,0.739948,0.122873,,1140700,,
2,2,,0.197597,0.028871,0.663799,0.109734,,1210700,,
2,2,,0.216532,0.063302,0.690219,0.029946,,1154200,,
2,2,,0.15347,0.102884,0.559581,0.184065,,1155200,,
2,0,,0.350974,0.059612,0.332506,0.256909,,1153200,,
2,2,,0.11603,0.049482,0.722944,0.111544,,1151900,,
2,2,,0.162258,0.072101,0.607236,0.158405,,1157700,,
2,2,,0.240325,0.057548,0.544185,0.157942,,1145800,,
2,2,,0.262384,0.09856,0.633396,0.00566,,1149200,,
2,2,,0.200282,0.092104,0.679908,0.027707,,1152200,,
2,2,,0.17466,0.09152,0.72557,0.00825,,1157600,,
2,2,,0.167288,0.035832,0.723752,0.073129,,1232000,,
2,2,,0.222889,0.102445,0.57314,0.101526,,1197800,,
2,2,,0.117261,0.019918,0.739948,0.122873,,1148700,,
2,2,,0.19737,0.074099,0.689914,0.038618,,1175400,,
2,2,,0.106123,0.020507,0.749075,0.124296,,1140800,,
2,2,,0.260845,0.104885,0.623209,0.011062,,1140000,,
2,0,,0.382161,0.227636,0.322771,0.067432,,1151400,,
2,2,,0.299192,0.115964,0.570712,0.014133,,1140100,,
2,2,,0.194399,0.052708,0.658636,0.094257,,1140200,,
2,2,,0.125626,0.036743,0.703832,0.133799,,1140900,,
2,2,,0.198259,0.098148,0.689249,0.014343,,1163400,,
2,2,,0.125626,0.036743,0.703832,0.133799,,1140300,,
2,2,,0.174089,0.060372,0.716632,0.048908,,1147300,,
2,2,,0.164826,0.038926,0.690009,0.106239,,1143100,,
2,2,,0.196272,0.06716,0.687266,0.049302,,1138300,,
2,2,,0.200824,0.110789,0.643147,0.04524,,1139700,,
2,2,,0.2161,0.110511,0.637356,0.036033,,1140200,,
2,2,,0.147338,0.03316,0.672956,0.146546,,1155900,,
2,2,,0.157316,0.04725,0.653036,0.142398,,1161200,,
2,2,,0.195686,0.03449,0.574513,0.19531,,1143900,,
2,2,,0.127392,0.042069,0.701497,0.129042,,1140200,,
2,2,,0.165042,0.018585,0.760835,0.055538,,1138600,,
2,2,,0.221579,0.058932,0.689543,0.029946,,1138800,,
2,2,,0.121339,0.031419,0.72357,0.123672,,1141200,,
2,2,,0.254211,0.091327,0.552936,0.101526,,1144300,,
2,2,,0.123266,0.025245,0.74841,0.10308,,1142000,,
2,2,,0.198259,0.098148,0.689249,0.014343,,1147500,,
2,2,,0.220287,0.039087,0.707355,0.033271,,1135400,,
2,2,,0.164574,0.079969,0.699794,0.055663,,1135600,,
2,2,,0.133082,0.04652,0.690189,0.130208,,1142100,,
2,2,,0.200075,0.064715,0.625633,0.109577,,1196600,,
2,2,,0.159941,0.056161,0.722911,0.060987,,1205000,,
2,2,,0.153526,0.048593,0.727865,0.070016,,1146200,,
2,2,,0.144612,0.024611,0.773219,0.057558,,1146200,,
2,2,,0.203149,0.092104,0.676746,0.028001,,1146800,,
2,2,,0.210471,0.062094,0.689038,0.038397,,1145200,,
2,2,,0.166379,0.029937,0.750883,0.0528,,1169400,,
2,2,,0.176432,0.031903,0.639851,0.151813,,1144700,,
2,0,,0.410609,0.212469,0.295634,0.081288,,1144100,,
2,2,,0.222019,0.068798,0.673151,0.036033,,1144200,,
2,2,,0.122475,0.053671,0.721552,0.102303,,1138300,,
2,0,,0.377765,0.208013,0.350345,0.063877,,1141300,,
2,2,,0.113165,0.019918,0.769464,0.097452,,1142800,,
2,2,,0.216532,0.063302,0.690219,0.029946,,1150800,,
2,2,,0.138477,0.062629,0.736088,0.062806,,1143400,,
2,2,,0.179904,0.030763,0.630892,0.158442,,1171300,,
2,2,,0.126579,0.041082,0.702131,0.130208,,1141200,,
2,2,,0.18538,0.053118,0.669643,0.091859,,1146300,,
2,2,,0.213587,0.111687,0.608495,0.066232,,1144600,,
2,2,,0.140975,0.07334,0.756115,0.02957,,1175400,,
2,2,,0.156794,0.053785,0.653389,0.136032,,1142500,,
2,2,,0.152808,0.016827,0.668826,0.16154,,1141800,,
2,2,,0.181074,0.050508,0.720415,0.048003,,1154800,,
2,2,,0.175536,0.069373,0.712277,0.042814,,1139600,,
2,2,,0.144962,0.040252,0.703834,0.110952,,1141100,,
2,2,,0.155413,0.052964,0.710951,0.080671,,1133500,,
2,2,,0.117261,0.019918,0.739948,0.122873,,1150400,,
2,2,,0.195583,0.103059,0.596684,0.104674,,1147500,,
2,2,,0.191767,0.098353,0.676893,0.032987,,1146900,,
2,2,,0.240251,0.068509,0.652159,0.03908,,1161000,,
2,2,,0.176432,0.031903,0.639851,0.151813,,1188800,,
2,2,,0.117866,0.035607,0.715694,0.130833,,1142400,,
