statlog-landsat,CWE,test,2,NANOSECONDS,PREDICTIONS, Generated by ClassifierExperiments.java on 2022-05-16 22:42:10.    SYSTEMPROPERTIES:{user.name:matth,os.arch:amd64,os.name:Windows 10},ENDSYSTEMPROPERTIES
No parameter info
0.3875968992248062,1592125600,2106584400,-1,77255856,6,,-1,-1
0,0,,0.553175,0.12133,0.224198,0.017892,0.053345,0.03006,,1836300,,
0,2,,0.194691,0.028551,0.711661,0.03987,0.011295,0.013931,,1685400,,
0,2,,0.381824,0.094939,0.432841,0.032397,0.031193,0.026807,,1571200,,
0,2,,0.045743,0.004956,0.874423,0.053304,0.004282,0.017293,,1558200,,
0,2,,0.065686,0.004988,0.855244,0.052833,0.00479,0.01646,,1716600,,
0,2,,0.114803,0.020989,0.792459,0.047984,0.008203,0.015562,,1520200,,
0,2,,0.221463,0.032403,0.673148,0.039723,0.01493,0.018334,,1522500,,
0,2,,0.313646,0.061446,0.539951,0.034599,0.024383,0.025976,,1522800,,
0,2,,0.351118,0.072969,0.500282,0.034327,0.022537,0.018768,,1590400,,
0,2,,0.114848,0.020989,0.79416,0.046666,0.008203,0.015133,,1552100,,
0,2,,0.233909,0.02922,0.664558,0.042736,0.012521,0.017057,,1570800,,
0,0,,0.63878,0.143051,0.086515,0.015332,0.076418,0.039905,,1543200,,
0,0,,0.32304,0.153695,0.278006,0.042528,0.130923,0.071808,,1583700,,
0,2,,0.270645,0.126726,0.430111,0.031884,0.078683,0.061951,,1516700,,
0,2,,0.045743,0.004956,0.874423,0.053304,0.004282,0.017293,,1620400,,
0,0,,0.629666,0.152821,0.043648,0.006566,0.109096,0.058202,,1518600,,
0,2,,0.102022,0.004988,0.822321,0.048997,0.005813,0.01586,,1541900,,
0,2,,0.188772,0.032386,0.706959,0.040035,0.014362,0.017486,,1631200,,
0,2,,0.145426,0.028217,0.758942,0.044324,0.009366,0.013726,,1624800,,
0,2,,0.102022,0.004988,0.822321,0.048997,0.005813,0.01586,,1564000,,
0,2,,0.248081,0.186609,0.440582,0.023507,0.062676,0.038544,,1658000,,
0,2,,0.257496,0.136268,0.418182,0.027148,0.096582,0.064324,,2101500,,
0,2,,0.232562,0.057138,0.634644,0.038212,0.019638,0.017807,,2064300,,
0,2,,0.252516,0.057138,0.614917,0.037984,0.019638,0.017807,,2067300,,
0,2,,0.317458,0.057141,0.548282,0.036665,0.020957,0.019497,,1983000,,
0,2,,0.146736,0.081439,0.595409,0.035672,0.074947,0.065797,,1806400,,
0,2,,0.045743,0.004956,0.874423,0.053304,0.004282,0.017293,,2222000,,
0,2,,0.28447,0.056807,0.582601,0.03732,0.020206,0.018597,,3091700,,
0,2,,0.046758,0.004956,0.870482,0.055912,0.004337,0.017556,,2459800,,
0,2,,0.082989,0.004956,0.837794,0.051886,0.005515,0.016861,,1514000,,
0,2,,0.045743,0.004956,0.874423,0.053304,0.004282,0.017293,,1495600,,
0,2,,0.177393,0.027886,0.726605,0.043666,0.009934,0.014516,,1500600,,
0,2,,0.078512,0.020989,0.827083,0.050502,0.00718,0.015734,,1604600,,
0,0,,0.574131,0.1571,0.063984,0.009462,0.119951,0.075372,,1523500,,
0,2,,0.313646,0.061446,0.539951,0.034599,0.024383,0.025976,,1614900,,
0,2,,0.082989,0.004956,0.837794,0.051886,0.005515,0.016861,,1569200,,
0,2,,0.302329,0.076515,0.466688,0.038505,0.05524,0.060723,,1597900,,
0,2,,0.144411,0.028217,0.762883,0.041715,0.009311,0.013463,,1528600,,
0,2,,0.098414,0.00529,0.81037,0.059822,0.006564,0.01954,,1505900,,
0,2,,0.116906,0.005322,0.799376,0.053641,0.006862,0.017894,,1514300,,
0,2,,0.077497,0.020989,0.831024,0.047894,0.007125,0.015471,,1620200,,
0,2,,0.230683,0.045395,0.643893,0.047833,0.014554,0.017641,,1515000,,
0,2,,0.064671,0.004988,0.859184,0.050225,0.004735,0.016198,,1521400,,
0,2,,0.283262,0.048065,0.524534,0.039723,0.042948,0.061466,,1546400,,
0,2,,0.232199,0.096905,0.495511,0.032309,0.077119,0.065957,,1606000,,
0,2,,0.224138,0.033737,0.652599,0.049909,0.016792,0.022825,,1581000,,
0,2,,0.102022,0.004988,0.822321,0.048997,0.005813,0.01586,,1515900,,
0,2,,0.14677,0.020658,0.760122,0.047326,0.008771,0.016352,,1509100,,
0,2,,0.188772,0.032386,0.706959,0.040035,0.014362,0.017486,,2117900,,
0,2,,0.046758,0.004956,0.870482,0.055912,0.004337,0.017556,,2045000,,
0,2,,0.342902,0.056838,0.524703,0.036157,0.020912,0.018489,,2073500,,
0,2,,0.35567,0.074202,0.49636,0.030979,0.024152,0.018637,,1886600,,
0,2,,0.114744,0.020989,0.794394,0.046476,0.008358,0.015038,,1548400,,
0,2,,0.304926,0.075202,0.53339,0.039499,0.024583,0.022399,,1613700,,
0,2,,0.046758,0.004956,0.870482,0.055912,0.004337,0.017556,,1586300,,
0,2,,0.226395,0.127158,0.469067,0.029191,0.0878,0.060389,,1520100,,
0,2,,0.046758,0.004956,0.870482,0.055912,0.004337,0.017556,,1536600,,
0,2,,0.142098,0.034085,0.726021,0.057974,0.014555,0.025268,,1562600,,
0,2,,0.216475,0.0966,0.538103,0.034592,0.064862,0.049368,,1517900,,
0,2,,0.28447,0.056807,0.582601,0.03732,0.020206,0.018597,,1520200,,
0,0,,0.456364,0.162498,0.179067,0.008738,0.126696,0.066638,,1616200,,
0,2,,0.190056,0.121532,0.496385,0.029189,0.097113,0.065725,,1521800,,
0,2,,0.085381,0.004956,0.824962,0.06025,0.005813,0.018639,,1516300,,
0,2,,0.22386,0.136483,0.454221,0.026,0.095718,0.063718,,1642700,,
0,2,,0.114848,0.020989,0.79416,0.046666,0.008203,0.015133,,1531000,,
0,2,,0.181762,0.028217,0.726019,0.040488,0.010389,0.013126,,1532600,,
0,2,,0.201352,0.056867,0.576849,0.039681,0.058802,0.066449,,1629900,,
0,2,,0.045743,0.004956,0.874423,0.053304,0.004282,0.017293,,1540800,,
0,2,,0.136232,0.081465,0.594233,0.033948,0.076202,0.077921,,1524500,,
0,2,,0.181762,0.028217,0.726019,0.040488,0.010389,0.013126,,1517000,,
0,2,,0.143828,0.037151,0.738971,0.052074,0.010987,0.016988,,1543500,,
0,0,,0.637711,0.144654,0.044797,0.009554,0.103859,0.059426,,1515400,,
0,2,,0.045743,0.004956,0.874423,0.053304,0.004282,0.017293,,1516500,,
0,2,,0.263253,0.121385,0.388861,0.018977,0.120731,0.086793,,1650800,,
0,2,,0.144411,0.028217,0.762883,0.041715,0.009311,0.013463,,1514600,,
0,2,,0.226763,0.02822,0.679091,0.039403,0.011708,0.014816,,1519800,,
0,0,,0.544217,0.12056,0.158845,0.022016,0.090567,0.063795,,1538500,,
0,2,,0.045743,0.004956,0.874423,0.053304,0.004282,0.017293,,1578000,,
0,2,,0.411903,0.06164,0.412817,0.034201,0.037081,0.042357,,1534800,,
0,2,,0.114848,0.020989,0.79416,0.046666,0.008203,0.015133,,1531400,,
0,2,,0.131002,0.021149,0.767131,0.054405,0.008597,0.017715,,1612700,,
0,2,,0.045743,0.004956,0.874423,0.053304,0.004282,0.017293,,1528300,,
0,2,,0.292623,0.068762,0.48603,0.035953,0.057796,0.058836,,1529200,,
0,2,,0.045159,0.005018,0.868045,0.057927,0.004167,0.019683,,1640800,,
0,2,,0.17766,0.097296,0.575682,0.034962,0.065021,0.04938,,1547900,,
0,2,,0.125636,0.006552,0.758395,0.052056,0.014028,0.043333,,1528300,,
0,2,,0.145426,0.028217,0.758942,0.044324,0.009366,0.013726,,2341200,,
0,2,,0.239734,0.120757,0.455961,0.025672,0.094026,0.06385,,3271200,,
0,2,,0.082989,0.004956,0.837794,0.051886,0.005515,0.016861,,2033300,,
0,2,,0.045743,0.004956,0.874423,0.053304,0.004282,0.017293,,1521000,,
0,2,,0.046758,0.004956,0.870482,0.055912,0.004337,0.017556,,1566000,,
0,2,,0.163956,0.044826,0.667863,0.03902,0.039983,0.044352,,1516600,,
0,0,,0.543199,0.12553,0.1019,0.00998,0.134984,0.084407,,1624700,,
0,0,,0.431947,0.088377,0.408043,0.029478,0.02537,0.016784,,1522800,,
0,2,,0.08484,0.004956,0.82944,0.056958,0.005813,0.017994,,1855900,,
0,0,,0.452291,0.133008,0.17134,0.015669,0.138463,0.089229,,1663000,,
0,2,,0.144411,0.028217,0.762883,0.041715,0.009311,0.013463,,1569500,,
0,2,,0.102022,0.004988,0.822321,0.048997,0.005813,0.01586,,1509600,,
0,2,,0.181762,0.028217,0.726019,0.040488,0.010389,0.013126,,1573100,,
0,2,,0.082989,0.004956,0.837794,0.051886,0.005515,0.016861,,1498800,,
0,2,,0.046758,0.004956,0.870482,0.055912,0.004337,0.017556,,1489900,,
0,2,,0.114848,0.020989,0.79416,0.046666,0.008203,0.015133,,1551700,,
0,2,,0.045743,0.004956,0.874423,0.053304,0.004282,0.017293,,1582300,,
0,0,,0.554072,0.149448,0.104893,0.010183,0.12096,0.060445,,1522400,,
0,2,,0.203052,0.072569,0.591082,0.037199,0.048225,0.047874,,1630900,,
0,2,,0.078512,0.020989,0.827083,0.050502,0.00718,0.015734,,1487000,,
0,2,,0.046758,0.004956,0.870482,0.055912,0.004337,0.017556,,1522600,,
0,2,,0.218704,0.028071,0.639572,0.041956,0.029521,0.042176,,1516600,,
0,2,,0.26468,0.032282,0.6231,0.041946,0.015564,0.022428,,1501100,,
0,2,,0.114848,0.020989,0.79416,0.046666,0.008203,0.015133,,1496100,,
0,2,,0.229284,0.03012,0.659004,0.049612,0.013302,0.018679,,1616300,,
0,2,,0.045743,0.004956,0.874423,0.053304,0.004282,0.017293,,1499900,,
0,2,,0.188772,0.032386,0.706959,0.040035,0.014362,0.017486,,1606900,,
0,2,,0.145426,0.028217,0.758942,0.044324,0.009366,0.013726,,1570300,,
0,2,,0.090558,0.005471,0.796745,0.063343,0.006662,0.037223,,1513400,,
0,2,,0.045743,0.004956,0.874423,0.053304,0.004282,0.017293,,1783500,,
0,2,,0.148295,0.062645,0.666165,0.038371,0.042233,0.04229,,1580100,,
0,2,,0.145426,0.028217,0.758942,0.044324,0.009366,0.013726,,1504700,,
0,2,,0.123008,0.054827,0.668227,0.037792,0.057396,0.058749,,1522600,,
0,2,,0.082944,0.004956,0.836092,0.053204,0.005515,0.01729,,1727700,,
0,2,,0.28447,0.056807,0.582601,0.03732,0.020206,0.018597,,1501400,,
0,2,,0.045743,0.004956,0.874423,0.053304,0.004282,0.017293,,1502000,,
0,2,,0.046758,0.004956,0.870482,0.055912,0.004337,0.017556,,1648600,,
0,2,,0.106533,0.002741,0.78613,0.055728,0.010808,0.03806,,1502600,,
0,2,,0.181762,0.028217,0.726019,0.040488,0.010389,0.013126,,1496800,,
0,2,,0.114744,0.020989,0.794394,0.046476,0.008358,0.015038,,1544700,,
0,2,,0.045743,0.004956,0.874423,0.053304,0.004282,0.017293,,1519600,,
0,2,,0.181762,0.028217,0.726019,0.040488,0.010389,0.013126,,1525500,,
0,2,,0.245595,0.057472,0.620052,0.037784,0.020389,0.018707,,1554200,,
0,2,,0.183508,0.028217,0.717899,0.04537,0.010842,0.014164,,1615100,,
0,2,,0.182015,0.105032,0.524325,0.030673,0.092605,0.06535,,1508900,,
0,2,,0.114848,0.020989,0.79416,0.046666,0.008203,0.015133,,1528600,,
0,2,,0.046758,0.004956,0.870482,0.055912,0.004337,0.017556,,1550500,,
0,2,,0.19124,0.029217,0.70059,0.050677,0.011655,0.016622,,1526900,,
0,2,,0.181762,0.028217,0.726019,0.040488,0.010389,0.013126,,1502800,,
0,2,,0.102022,0.004988,0.822321,0.048997,0.005813,0.01586,,1618600,,
0,2,,0.097873,0.00529,0.814848,0.05653,0.006564,0.018894,,1497500,,
0,2,,0.186763,0.089975,0.576242,0.03665,0.060194,0.050176,,1510800,,
0,2,,0.109754,0.078061,0.669708,0.03947,0.054254,0.048754,,1531300,,
0,2,,0.279737,0.074317,0.560638,0.040676,0.023349,0.021284,,1517700,,
0,2,,0.181762,0.028217,0.726019,0.040488,0.010389,0.013126,,1507900,,
0,2,,0.219267,0.042103,0.643871,0.046633,0.022685,0.025441,,1596900,,
0,2,,0.201717,0.028217,0.706292,0.04026,0.010389,0.013126,,1523400,,
0,2,,0.147817,0.028217,0.74611,0.052687,0.009664,0.015505,,1549200,,
0,2,,0.182405,0.091449,0.599277,0.040494,0.049503,0.036871,,1523800,,
0,2,,0.352939,0.088377,0.482139,0.03314,0.024934,0.018471,,1508900,,
0,2,,0.082989,0.004956,0.837794,0.051886,0.005515,0.016861,,1505500,,
0,0,,0.596099,0.129063,0.103944,0.012819,0.097109,0.060966,,1601500,,
0,2,,0.281662,0.061534,0.572415,0.035256,0.023946,0.025187,,1508700,,
0,2,,0.045743,0.004956,0.874423,0.053304,0.004282,0.017293,,1498000,,
0,0,,0.447201,0.114416,0.260647,0.026045,0.085806,0.065884,,1513200,,
0,2,,0.084039,0.017133,0.81399,0.04693,0.014946,0.022962,,1524000,,
0,2,,0.114848,0.020989,0.79416,0.046666,0.008203,0.015133,,1502800,,
0,2,,0.114848,0.020989,0.79416,0.046666,0.008203,0.015133,,1581000,,
0,2,,0.197875,0.032279,0.698109,0.038187,0.013946,0.019605,,1662900,,
0,2,,0.145426,0.028217,0.758942,0.044324,0.009366,0.013726,,1496600,,
0,2,,0.204899,0.029358,0.679956,0.041763,0.017706,0.026318,,1502900,,
0,0,,0.627714,0.15398,0.072088,0.007546,0.09413,0.044543,,1503200,,
0,2,,0.156634,0.052614,0.6985,0.037969,0.029071,0.025211,,1510500,,
0,2,,0.291077,0.06147,0.561084,0.034707,0.02559,0.026072,,1606000,,
0,2,,0.114951,0.005322,0.807963,0.048379,0.006719,0.016665,,1519200,,
0,2,,0.045743,0.004956,0.874423,0.053304,0.004282,0.017293,,1534700,,
0,2,,0.392809,0.078531,0.438846,0.035107,0.028016,0.026691,,1519400,,
0,2,,0.045743,0.004956,0.874423,0.053304,0.004282,0.017293,,1508200,,
0,2,,0.046758,0.004956,0.870482,0.055912,0.004337,0.017556,,1542000,,
0,2,,0.181762,0.028217,0.726019,0.040488,0.010389,0.013126,,1657400,,
0,0,,0.578275,0.112986,0.136713,0.021237,0.08708,0.063709,,1506100,,
0,2,,0.114848,0.020989,0.79416,0.046666,0.008203,0.015133,,1510400,,
0,2,,0.114848,0.020989,0.79416,0.046666,0.008203,0.015133,,1505900,,
0,2,,0.188772,0.032386,0.706959,0.040035,0.014362,0.017486,,1505000,,
0,0,,0.401109,0.107909,0.236069,0.033466,0.12495,0.096496,,1502500,,
0,2,,0.188772,0.032386,0.706959,0.040035,0.014362,0.017486,,2005500,,
0,2,,0.181762,0.028217,0.726019,0.040488,0.010389,0.013126,,1568400,,
0,2,,0.197187,0.028551,0.698596,0.048423,0.011438,0.015805,,1660600,,
0,2,,0.188772,0.032386,0.706959,0.040035,0.014362,0.017486,,1532900,,
0,2,,0.045743,0.004956,0.874423,0.053304,0.004282,0.017293,,1575300,,
0,2,,0.208727,0.032386,0.687232,0.039808,0.014362,0.017486,,1554300,,
0,2,,0.181762,0.028217,0.726019,0.040488,0.010389,0.013126,,1553200,,
0,2,,0.299151,0.074317,0.545388,0.037157,0.023349,0.020639,,1816300,,
0,2,,0.281662,0.061534,0.572415,0.035256,0.023946,0.025187,,1502500,,
0,2,,0.2627,0.057672,0.596072,0.042375,0.020763,0.020419,,1520500,,
0,0,,0.476522,0.135555,0.120209,0.036921,0.133811,0.096981,,1506800,,
0,2,,0.075916,0.065301,0.666995,0.03633,0.076971,0.078488,,1520500,,
0,2,,0.082989,0.004956,0.837794,0.051886,0.005515,0.016861,,1508800,,
0,2,,0.337458,0.057141,0.528282,0.036665,0.020957,0.019497,,1560000,,
0,2,,0.045743,0.004956,0.874423,0.053304,0.004282,0.017293,,1575000,,
0,2,,0.045743,0.004956,0.874423,0.053304,0.004282,0.017293,,1503900,,
0,2,,0.11767,0.021658,0.781915,0.05186,0.008561,0.018336,,1500500,,
0,2,,0.045743,0.004956,0.874423,0.053304,0.004282,0.017293,,1513700,,
0,2,,0.371841,0.078265,0.468156,0.028913,0.027709,0.025116,,1503000,,
0,2,,0.045743,0.004956,0.874423,0.053304,0.004282,0.017293,,1502200,,
0,2,,0.045743,0.004956,0.874423,0.053304,0.004282,0.017293,,1502300,,
0,2,,0.085381,0.004956,0.824962,0.06025,0.005813,0.018639,,1584100,,
0,2,,0.181762,0.028217,0.726019,0.040488,0.010389,0.013126,,1560300,,
0,2,,0.102022,0.004988,0.822321,0.048997,0.005813,0.01586,,1509700,,
0,2,,0.045743,0.004956,0.874423,0.053304,0.004282,0.017293,,1602800,,
0,2,,0.046687,0.017133,0.850853,0.048158,0.013868,0.0233,,1508000,,
0,2,,0.101918,0.004988,0.822555,0.048807,0.005968,0.015765,,1542100,,
0,2,,0.045743,0.004956,0.874423,0.053304,0.004282,0.017293,,1510800,,
0,2,,0.220739,0.032055,0.674623,0.039378,0.01493,0.018276,,1601100,,
0,2,,0.114744,0.020989,0.794394,0.046476,0.008358,0.015038,,1509300,,
0,2,,0.211641,0.041217,0.664223,0.039219,0.021153,0.022547,,1503700,,
0,2,,0.254238,0.058472,0.599036,0.04551,0.021412,0.021333,,1526400,,
0,2,,0.045743,0.004956,0.874423,0.053304,0.004282,0.017293,,1536200,,
0,2,,0.301996,0.05045,0.563255,0.042732,0.020042,0.021524,,1527000,,
0,2,,0.286904,0.126699,0.476637,0.026872,0.044553,0.038335,,1537400,,
0,0,,0.538378,0.102446,0.216923,0.02033,0.066615,0.055309,,1634900,,
0,2,,0.045743,0.004956,0.874423,0.053304,0.004282,0.017293,,1517800,,
0,2,,0.145426,0.028217,0.758942,0.044324,0.009366,0.013726,,1504500,,
0,2,,0.191164,0.032386,0.694127,0.048398,0.01466,0.019265,,1526700,,
0,0,,0.648654,0.120832,0.066176,0.015256,0.087656,0.061426,,1510500,,
0,2,,0.181762,0.028217,0.726019,0.040488,0.010389,0.013126,,1537400,,
0,0,,0.387376,0.089164,0.339149,0.034082,0.075107,0.075123,,1503700,,
0,2,,0.134803,0.020989,0.774433,0.046439,0.008203,0.015133,,1587400,,
0,2,,0.181762,0.028217,0.726019,0.040488,0.010389,0.013126,,1510000,,
0,2,,0.113884,0.066194,0.701509,0.037934,0.04325,0.037228,,1497300,,
0,0,,0.519185,0.121658,0.132781,0.01506,0.125195,0.086121,,1747400,,
0,2,,0.128566,0.021149,0.778261,0.047359,0.008299,0.016366,,1516000,,
0,0,,0.584131,0.129779,0.063979,0.010363,0.127064,0.084683,,1504000,,
0,2,,0.181762,0.028217,0.726019,0.040488,0.010389,0.013126,,1718800,,
0,0,,0.533611,0.121416,0.120129,0.013573,0.12569,0.085581,,1565600,,
0,2,,0.082989,0.004956,0.837794,0.051886,0.005515,0.016861,,1521900,,
0,2,,0.250429,0.144975,0.410961,0.025894,0.103939,0.063801,,1713300,,
0,2,,0.102022,0.004988,0.822321,0.048997,0.005813,0.01586,,1670100,,
0,2,,0.264528,0.056807,0.602307,0.037554,0.020206,0.018597,,1823100,,
0,2,,0.191164,0.032386,0.694127,0.048398,0.01466,0.019265,,1624100,,
0,0,,0.537939,0.104323,0.193447,0.023095,0.07885,0.062346,,1516000,,
0,2,,0.046758,0.004956,0.870482,0.055912,0.004337,0.017556,,1493800,,
0,2,,0.200942,0.105704,0.497112,0.032436,0.095534,0.068272,,1493200,,
0,2,,0.224138,0.033737,0.652599,0.049909,0.016792,0.022825,,1508100,,
0,2,,0.331118,0.072969,0.520282,0.034327,0.022537,0.018768,,1711400,,
0,0,,0.532599,0.129673,0.162083,0.014164,0.099325,0.062157,,1503000,,
0,2,,0.26074,0.080104,0.530675,0.038756,0.044394,0.045331,,1510500,,
0,0,,0.413335,0.120895,0.287252,0.025857,0.087705,0.064956,,1498500,,
0,0,,0.579818,0.120261,0.147033,0.021864,0.075707,0.055317,,1510500,,
0,2,,0.295773,0.0735,0.552823,0.036518,0.022342,0.019045,,1732500,,
0,2,,0.083094,0.004956,0.83756,0.052076,0.005359,0.016955,,1584600,,
0,2,,0.045743,0.004956,0.874423,0.053304,0.004282,0.017293,,1517700,,
0,2,,0.102022,0.004988,0.822321,0.048997,0.005813,0.01586,,1534600,,
0,2,,0.221463,0.032403,0.673148,0.039723,0.01493,0.018334,,1499900,,
0,2,,0.082989,0.004956,0.837794,0.051886,0.005515,0.016861,,1499000,,
0,2,,0.217723,0.037048,0.664563,0.036937,0.019045,0.024683,,1690900,,
0,2,,0.082989,0.004956,0.837794,0.051886,0.005515,0.016861,,1511900,,
0,2,,0.311177,0.072969,0.539988,0.034561,0.022537,0.018768,,1504100,,
0,2,,0.217128,0.029568,0.67166,0.050361,0.012819,0.018465,,1543500,,
0,2,,0.045743,0.004956,0.874423,0.053304,0.004282,0.017293,,1504300,,
0,2,,0.210743,0.044378,0.67083,0.045896,0.013173,0.014981,,1884200,,
0,0,,0.624048,0.153494,0.043709,0.00742,0.112025,0.059305,,1902800,,
0,2,,0.144411,0.028217,0.762883,0.041715,0.009311,0.013463,,1690100,,
0,2,,0.114744,0.020989,0.794394,0.046476,0.008358,0.015038,,1526500,,
0,2,,0.045743,0.004956,0.874423,0.053304,0.004282,0.017293,,1520100,,
0,0,,0.520123,0.153432,0.139827,0.014878,0.110312,0.061429,,1512300,,
0,2,,0.064671,0.004988,0.859184,0.050225,0.004735,0.016198,,1511600,,
0,2,,0.232562,0.057138,0.634644,0.038212,0.019638,0.017807,,1718500,,
0,2,,0.316091,0.064078,0.543805,0.036518,0.02106,0.018449,,1516600,,
0,2,,0.102022,0.004988,0.822321,0.048997,0.005813,0.01586,,1662300,,
0,2,,0.154205,0.067581,0.518807,0.05573,0.089598,0.11408,,1538300,,
0,2,,0.064671,0.004988,0.859184,0.050225,0.004735,0.016198,,1588100,,
0,2,,0.176303,0.109234,0.454873,0.024424,0.13578,0.099386,,1512700,,
0,2,,0.194512,0.028234,0.711915,0.04041,0.010957,0.013973,,1596300,,
0,2,,0.082989,0.004956,0.837794,0.051886,0.005515,0.016861,,1499900,,
0,2,,0.103768,0.004988,0.814201,0.053879,0.006266,0.016899,,1509700,,
0,2,,0.082989,0.004956,0.837794,0.051886,0.005515,0.016861,,1591300,,
0,2,,0.045368,0.015296,0.845695,0.049107,0.013845,0.030689,,1499400,,
0,2,,0.045743,0.004956,0.874423,0.053304,0.004282,0.017293,,1500400,,
0,2,,0.295829,0.061949,0.554616,0.036364,0.024695,0.026548,,1724900,,
0,2,,0.144411,0.028217,0.762883,0.041715,0.009311,0.013463,,1519500,,
0,2,,0.181762,0.028217,0.726019,0.040488,0.010389,0.013126,,1541700,,
0,2,,0.321548,0.075402,0.513595,0.041032,0.024957,0.023465,,1572700,,
0,0,,0.427433,0.112344,0.285296,0.027256,0.083127,0.064544,,1515400,,
0,2,,0.083094,0.004956,0.83756,0.052076,0.005359,0.016955,,1517100,,
0,2,,0.359342,0.105403,0.369336,0.025605,0.075942,0.064372,,1588000,,
0,0,,0.581714,0.136736,0.105907,0.011927,0.103386,0.06033,,1497600,,
0,0,,0.599186,0.12105,0.064037,0.008192,0.124283,0.083252,,1506500,,
0,2,,0.114848,0.020989,0.79416,0.046666,0.008203,0.015133,,1529600,,
0,0,,0.465367,0.112313,0.254213,0.02188,0.083533,0.062694,,1565200,,
0,2,,0.290479,0.06588,0.549999,0.032925,0.028291,0.032426,,1524000,,
0,2,,0.152896,0.066557,0.52534,0.045504,0.099637,0.110066,,1521900,,
0,2,,0.065686,0.004988,0.855244,0.052833,0.00479,0.01646,,1668200,,
0,0,,0.557311,0.104397,0.174059,0.020019,0.081434,0.06278,,1515300,,
0,2,,0.082989,0.004956,0.837794,0.051886,0.005515,0.016861,,1534800,,
0,2,,0.304016,0.058375,0.554516,0.039587,0.022191,0.021315,,1578700,,
0,2,,0.275668,0.071491,0.54845,0.040586,0.033251,0.030554,,1512100,,
0,2,,0.190623,0.032386,0.698605,0.045107,0.01466,0.018619,,1505200,,
0,2,,0.045743,0.004956,0.874423,0.053304,0.004282,0.017293,,1633300,,
0,2,,0.297503,0.057141,0.568009,0.036892,0.020957,0.019497,,1533100,,
0,2,,0.045743,0.004956,0.874423,0.053304,0.004282,0.017293,,1506500,,
0,0,,0.618466,0.153626,0.045902,0.009148,0.112889,0.059969,,1562100,,
0,2,,0.083094,0.004956,0.83756,0.052076,0.005359,0.016955,,1512100,,
0,0,,0.507197,0.120833,0.201729,0.016986,0.09069,0.062565,,1521800,,
0,2,,0.181762,0.028217,0.726019,0.040488,0.010389,0.013126,,1559000,,
0,2,,0.17455,0.037352,0.687955,0.04537,0.023732,0.031041,,1539600,,
0,2,,0.045743,0.004956,0.874423,0.053304,0.004282,0.017293,,1507000,,
0,2,,0.201522,0.032403,0.692854,0.039957,0.01493,0.018334,,1518900,,
0,2,,0.181658,0.028217,0.726253,0.040298,0.010544,0.013031,,1525800,,
0,2,,0.163473,0.053932,0.660456,0.042665,0.037058,0.042416,,1572600,,
0,2,,0.144411,0.028217,0.762883,0.041715,0.009311,0.013463,,1523600,,
0,2,,0.252503,0.057138,0.614937,0.037977,0.019638,0.017807,,1631600,,
0,2,,0.082989,0.004956,0.837794,0.051886,0.005515,0.016861,,1515100,,
0,2,,0.304926,0.075202,0.53339,0.039499,0.024583,0.022399,,1513000,,
0,2,,0.045743,0.004956,0.874423,0.053304,0.004282,0.017293,,1632400,,
0,2,,0.181762,0.028217,0.726019,0.040488,0.010389,0.013126,,1514300,,
0,2,,0.389126,0.092682,0.433808,0.031074,0.02836,0.02495,,1506000,,
0,2,,0.301098,0.072175,0.526115,0.041454,0.027927,0.031231,,1587700,,
0,2,,0.046758,0.004956,0.870482,0.055912,0.004337,0.017556,,1509900,,
0,2,,0.045743,0.004956,0.874423,0.053304,0.004282,0.017293,,1561900,,
0,2,,0.15563,0.043448,0.682252,0.037942,0.038602,0.042126,,1556400,,
1,1,,0.244522,0.518451,0.028349,0.004992,0.15872,0.044965,,1548100,,
1,1,,0.299264,0.451619,0.056883,0.008761,0.147249,0.036225,,1506300,,
1,1,,0.236769,0.30894,0.204994,0.027267,0.147154,0.074874,,1506100,,
1,2,,0.195958,0.146702,0.485313,0.026707,0.089891,0.05543,,1645300,,
1,1,,0.244216,0.551984,0.008349,0.004013,0.156373,0.035064,,1511800,,
1,1,,0.264522,0.518451,0.008349,0.004992,0.15872,0.044965,,1497100,,
1,1,,0.264522,0.518451,0.008349,0.004992,0.15872,0.044965,,1514700,,
1,1,,0.29989,0.492893,0.009756,0.004075,0.158139,0.035247,,1508400,,
1,1,,0.264522,0.518451,0.008349,0.004992,0.15872,0.044965,,1614000,,
1,1,,0.244522,0.518451,0.028349,0.004992,0.15872,0.044965,,1517200,,
1,1,,0.244216,0.551984,0.008349,0.004013,0.156373,0.035064,,1631500,,
1,1,,0.244522,0.538451,0.008349,0.004992,0.15872,0.044965,,1511100,,
1,1,,0.264216,0.531984,0.008349,0.004013,0.156373,0.035064,,1513500,,
1,2,,0.129668,0.110689,0.624994,0.033336,0.062555,0.038758,,1546000,,
1,1,,0.311294,0.443933,0.048673,0.00472,0.155893,0.035488,,1520100,,
1,2,,0.118778,0.057822,0.549608,0.069095,0.074371,0.130325,,2066300,,
1,1,,0.244216,0.551984,0.008349,0.004013,0.156373,0.035064,,1614200,,
1,1,,0.244216,0.551984,0.008349,0.004013,0.156373,0.035064,,1508800,,
1,1,,0.313113,0.440377,0.048789,0.004799,0.15954,0.033381,,1632100,,
1,2,,0.047943,0.002658,0.787367,0.086745,0.009415,0.065872,,1550700,,
1,1,,0.244522,0.518451,0.028349,0.004992,0.15872,0.044965,,1518400,,
1,1,,0.244216,0.551984,0.008349,0.004013,0.156373,0.035064,,1511600,,
1,1,,0.254998,0.498451,0.037873,0.004992,0.15872,0.044965,,1519700,,
1,1,,0.244216,0.551984,0.008349,0.004013,0.156373,0.035064,,1668600,,
1,1,,0.275565,0.511294,0.027422,0.005309,0.146012,0.034398,,1510000,,
1,1,,0.264216,0.531984,0.008349,0.004013,0.156373,0.035064,,1543700,,
1,2,,0.163269,0.155989,0.502534,0.031475,0.076845,0.069888,,1526700,,
1,2,,0.227385,0.244431,0.369942,0.019921,0.090994,0.047327,,1531200,,
1,1,,0.244522,0.518451,0.028349,0.004992,0.15872,0.044965,,1564100,,
1,1,,0.244216,0.551984,0.008349,0.004013,0.156373,0.035064,,1513100,,
1,1,,0.264216,0.531984,0.008349,0.004013,0.156373,0.035064,,1601100,,
1,2,,0.188428,0.142823,0.479996,0.035535,0.06023,0.092988,,1526500,,
1,1,,0.244216,0.551984,0.008349,0.004013,0.156373,0.035064,,1511900,,
1,1,,0.244216,0.531984,0.028349,0.004013,0.156373,0.035064,,1518400,,
1,1,,0.264522,0.518451,0.008349,0.004992,0.15872,0.044965,,1513300,,
1,1,,0.278387,0.339814,0.10946,0.019025,0.187545,0.06577,,1548700,,
1,1,,0.244216,0.551984,0.008349,0.004013,0.156373,0.035064,,1611500,,
1,1,,0.244216,0.551984,0.008349,0.004013,0.156373,0.035064,,1500900,,
1,1,,0.233801,0.503933,0.027266,0.004659,0.195037,0.035304,,1650100,,
1,1,,0.244522,0.518451,0.028349,0.004992,0.15872,0.044965,,1533900,,
1,1,,0.244216,0.551984,0.008349,0.004013,0.156373,0.035064,,1533100,,
1,1,,0.244216,0.531984,0.028349,0.004013,0.156373,0.035064,,1506400,,
1,2,,0.090298,0.032155,0.742303,0.063839,0.020208,0.051198,,1697900,,
1,1,,0.244522,0.538451,0.008349,0.004992,0.15872,0.044965,,1520200,,
1,1,,0.244522,0.538451,0.008349,0.004992,0.15872,0.044965,,1517800,,
1,1,,0.244522,0.518451,0.028349,0.004992,0.15872,0.044965,,1628300,,
1,2,,0.159229,0.044465,0.580674,0.06316,0.052115,0.100357,,1532800,,
1,0,,0.360443,0.196001,0.308908,0.017921,0.084779,0.031948,,1543300,,
1,1,,0.244522,0.538451,0.008349,0.004992,0.15872,0.044965,,1560300,,
1,1,,0.244216,0.551984,0.008349,0.004013,0.156373,0.035064,,1617000,,
1,1,,0.244522,0.538451,0.008349,0.004992,0.15872,0.044965,,1514100,,
1,2,,0.229472,0.217713,0.399108,0.031339,0.068376,0.053992,,1546800,,
1,2,,0.060003,0.046403,0.667703,0.061367,0.065766,0.098758,,1514800,,
1,1,,0.231534,0.444949,0.105361,0.009365,0.15615,0.052641,,1544600,,
1,1,,0.244216,0.531984,0.028349,0.004013,0.156373,0.035064,,1508100,,
1,1,,0.237383,0.530385,0.047422,0.005309,0.145103,0.034398,,1500700,,
1,1,,0.236354,0.458254,0.047234,0.00815,0.208998,0.041012,,1684800,,
1,1,,0.244216,0.531984,0.028349,0.004013,0.156373,0.035064,,1528200,,
1,2,,0.073539,0.084144,0.510272,0.052613,0.103775,0.175657,,1744400,,
1,1,,0.233801,0.543933,0.027266,0.004659,0.155037,0.035304,,1856400,,
1,1,,0.244216,0.551984,0.008349,0.004013,0.156373,0.035064,,1823200,,
1,1,,0.244274,0.535821,0.027422,0.004709,0.152604,0.03517,,1811800,,
1,1,,0.244216,0.551984,0.008349,0.004013,0.156373,0.035064,,1910200,,
1,1,,0.244522,0.518451,0.028349,0.004992,0.15872,0.044965,,1850100,,
1,1,,0.234107,0.4904,0.047266,0.005637,0.177384,0.045206,,1821200,,
1,1,,0.244216,0.531984,0.028349,0.004013,0.156373,0.035064,,1869100,,
1,2,,0.077513,0.04465,0.699021,0.083067,0.018749,0.077,,1827900,,
1,1,,0.233801,0.503933,0.047266,0.004659,0.175037,0.035304,,1948500,,
1,1,,0.244522,0.518451,0.028349,0.004992,0.15872,0.044965,,1517300,,
1,1,,0.297634,0.404482,0.078738,0.015991,0.156008,0.047147,,1531500,,
1,1,,0.332091,0.395999,0.087098,0.011691,0.136141,0.03698,,1520100,,
1,2,,0.167743,0.117266,0.55059,0.04603,0.056248,0.062123,,1515000,,
1,1,,0.264522,0.518451,0.008349,0.004992,0.15872,0.044965,,1498100,,
1,1,,0.244522,0.518451,0.028349,0.004992,0.15872,0.044965,,1500500,,
1,1,,0.234107,0.4904,0.047266,0.005637,0.177384,0.045206,,1620700,,
1,2,,0.158017,0.17825,0.52968,0.023527,0.078182,0.032345,,1549600,,
1,1,,0.259596,0.535821,0.011449,0.004439,0.153516,0.035178,,1574300,,
1,1,,0.244216,0.551984,0.008349,0.004013,0.156373,0.035064,,1517100,,
1,1,,0.300086,0.424065,0.074356,0.009032,0.142585,0.049876,,1530700,,
1,1,,0.244216,0.551984,0.008349,0.004013,0.156373,0.035064,,1515100,,
1,1,,0.244216,0.551984,0.008349,0.004013,0.156373,0.035064,,1581600,,
1,1,,0.286226,0.391196,0.121617,0.014459,0.132829,0.053673,,1529600,,
1,1,,0.215799,0.290788,0.223423,0.032392,0.17012,0.067477,,1714800,,
1,1,,0.244522,0.538451,0.008349,0.004992,0.15872,0.044965,,1519300,,
1,1,,0.226453,0.401534,0.107357,0.014957,0.185968,0.06373,,1519400,,
1,1,,0.244216,0.551984,0.008349,0.004013,0.156373,0.035064,,1543900,,
1,1,,0.239883,0.549319,0.008349,0.0054,0.152801,0.044247,,1505100,,
1,1,,0.239107,0.4504,0.047266,0.005637,0.212384,0.045206,,1537500,,
1,1,,0.244216,0.551984,0.008349,0.004013,0.156373,0.035064,,1815700,,
1,1,,0.234107,0.4904,0.047266,0.005637,0.177384,0.045206,,1519900,,
1,1,,0.244522,0.518451,0.028349,0.004992,0.15872,0.044965,,1503400,,
1,1,,0.280086,0.444065,0.074356,0.009032,0.142585,0.049876,,1498700,,
1,1,,0.244216,0.551984,0.008349,0.004013,0.156373,0.035064,,1495200,,
1,1,,0.233801,0.523933,0.027266,0.004659,0.175037,0.035304,,1513100,,
1,1,,0.244216,0.551984,0.008349,0.004013,0.156373,0.035064,,1514100,,
1,1,,0.244522,0.518451,0.028349,0.004992,0.15872,0.044965,,1720900,,
1,1,,0.286226,0.411196,0.101617,0.014459,0.132829,0.053673,,1731800,,
1,1,,0.244216,0.551984,0.008349,0.004013,0.156373,0.035064,,1516100,,
1,1,,0.244522,0.538451,0.008349,0.004992,0.15872,0.044965,,1526800,,
1,1,,0.244216,0.551984,0.008349,0.004013,0.156373,0.035064,,1505200,,
1,1,,0.244216,0.551984,0.008349,0.004013,0.156373,0.035064,,1499500,,
1,1,,0.244522,0.518451,0.028349,0.004992,0.15872,0.044965,,1645700,,
1,2,,0.049409,0.03876,0.672862,0.062123,0.035335,0.14151,,1506700,,
1,1,,0.264522,0.518451,0.008349,0.004992,0.15872,0.044965,,1520100,,
1,1,,0.244522,0.518451,0.028349,0.004992,0.15872,0.044965,,1517200,,
1,1,,0.244216,0.531984,0.028349,0.004013,0.156373,0.035064,,1534900,,
1,1,,0.240388,0.548957,0.001074,0.005969,0.159717,0.043896,,1620400,,
1,1,,0.244216,0.551984,0.008349,0.004013,0.156373,0.035064,,1551400,,
1,2,,0.14358,0.13129,0.502519,0.028804,0.088634,0.105174,,1648200,,
1,1,,0.244216,0.551984,0.008349,0.004013,0.156373,0.035064,,1511300,,
1,2,,0.127342,0.00933,0.645994,0.073061,0.019757,0.124516,,1528800,,
1,1,,0.244216,0.551984,0.008349,0.004013,0.156373,0.035064,,1561100,,
1,1,,0.252705,0.530385,0.031449,0.005039,0.146015,0.034407,,1540600,,
1,1,,0.244522,0.518451,0.028349,0.004992,0.15872,0.044965,,1547200,,
1,1,,0.218601,0.272028,0.21085,0.035221,0.178375,0.084926,,1693400,,
1,1,,0.244216,0.551984,0.008349,0.004013,0.156373,0.035064,,1593800,,
1,1,,0.26918,0.484933,0.030649,0.009567,0.164781,0.040889,,1515300,,
1,1,,0.264522,0.518451,0.008349,0.004992,0.15872,0.044965,,1513300,,
1,1,,0.276976,0.324067,0.162913,0.024465,0.129416,0.082164,,1565000,,
1,1,,0.244522,0.518451,0.028349,0.004992,0.15872,0.044965,,1518900,,
1,1,,0.244216,0.551984,0.008349,0.004013,0.156373,0.035064,,1572400,,
1,1,,0.244522,0.538451,0.008349,0.004992,0.15872,0.044965,,1638300,,
1,1,,0.264522,0.518451,0.008349,0.004992,0.15872,0.044965,,1513100,,
1,1,,0.264522,0.518451,0.008349,0.004992,0.15872,0.044965,,1506800,,
1,1,,0.244522,0.538451,0.008349,0.004992,0.15872,0.044965,,1572200,,
1,1,,0.264522,0.518451,0.008349,0.004992,0.15872,0.044965,,1516600,,
1,1,,0.244216,0.531984,0.028349,0.004013,0.156373,0.035064,,2855600,,
1,0,,0.407035,0.256001,0.1851,0.020542,0.089492,0.041831,,3094500,,
1,1,,0.244522,0.518451,0.028349,0.004992,0.15872,0.044965,,3229900,,
1,1,,0.264216,0.531984,0.008349,0.004013,0.156373,0.035064,,1967000,,
1,1,,0.244216,0.551984,0.008349,0.004013,0.156373,0.035064,,1814600,,
1,2,,0.104977,0.066993,0.688543,0.054841,0.036193,0.048453,,1813400,,
1,1,,0.244522,0.538451,0.008349,0.004992,0.15872,0.044965,,1902600,,
1,1,,0.244216,0.551984,0.008349,0.004013,0.156373,0.035064,,1857300,,
1,1,,0.252705,0.510385,0.051449,0.005039,0.146015,0.034407,,1839400,,
1,1,,0.242747,0.427351,0.106736,0.015666,0.152387,0.055112,,1817800,,
1,1,,0.264522,0.518451,0.008349,0.004992,0.15872,0.044965,,1807200,,
1,1,,0.264216,0.531984,0.008349,0.004013,0.156373,0.035064,,1916800,,
1,2,,0.091483,0.083196,0.631293,0.044766,0.055515,0.093746,,1837400,,
1,1,,0.295565,0.471294,0.047422,0.005309,0.146012,0.034398,,1831700,,
1,1,,0.257383,0.510385,0.047422,0.005309,0.145103,0.034398,,1817000,,
2,2,,0.045743,0.004956,0.874423,0.053304,0.004282,0.017293,,1818100,,
2,2,,0.045743,0.004956,0.874423,0.053304,0.004282,0.017293,,1846400,,
2,2,,0.045159,0.005018,0.868045,0.057927,0.004167,0.019683,,1505200,,
2,2,,0.045743,0.004956,0.874423,0.053304,0.004282,0.017293,,1501500,,
2,2,,0.045743,0.004956,0.874423,0.053304,0.004282,0.017293,,1589700,,
2,2,,0.045743,0.004956,0.874423,0.053304,0.004282,0.017293,,1566700,,
2,2,,0.045743,0.004956,0.874423,0.053304,0.004282,0.017293,,1529500,,
2,2,,0.045743,0.004956,0.874423,0.053304,0.004282,0.017293,,1514400,,
2,2,,0.029416,0.006336,0.826786,0.070629,0.011544,0.05529,,1641100,,
2,2,,0.045743,0.004956,0.874423,0.053304,0.004282,0.017293,,1514200,,
2,2,,0.045743,0.004956,0.874423,0.053304,0.004282,0.017293,,1559500,,
2,2,,0.045743,0.004956,0.874423,0.053304,0.004282,0.017293,,1577500,,
2,2,,0.045743,0.004956,0.874423,0.053304,0.004282,0.017293,,1523200,,
2,2,,0.045197,0.004608,0.872808,0.055395,0.004341,0.017651,,1510100,,
2,2,,0.045743,0.004956,0.874423,0.053304,0.004282,0.017293,,1604200,,
2,2,,0.045743,0.004956,0.874423,0.053304,0.004282,0.017293,,1511400,,
2,2,,0.045743,0.004956,0.874423,0.053304,0.004282,0.017293,,1520900,,
2,2,,0.037628,0.005301,0.841153,0.071295,0.004643,0.039979,,1558600,,
2,2,,0.045743,0.004956,0.874423,0.053304,0.004282,0.017293,,1542200,,
2,2,,0.045743,0.004956,0.874423,0.053304,0.004282,0.017293,,1508500,,
2,2,,0.045743,0.004956,0.874423,0.053304,0.004282,0.017293,,1636500,,
2,2,,0.033245,0.002274,0.834989,0.072695,0.007986,0.048811,,1517800,,
2,2,,0.045743,0.004956,0.874423,0.053304,0.004282,0.017293,,1517300,,
2,2,,0.045743,0.004956,0.874423,0.053304,0.004282,0.017293,,1557900,,
2,2,,0.045743,0.004956,0.874423,0.053304,0.004282,0.017293,,1535600,,
2,2,,0.045743,0.004956,0.874423,0.053304,0.004282,0.017293,,1537900,,
2,2,,0.045743,0.004956,0.874423,0.053304,0.004282,0.017293,,1513900,,
2,2,,0.045743,0.004956,0.874423,0.053304,0.004282,0.017293,,1600300,,
2,2,,0.045743,0.004956,0.874423,0.053304,0.004282,0.017293,,1511000,,
2,2,,0.045743,0.004956,0.874423,0.053304,0.004282,0.017293,,1516200,,
2,2,,0.033245,0.002274,0.834989,0.072695,0.007986,0.048811,,1552200,,
2,2,,0.045743,0.004956,0.874423,0.053304,0.004282,0.017293,,1574100,,
2,2,,0.045743,0.004956,0.874423,0.053304,0.004282,0.017293,,1528200,,
2,2,,0.045743,0.004956,0.874423,0.053304,0.004282,0.017293,,1603600,,
2,2,,0.045743,0.004956,0.874423,0.053304,0.004282,0.017293,,1500700,,
2,2,,0.045159,0.005018,0.868045,0.057927,0.004167,0.019683,,1501500,,
2,2,,0.045743,0.004956,0.874423,0.053304,0.004282,0.017293,,1515800,,
2,2,,0.045743,0.004956,0.874423,0.053304,0.004282,0.017293,,1564700,,
2,2,,0.079021,0.004808,0.834682,0.056828,0.005947,0.018714,,1527000,,
2,2,,0.041331,0.001991,0.86077,0.059882,0.007511,0.028515,,1516300,,
2,2,,0.045743,0.004956,0.874423,0.053304,0.004282,0.017293,,1599800,,
2,2,,0.045743,0.004956,0.874423,0.053304,0.004282,0.017293,,1553200,,
2,2,,0.045743,0.004956,0.874423,0.053304,0.004282,0.017293,,1529100,,
2,2,,0.045743,0.004956,0.874423,0.053304,0.004282,0.017293,,1552900,,
2,2,,0.045743,0.004956,0.874423,0.053304,0.004282,0.017293,,1586200,,
2,2,,0.045743,0.004956,0.874423,0.053304,0.004282,0.017293,,1519000,,
2,2,,0.045743,0.004956,0.874423,0.053304,0.004282,0.017293,,1624700,,
2,2,,0.045743,0.004956,0.874423,0.053304,0.004282,0.017293,,1513700,,
2,2,,0.045743,0.004956,0.874423,0.053304,0.004282,0.017293,,1523300,,
2,2,,0.045743,0.004956,0.874423,0.053304,0.004282,0.017293,,1523200,,
2,2,,0.045743,0.004956,0.874423,0.053304,0.004282,0.017293,,1582900,,
2,2,,0.037073,0.005301,0.842264,0.07074,0.004643,0.039979,,1526100,,
2,2,,0.045743,0.004956,0.874423,0.053304,0.004282,0.017293,,1500500,,
2,2,,0.045743,0.004956,0.874423,0.053304,0.004282,0.017293,,1592000,,
2,2,,0.045743,0.004956,0.874423,0.053304,0.004282,0.017293,,1502700,,
2,2,,0.045743,0.004956,0.874423,0.053304,0.004282,0.017293,,1511700,,
2,2,,0.045159,0.005018,0.868045,0.057927,0.004167,0.019683,,1517500,,
2,2,,0.045743,0.004956,0.874423,0.053304,0.004282,0.017293,,1548400,,
2,2,,0.045743,0.004956,0.874423,0.053304,0.004282,0.017293,,1518300,,
2,2,,0.031928,0.002521,0.820461,0.076365,0.008513,0.060212,,1719500,,
2,2,,0.033245,0.002274,0.834989,0.072695,0.007986,0.048811,,1531900,,
2,2,,0.045743,0.004956,0.874423,0.053304,0.004282,0.017293,,1587200,,
2,2,,0.045743,0.004956,0.874423,0.053304,0.004282,0.017293,,1567000,,
2,2,,0.045743,0.004956,0.874423,0.053304,0.004282,0.017293,,1536300,,
2,2,,0.045743,0.004956,0.874423,0.053304,0.004282,0.017293,,1519500,,
2,2,,0.033245,0.002274,0.834989,0.072695,0.007986,0.048811,,1630900,,
2,2,,0.045743,0.004956,0.874423,0.053304,0.004282,0.017293,,1528800,,
2,2,,0.037624,0.005301,0.8447,0.068065,0.004644,0.039666,,1493800,,
2,2,,0.045743,0.004956,0.874423,0.053304,0.004282,0.017293,,1530600,,
2,2,,0.045159,0.005018,0.868045,0.057927,0.004167,0.019683,,1535900,,
2,2,,0.045159,0.005018,0.868045,0.057927,0.004167,0.019683,,1916300,,
2,2,,0.045743,0.004956,0.874423,0.053304,0.004282,0.017293,,2332400,,
2,2,,0.045743,0.004956,0.874423,0.053304,0.004282,0.017293,,1822100,,
2,2,,0.045743,0.004956,0.874423,0.053304,0.004282,0.017293,,1816800,,
2,2,,0.045743,0.004956,0.874423,0.053304,0.004282,0.017293,,1822100,,
2,2,,0.045743,0.004956,0.874423,0.053304,0.004282,0.017293,,1841400,,
2,2,,0.045743,0.004956,0.874423,0.053304,0.004282,0.017293,,1883400,,
2,2,,0.045159,0.005018,0.868045,0.057927,0.004167,0.019683,,1809900,,
2,2,,0.045743,0.004956,0.874423,0.053304,0.004282,0.017293,,1827900,,
2,2,,0.045743,0.004956,0.874423,0.053304,0.004282,0.017293,,1819800,,
2,2,,0.045159,0.005018,0.868045,0.057927,0.004167,0.019683,,1735900,,
2,2,,0.037073,0.005301,0.842264,0.07074,0.004643,0.039979,,1628300,,
2,2,,0.045743,0.004956,0.874423,0.053304,0.004282,0.017293,,1511700,,
2,2,,0.094366,0.011807,0.755338,0.044691,0.018026,0.075772,,1532100,,
2,2,,0.085638,0.052153,0.683473,0.061893,0.018387,0.098458,,1513000,,
2,2,,0.045743,0.004956,0.874423,0.053304,0.004282,0.017293,,1505700,,
2,2,,0.045743,0.004956,0.874423,0.053304,0.004282,0.017293,,1521300,,
2,2,,0.045743,0.004956,0.874423,0.053304,0.004282,0.017293,,1619400,,
2,2,,0.045743,0.004956,0.874423,0.053304,0.004282,0.017293,,1597500,,
2,2,,0.045743,0.004956,0.874423,0.053304,0.004282,0.017293,,1551500,,
2,2,,0.045159,0.005018,0.868045,0.057927,0.004167,0.019683,,1519200,,
2,2,,0.043629,0.010948,0.836252,0.051216,0.013808,0.044148,,1508500,,
2,2,,0.037073,0.005301,0.842264,0.07074,0.004643,0.039979,,1507400,,
2,2,,0.045743,0.004956,0.874423,0.053304,0.004282,0.017293,,1609900,,
2,2,,0.045743,0.004956,0.874423,0.053304,0.004282,0.017293,,1535200,,
2,2,,0.045159,0.005018,0.868045,0.057927,0.004167,0.019683,,1505800,,
2,2,,0.045743,0.004956,0.874423,0.053304,0.004282,0.017293,,1510200,,
2,2,,0.045743,0.004956,0.874423,0.053304,0.004282,0.017293,,1509100,,
2,2,,0.045743,0.004956,0.874423,0.053304,0.004282,0.017293,,1511500,,
2,2,,0.045743,0.004956,0.874423,0.053304,0.004282,0.017293,,1640500,,
2,2,,0.045743,0.004956,0.874423,0.053304,0.004282,0.017293,,1519000,,
2,2,,0.045743,0.004956,0.874423,0.053304,0.004282,0.017293,,1518200,,
2,2,,0.045159,0.005018,0.868045,0.057927,0.004167,0.019683,,1513300,,
2,2,,0.045743,0.004956,0.874423,0.053304,0.004282,0.017293,,1496500,,
2,2,,0.045743,0.004956,0.874423,0.053304,0.004282,0.017293,,1627600,,
2,2,,0.045743,0.004956,0.874423,0.053304,0.004282,0.017293,,1535600,,
2,2,,0.045743,0.004956,0.874423,0.053304,0.004282,0.017293,,1520100,,
2,2,,0.045743,0.004956,0.874423,0.053304,0.004282,0.017293,,1557800,,
2,2,,0.045159,0.005018,0.868045,0.057927,0.004167,0.019683,,1504700,,
2,2,,0.045743,0.004956,0.874423,0.053304,0.004282,0.017293,,1526700,,
2,2,,0.045743,0.004956,0.874423,0.053304,0.004282,0.017293,,1808500,,
2,2,,0.045743,0.004956,0.874423,0.053304,0.004282,0.017293,,1837600,,
2,2,,0.045743,0.004956,0.874423,0.053304,0.004282,0.017293,,1817300,,
2,2,,0.07314,0.008718,0.803182,0.04526,0.009687,0.060013,,1809500,,
2,2,,0.045743,0.004956,0.874423,0.053304,0.004282,0.017293,,1809200,,
2,2,,0.045743,0.004956,0.874423,0.053304,0.004282,0.017293,,1963000,,
2,2,,0.045743,0.004956,0.874423,0.053304,0.004282,0.017293,,1939000,,
2,2,,0.045159,0.005018,0.868045,0.057927,0.004167,0.019683,,1902400,,
2,2,,0.045743,0.004956,0.874423,0.053304,0.004282,0.017293,,1848300,,
2,2,,0.045743,0.004956,0.874423,0.053304,0.004282,0.017293,,1940500,,
2,2,,0.045743,0.004956,0.874423,0.053304,0.004282,0.017293,,1911300,,
2,2,,0.045743,0.004956,0.874423,0.053304,0.004282,0.017293,,1817400,,
