pendigits,CWE,test,4,NANOSECONDS,PREDICTIONS, Generated by ClassifierExperiments.java on 2022-05-16 19:33:13.    SYSTEMPROPERTIES:{user.name:matth,os.arch:amd64,os.name:Windows 10},ENDSYSTEMPROPERTIES
No parameter info
0.5179463880054521,5381549000,3990619900,-1,115376712,10,,-1,-1
0,7,,0.200861,0,0,0,0,0.046364,0.104211,0.474737,0.158373,0.015455,,2197200,,
0,8,,0.327368,0,0,0,0,0.268807,0.005965,0,0.391895,0.005965,,1983600,,
0,0,,0.396313,0,0,0,0,0.335894,0,0,0.267793,0,,1839200,,
0,5,,0.322879,0,0,0,0,0.445256,0.005965,0,0.219936,0.005965,,1926800,,
0,6,,0.1803,0,0.0924,0.0924,0,0.02125,0.3036,0.0396,0.17,0.10045,,1873900,,
0,8,,0.165022,0.11,0.151905,0.183333,0,0.052381,0.068095,0,0.185455,0.08381,,1815600,,
0,0,,0.446508,0,0,0,0,0.163651,0,0,0.389841,0,,1862500,,
0,0,,0.469754,0,0,0,0,0.150188,0,0,0.380058,0,,1937400,,
0,5,,0.337855,0,0,0,0,0.459344,0.001106,0,0.191071,0.010625,,1809300,,
0,0,,0.505536,0,0,0,0,0.031429,0,0,0.441786,0.02125,,1860700,,
0,8,,0.357857,0,0,0,0,0.141429,0,0,0.500714,0,,1806800,,
0,8,,0.27,0,0,0,0.062632,0.06,0.053684,0.125263,0.419474,0.008947,,2013600,,
0,8,,0.379639,0,0,0,0,0.216188,0,0,0.404173,0,,1821600,,
0,8,,0.347233,0,0,0,0,0.263833,0,0,0.388933,0,,1820100,,
0,5,,0.290793,0,0,0,0,0.406572,0,0,0.302635,0,,1910100,,
0,0,,0.474254,0,0,0,0,0.126188,0,0,0.399558,0,,1947400,,
0,0,,0.449375,0,0,0,0,0.178125,0,0,0.361875,0.010625,,1818800,,
0,0,,0.453254,0,0,0,0,0.103988,0,0,0.442758,0,,2372800,,
0,7,,0.263833,0,0,0,0,0.113333,0.061875,0.433125,0.107208,0.020625,,2551500,,
0,0,,0.50354,0,0,0,0,0.082616,0,0,0.413844,0,,2535500,,
0,0,,0.418819,0,0,0,0,0.051188,0.028696,0.114783,0.271732,0.114783,,2526000,,
0,7,,0.214363,0,0,0,0,0.145714,0.061395,0.475814,0.102713,0,,2554100,,
0,8,,0.286545,0,0,0,0,0.259594,0,0,0.428252,0.025608,,1937500,,
0,0,,0.4675,0,0,0,0,0.116,0,0,0.3825,0.034,,1763800,,
0,0,,0.393493,0,0,0,0,0.246597,0,0,0.35991,0,,1775500,,
0,0,,0.510335,0,0,0,0,0.051188,0,0,0.438477,0,,1767600,,
0,5,,0.243348,0,0,0,0,0.566526,0.00707,0,0.177091,0.005965,,1765900,,
0,0,,0.481311,0,0,0,0,0.17433,0,0,0.344359,0,,1757600,,
0,0,,0.705776,0,0,0,0,0.051188,0.057391,0.028696,0.128254,0.028696,,1760800,,
0,0,,0.453254,0,0,0,0,0.103988,0,0,0.442758,0,,1774400,,
0,0,,0.485116,0,0,0,0,0.051188,0,0,0.463696,0,,1758900,,
0,7,,0.23525,0,0,0,0,0.014667,0.117333,0.454667,0.135583,0.0425,,1766800,,
0,0,,0.50354,0,0,0,0,0.082616,0,0,0.413844,0,,1758400,,
0,7,,0.143222,0,0.011,0,0,0.132222,0.132,0.451,0.130556,0,,1763100,,
0,0,,0.436754,0,0,0,0,0.133688,0,0,0.429558,0,,1764300,,
0,0,,0.649565,0,0,0,0,0.103478,0.057391,0.028696,0.132174,0.028696,,1760900,,
0,0,,0.471176,0,0,0,0,0.118824,0,0,0.39,0.02,,1757500,,
0,7,,0.313248,0,0,0,0,0.018889,0.135385,0.406154,0.107436,0.018889,,1763800,,
0,0,,0.705776,0,0,0,0,0.051188,0.057391,0.028696,0.128254,0.028696,,1755700,,
0,5,,0.325234,0,0,0,0,0.414906,0.001106,0,0.258754,0,,1759900,,
0,0,,0.705776,0,0,0,0,0.051188,0.057391,0.028696,0.128254,0.028696,,1790800,,
0,5,,0.28598,0,0,0,0,0.503719,0.001106,0,0.199196,0.01,,1759900,,
0,0,,0.462143,0,0,0,0,0.231786,0,0,0.306071,0,,1756900,,
0,7,,0.231733,0,0,0,0,0.181333,0.066,0.264,0.190933,0.066,,1761200,,
0,0,,0.585254,0,0,0,0,0.077588,0,0,0.337158,0,,1759400,,
0,0,,0.456081,0,0,0,0,0.16,0,0,0.383919,0,,1759800,,
0,8,,0.092586,0.022759,0.151724,0.227586,0,0.037931,0.128966,0.007586,0.241336,0.089526,,1797400,,
0,0,,0.562298,0,0,0,0,0.051188,0,0.028696,0.357819,0,,1760500,,
0,0,,0.459254,0,0,0,0,0.111188,0,0,0.429558,0,,1762600,,
0,0,,0.510335,0,0,0,0,0.051188,0,0,0.438477,0,,1770400,,
0,7,,0.256946,0,0,0,0,0.051188,0.152308,0.406154,0.133404,0,,1761800,,
0,5,,0.347494,0,0,0,0,0.417749,0,0,0.234757,0,,1760500,,
0,0,,0.348819,0,0,0,0,0.145714,0.0264,0.3168,0.162267,0,,1763000,,
0,3,,0.089474,0.0132,0.132,0.2508,0,0.0792,0.1452,0.0264,0.232632,0.031095,,1762500,,
0,0,,0.47251,0,0,0,0,0.152157,0,0,0.375333,0,,1773000,,
0,0,,0.491344,0,0,0,0,0.172787,0.044,0.044,0.203869,0.044,,1764500,,
0,0,,0.566397,0,0,0,0,0.051188,0,0,0.382415,0,,1766100,,
0,0,,0.660683,0,0,0,0,0.051188,0,0,0.288129,0,,1765000,,
0,0,,0.46125,0,0,0,0,0.06,0,0,0.4575,0.02125,,1781400,,
0,6,,0.195681,0,0.014348,0.014348,0,0.113333,0.373043,0.20087,0.074029,0.014348,,1765200,,
0,0,,0.519254,0,0,0,0,0.051188,0.12375,0.04125,0.223308,0.04125,,1766200,,
0,0,,0.488462,0,0,0,0,0.14,0,0,0.361538,0.01,,1766000,,
0,8,,0.387935,0,0,0,0,0.133043,0,0,0.479022,0,,1763600,,
0,0,,0.421654,0,0,0,0,0.234236,0.005965,0,0.33218,0.005965,,1767400,,
0,0,,0.585254,0,0,0,0,0.077588,0,0,0.337158,0,,1762700,,
0,8,,0.321,0,0,0,0,0.06,0.017,0.017,0.585,0,,1764800,,
0,0,,0.480431,0,0,0,0,0.090011,0,0,0.429558,0,,1764000,,
0,5,,0.281694,0,0,0,0,0.363719,0.001106,0,0.353482,0,,1776300,,
0,5,,0.290525,0,0,0,0,0.363719,0.001106,0,0.344651,0,,1768600,,
0,0,,0.566397,0,0,0,0,0.082616,0,0,0.350987,0,,1773900,,
0,8,,0.333875,0,0,0,0,0.308856,0,0,0.33649,0.020779,,1768600,,
0,7,,0.259306,0,0,0.01375,0,0,0.1925,0.44,0.094444,0,,1774100,,
0,0,,0.563254,0,0,0,0,0.073188,0,0,0.363558,0,,1765000,,
0,0,,0.436754,0,0,0,0,0.133688,0,0,0.429558,0,,1764000,,
0,5,,0.290793,0,0,0,0,0.406572,0,0,0.302635,0,,1766200,,
0,0,,0.508609,0,0,0,0,0.051188,0,0.085161,0.333752,0.02129,,1767800,,
0,0,,0.541254,0,0,0,0,0.051188,0.044,0.044,0.275558,0.044,,1777700,,
0,8,,0.453254,0,0,0,0,0.051188,0,0,0.495558,0,,1760000,,
0,7,,0.231733,0,0,0,0,0.181333,0.066,0.264,0.190933,0.066,,1764500,,
0,0,,0.342891,0,0,0,0,0.181333,0,0.173684,0.267354,0.034737,,1762100,,
0,8,,0.28351,0,0,0,0,0.242449,0.022667,0.022667,0.428707,0,,1763800,,
0,5,,0.222249,0,0,0,0,0.556554,0.001106,0,0.220092,0,,1763800,,
0,5,,0.31598,0,0,0,0,0.443719,0.001106,0,0.219196,0.02,,1758700,,
0,5,,0.259616,0,0,0,0,0.394628,0.001106,0,0.251923,0.092727,,1756700,,
0,8,,0.355989,0,0,0,0,0.272198,0,0,0.371813,0,,1758300,,
0,0,,0.549254,0,0,0,0,0.051188,0,0,0.399558,0,,1798300,,
0,8,,0.409254,0,0,0,0,0.117188,0,0,0.473558,0,,1769900,,
0,7,,0.207037,0,0,0,0,0.172787,0.152308,0.406154,0.061715,0,,1772000,,
0,5,,0.24478,0,0,0,0,0.526919,0.001106,0,0.227196,0,,1766000,,
0,0,,0.494729,0,0,0,0,0.18971,0,0,0.315561,0,,1759100,,
0,7,,0.19125,0,0.043043,0,0,0.014348,0.272609,0.301304,0.10625,0.071196,,1762400,,
0,8,,0.209273,0,0,0,0,0.213231,0,0,0.536434,0.041063,,1767600,,
0,0,,0.562298,0,0,0,0,0.051188,0,0.028696,0.357819,0,,1765600,,
0,8,,0.291176,0,0,0,0.060444,0.038824,0.068,0.128444,0.413111,0,,1766300,,
0,0,,0.464185,0,0,0,0,0.180123,0,0,0.355692,0,,1801100,,
0,0,,0.551312,0,0,0,0,0.181333,0,0,0.249986,0.017368,,1765100,,
0,5,,0.31598,0,0,0,0,0.443719,0.001106,0,0.219196,0.02,,1759400,,
0,8,,0.2475,0.034459,0.002297,0,0.107973,0,0.075811,0.073514,0.414797,0.043649,,1781800,,
0,0,,0.544639,0,0,0,0,0.068111,0,0,0.38725,0,,1759700,,
0,4,,0.028864,0.072009,0.045178,0.031179,0.255203,0.019832,0.091394,0.098605,0.155833,0.201904,,1763100,,
0,0,,0.527716,0,0,0,0,0.051188,0,0,0.421096,0,,1764600,,
0,0,,0.555921,0,0,0,0,0.051188,0,0.036667,0.246225,0.11,,1759600,,
0,5,,0.337855,0,0,0,0,0.459344,0.001106,0,0.191071,0.010625,,1755800,,
0,0,,0.527716,0,0,0,0,0.051188,0,0,0.421096,0,,1761500,,
0,0,,0.549254,0,0,0,0,0.051188,0,0,0.399558,0,,1765700,,
0,3,,0.123636,0.018333,0.064167,0.229167,0,0.036667,0.22,0,0.203788,0.104242,,1768500,,
0,0,,0.272368,0,0,0,0,0.202807,0.038965,0.231,0.248895,0.005965,,1762200,,
0,0,,0.541254,0,0,0,0,0.051188,0.044,0.044,0.275558,0.044,,1763900,,
0,8,,0.453254,0,0,0,0,0.051188,0,0,0.495558,0,,1763400,,
0,0,,0.541254,0,0,0,0,0.051188,0.044,0.044,0.275558,0.044,,1759100,,
0,0,,0.527716,0,0,0,0,0.051188,0,0,0.421096,0,,1760800,,
0,0,,0.354254,0,0,0,0,0.051188,0.091667,0.238333,0.246225,0.018333,,1876300,,
0,8,,0.271556,0,0,0,0.060444,0.0528,0.030222,0.120889,0.464089,0,,1759600,,
0,0,,0.500921,0,0,0,0,0.051188,0,0,0.429558,0.018333,,1759100,,
0,5,,0.268202,0,0,0,0,0.495941,0.001106,0,0.234752,0,,1761900,,
0,7,,0.237905,0,0,0,0,0.113333,0.113143,0.452571,0.083048,0,,1760200,,
0,0,,0.453254,0,0,0,0,0.103988,0,0,0.442758,0,,1762800,,
0,0,,0.563254,0,0,0,0,0.073188,0,0,0.363558,0,,1758200,,
0,0,,0.640833,0,0,0,0,0.051188,0,0,0.290611,0.017368,,1760400,,
0,5,,0.27098,0,0,0,0,0.523719,0.001106,0,0.204196,0,,1757800,,
0,0,,0.501286,0,0,0,0,0.048429,0,0,0.416286,0.034,,1777800,,
0,7,,0.3223,0,0,0,0,0,0.061395,0.475814,0.140491,0,,1761300,,
0,5,,0.32723,0,0,0,0,0.363719,0.001106,0,0.265446,0.0425,,1759600,,
0,0,,0.355491,0,0,0,0,0.157407,0.028696,0.114783,0.228841,0.114783,,1762800,,
0,5,,0.201272,0,0,0,0,0.536718,0,0,0.26201,0,,1760400,,
0,8,,0.466617,0,0,0,0,0,0,0,0.515489,0.017895,,1761100,,
0,0,,0.555921,0,0,0,0,0.051188,0,0.036667,0.246225,0.11,,1757400,,
0,8,,0.255636,0,0,0,0,0.213231,0,0,0.49007,0.041063,,1768200,,
0,0,,0.595065,0,0,0,0,0,0,0,0.374026,0.030909,,1761200,,
0,0,,0.474254,0,0,0,0,0.126188,0,0,0.399558,0,,1771100,,
0,7,,0.19125,0,0.043043,0,0,0.014348,0.272609,0.301304,0.1275,0.049946,,1763100,,
0,0,,0.541254,0,0,0,0,0.051188,0.044,0.044,0.275558,0.044,,1764200,,
0,0,,0.456822,0,0,0,0,0.140377,0,0,0.402801,0,,1755600,,
0,0,,0.705776,0,0,0,0,0.051188,0.057391,0.028696,0.128254,0.028696,,1761800,,
0,8,,0.077273,0.018333,0.064167,0.229167,0,0.036667,0.22,0,0.250152,0.104242,,1762100,,
0,5,,0.217,0,0,0,0,0.413588,0,0,0.359258,0.010154,,1761500,,
0,6,,0.218824,0,0.064706,0.064706,0,0.025882,0.349412,0.038824,0.198824,0.038824,,1760400,,
0,5,,0.290793,0,0,0,0,0.406572,0,0,0.302635,0,,1759500,,
0,0,,0.705776,0,0,0,0,0.051188,0.057391,0.028696,0.128254,0.028696,,1765800,,
0,0,,0.429881,0,0,0,0,0.1632,0,0,0.406919,0,,1770400,,
0,0,,0.563254,0,0,0,0,0.073188,0,0,0.363558,0,,1758000,,
0,5,,0.346403,0,0,0,0,0.457493,0,0,0.196104,0,,1756000,,
0,5,,0.297753,0,0,0,0,0.367807,0.005965,0,0.32251,0.005965,,1759900,,
0,6,,0.1605,0,0.0165,0.0825,0,0.03775,0.3135,0.1485,0.17,0.07075,,1765200,,
0,8,,0.453254,0,0,0,0,0.051188,0,0,0.495558,0,,1760700,,
0,0,,0.541254,0,0,0,0,0.051188,0.044,0.044,0.275558,0.044,,1760200,,
0,3,,0.145714,0.0132,0.132,0.2508,0,0.0792,0.1452,0.0264,0.194286,0.0132,,1764100,,
0,0,,0.563254,0,0,0,0,0.073188,0,0,0.363558,0,,1763400,,
0,0,,0.500921,0,0,0,0,0.051188,0,0,0.429558,0.018333,,1763300,,
0,5,,0.290793,0,0,0,0,0.406572,0,0,0.302635,0,,1755300,,
0,6,,0.106397,0,0.093077,0.101538,0,0.025385,0.287692,0.033846,0.249555,0.10251,,1763200,,
0,0,,0.480431,0,0,0,0,0.090011,0,0,0.429558,0,,1766100,,
0,0,,0.413846,0,0,0,0,0.190769,0,0,0.395385,0,,1763100,,
0,7,,0.189868,0,0,0,0,0.202807,0.06784,0.433125,0.07977,0.02659,,1760100,,
0,0,,0.705776,0,0,0,0,0.051188,0.057391,0.028696,0.128254,0.028696,,1761100,,
0,0,,0.480431,0,0,0,0,0.090011,0,0,0.429558,0,,1756900,,
0,0,,0.47625,0,0,0,0,0.075,0,0,0.40625,0.0425,,1803300,,
0,0,,0.404764,0,0,0,0,0.293637,0,0,0.301599,0,,1758600,,
0,0,,0.453254,0,0,0,0,0.103988,0,0,0.442758,0,,1758400,,
0,0,,0.479021,0,0,0,0,0.016923,0,0,0.473147,0.030909,,1761300,,
0,8,,0.382286,0,0,0,0,0.031429,0.022667,0.022667,0.540952,0,,1761800,,
0,8,,0.320943,0,0,0,0,0.304629,0,0,0.374429,0,,1760700,,
0,5,,0.381535,0,0,0,0,0.382607,0.001106,0,0.215863,0.018889,,1765900,,
0,5,,0.32298,0,0,0,0,0.380719,0.001106,0,0.261196,0.034,,1760600,,
0,0,,0.404764,0,0,0,0,0.293637,0,0,0.301599,0,,1758100,,
0,8,,0.436754,0,0,0,0,0.051188,0,0,0.512058,0,,1799000,,
0,0,,0.436754,0,0,0,0,0.133688,0,0,0.429558,0,,1791300,,
0,5,,0.275324,0,0,0,0,0.536505,0.001106,0,0.187065,0,,1759700,,
0,0,,0.396313,0,0,0,0,0.335894,0,0,0.267793,0,,1760700,,
0,5,,0.330266,0,0,0,0,0.388004,0.001106,0,0.256339,0.024286,,1760000,,
0,0,,0.374936,0,0,0,0,0.291996,0.005965,0,0.321138,0.005965,,1760600,,
0,5,,0.337855,0,0,0,0,0.459344,0.001106,0,0.191071,0.010625,,1761900,,
0,8,,0.281538,0,0,0,0,0.355385,0,0,0.363077,0,,1759500,,
0,6,,0.251133,0,0.0924,0.0924,0,0.028333,0.3036,0.0396,0.113333,0.0792,,1766300,,
0,5,,0.235713,0,0,0,0,0.545052,0.001106,0,0.218129,0,,1777900,,
0,0,,0.459254,0,0,0,0,0.111188,0,0,0.429558,0,,1762500,,
0,0,,0.562298,0,0,0,0,0.051188,0,0.057391,0.300428,0.028696,,1763300,,
0,7,,0.220119,0,0,0,0,0.145714,0.061875,0.433125,0.118542,0.020625,,1767200,,
0,0,,0.404764,0,0,0,0,0.293637,0,0,0.301599,0,,1762500,,
0,0,,0.472,0,0,0,0,0.092,0,0,0.402,0.034,,1758300,,
0,0,,0.469754,0,0,0,0,0.150188,0,0,0.380058,0,,1756200,,
0,0,,0.4518,0,0,0,0,0.16,0.0264,0.1848,0.177,0,,1760900,,
0,0,,0.660368,0,0,0,0,0.130769,0.057391,0.028696,0.09408,0.028696,,1767400,,
0,0,,0.377826,0,0,0,0,0.051188,0.125714,0.282857,0.162415,0,,1768900,,
0,0,,0.438195,0,0,0,0,0.181333,0,0,0.380472,0,,1759600,,
0,5,,0.281694,0,0,0,0,0.363719,0.001106,0,0.353482,0,,1761900,,
0,0,,0.501286,0,0,0,0,0.048429,0,0,0.416286,0.034,,1765600,,
0,0,,0.660683,0,0,0,0,0.051188,0,0,0.288129,0,,1759300,,
0,0,,0.527716,0,0,0,0,0.051188,0,0,0.421096,0,,1758300,,
0,0,,0.580229,0,0,0,0,0.1632,0,0,0.256571,0,,1760700,,
0,8,,0.379639,0,0,0,0,0.216188,0,0,0.404173,0,,1762500,,
0,7,,0.193618,0,0,0,0,0.157407,0.152308,0.406154,0.090513,0,,1754600,,
0,0,,0.468831,0,0,0,0,0.077792,0,0,0.437922,0.015455,,1773400,,
0,6,,0.141848,0,0.014348,0.014348,0,0.02125,0.373043,0.20087,0.198696,0.035598,,1764700,,
0,5,,0.325234,0,0,0,0,0.414906,0.001106,0,0.258754,0,,1757700,,
0,0,,0.449286,0,0,0,0,0.191429,0,0,0.359286,0,,1755900,,
0,0,,0.39551,0,0,0,0,0.322449,0,0,0.262041,0.02,,1759700,,
0,5,,0.330266,0,0,0,0,0.388004,0.001106,0,0.256339,0.024286,,1766600,,
0,0,,0.562298,0,0,0,0,0.051188,0,0.057391,0.300428,0.028696,,1756100,,
0,0,,0.506562,0,0,0,0,0.051188,0,0,0.44225,0,,1760000,,
0,8,,0.453254,0,0,0,0,0.051188,0,0,0.495558,0,,1755000,,
0,0,,0.387059,0,0,0,0,0.364706,0,0,0.228235,0.02,,1777900,,
0,7,,0.16497,0,0,0,0,0.1632,0.126383,0.477447,0.068,0,,1763200,,
0,5,,0.235713,0,0,0,0,0.545052,0.001106,0,0.218129,0,,1759000,,
0,0,,0.566397,0,0,0,0,0.082616,0,0,0.350987,0,,1761900,,
0,8,,0.409254,0,0,0,0,0.117188,0,0,0.473558,0,,1760500,,
0,0,,0.4518,0,0,0,0,0.16,0.0264,0.1848,0.177,0,,1758700,,
0,0,,0.516522,0.013934,0.002787,0,0.12541,0,0.12985,0.117876,0.039843,0.053778,,1764200,,
0,7,,0.123636,0,0.043043,0,0,0.045257,0.272609,0.301304,0.092727,0.121423,,1758500,,
0,0,,0.478176,0,0,0,0,0.055824,0,0,0.432,0.034,,1763800,,
0,0,,0.555921,0,0,0,0,0.051188,0,0.036667,0.246225,0.11,,1770800,,
0,0,,0.566397,0,0,0,0,0.082616,0,0,0.350987,0,,1759200,,
0,0,,0.383593,0,0,0,0,0.133043,0,0.173684,0.274943,0.034737,,1760100,,
0,0,,0.541254,0,0,0,0,0.051188,0.044,0.044,0.275558,0.044,,1760300,,
0,0,,0.566397,0,0,0,0,0.082616,0,0,0.350987,0,,1758500,,
0,0,,0.484517,0,0,0,0,0.068556,0,0,0.429558,0.017368,,1760400,,
0,0,,0.396313,0,0,0,0,0.335894,0,0,0.267793,0,,1760500,,
0,0,,0.418819,0,0,0,0,0.051188,0.028696,0.114783,0.271732,0.114783,,1757400,,
0,7,,0.127128,0,0.028085,0.014043,0,0,0.210638,0.365106,0.23375,0.02125,,1762500,,
0,4,,0.00053,0.10588,0.045178,0.031179,0.490467,0.019832,0.082612,0.08801,0.004595,0.131718,,1776700,,
0,3,,0.077273,0.0132,0.132,0.2508,0,0.0792,0.1452,0.0264,0.231818,0.044109,,1764500,,
0,0,,0.484517,0,0,0,0,0.068556,0,0,0.429558,0.017368,,1758400,,
0,0,,0.527716,0,0,0,0,0.051188,0,0,0.421096,0,,1763500,,
0,8,,0.347843,0,0,0,0.028333,0.038824,0.028333,0.070833,0.485833,0,,1763400,,
0,0,,0.660683,0,0,0,0,0.051188,0,0,0.288129,0,,1763000,,
0,5,,0.243348,0,0,0,0,0.566526,0.00707,0,0.177091,0.005965,,1758200,,
0,5,,0.229038,0,0,0,0,0.376635,0,0,0.373077,0.02125,,1761800,,
0,0,,0.493056,0,0,0,0,0.018889,0,0,0.469167,0.018889,,1762200,,
0,5,,0.22098,0,0,0,0,0.564076,0.001106,0,0.213839,0,,1769200,,
1,1,,0.002696,0.312317,0.120107,0.084958,0.177164,0.030154,0.078191,0.08006,0,0.114353,,1763400,,
1,1,,0.00053,0.239192,0.138081,0.062147,0.212889,0.019832,0.062486,0.110491,0.01763,0.136724,,1762900,,
1,1,,0.00053,0.288024,0.205809,0.081705,0.140751,0.042824,0.077417,0.049336,0,0.113603,,1760600,,
1,2,,0.00053,0.201898,0.282053,0.083756,0.109344,0.070736,0.00456,0.085618,0,0.161504,,1766100,,
1,1,,0.00053,0.315898,0.1684,0.061179,0.172592,0.029832,0.070671,0.066549,0.003778,0.110571,,1763500,,
1,2,,0.011681,0.197163,0.242077,0.211383,0,0.10989,0.090167,0.002556,0,0.135082,,1766400,,
1,2,,0.00053,0.276117,0.283172,0.112847,0.097037,0.065514,0.00456,0.021469,0,0.138754,,1760500,,
1,1,,0.00053,0.255898,0.1784,0.044512,0.172592,0.046498,0.084005,0.106549,0.003778,0.107237,,1758400,,
1,2,,0.000239,0.085817,0.336503,0.290659,0,0.094234,0.032074,0,0.006451,0.154023,,1780400,,
1,3,,0.000239,0.137459,0.280115,0.300053,0,0.08254,0.041443,0,0.006451,0.151699,,1759500,,
1,2,,0.00053,0.195881,0.278665,0.096346,0.109344,0.07278,0.00456,0.088451,0.005667,0.147776,,1759000,,
1,1,,0.00053,0.299211,0.143639,0.072205,0.186287,0.036242,0.066185,0.075227,0.002125,0.118349,,1761600,,
1,1,,0.00553,0.22142,0.14906,0.14565,0.112037,0.082773,0.05456,0.064595,0,0.164375,,1761900,,
1,2,,0,0.152903,0.328629,0.187785,0,0.090509,0.072108,0.003238,0,0.164828,,1760900,,
1,1,,0.003474,0.37841,0.110057,0.082792,0.144136,0.030154,0.056075,0.073629,0.001472,0.1198,,1756900,,
1,1,,0.00053,0.287028,0.109178,0.049465,0.23028,0.04726,0.075776,0.096725,0.004595,0.099163,,1770300,,
1,2,,0.010476,0.18962,0.272411,0.234979,0,0.082508,0.068095,0.002152,0.002152,0.137607,,1760000,,
1,4,,0.000769,0.112457,0.175362,0.16737,0.24637,0.082739,0.005038,0.033105,0.006451,0.170339,,1772100,,
1,1,,0.00053,0.298975,0.156862,0.072205,0.172592,0.036242,0.070671,0.074755,0.003778,0.113391,,1761500,,
1,1,,0.003474,0.384217,0.158122,0.061179,0.144136,0.029832,0.056075,0.052984,0.001472,0.10851,,1760100,,
1,1,,0.003965,0.300494,0.153057,0.063704,0.162289,0.046094,0.080116,0.066115,0.006869,0.117298,,1759000,,
1,1,,0.002696,0.267535,0.092054,0.137815,0.177164,0.052773,0.078191,0.062239,0,0.129534,,1759300,,
1,1,,0.003474,0.412638,0.081806,0.081705,0.144136,0.053516,0.056075,0.052984,0.001472,0.112194,,1761600,,
1,1,,0.00053,0.323216,0.259899,0.102042,0.097037,0.073549,0.00456,0.020915,0,0.118252,,1759600,,
1,1,,0.00693,0.329734,0.109178,0.056779,0.186287,0.039032,0.066185,0.073422,0.002125,0.130329,,1763500,,
1,1,,0.003768,0.274754,0.104965,0.13565,0.12618,0.056011,0.088751,0.046976,0.003238,0.159708,,1756800,,
1,1,,0.002642,0.247909,0.15729,0.061179,0.189956,0.029832,0.082697,0.087797,0.004224,0.136475,,1783100,,
1,1,,0.003474,0.412638,0.081806,0.081705,0.144136,0.053516,0.056075,0.052984,0.001472,0.112194,,1764900,,
1,1,,0.00053,0.311891,0.132451,0.06027,0.186287,0.039226,0.066185,0.076719,0.002125,0.124317,,1759900,,
1,3,,0.00053,0.194754,0.17906,0.23565,0.097037,0.099439,0.011227,0.014595,0.013333,0.154375,,1764500,,
1,4,,0.004861,0.208079,0.143639,0.072205,0.220476,0.036242,0.09335,0.089276,0.004331,0.12754,,1760500,,
1,4,,0.00553,0.133718,0.115178,0.041179,0.372224,0.049832,0.061396,0.062199,0,0.158745,,1765300,,
1,2,,0,0.212552,0.314654,0.179945,0,0.079772,0.071426,0.002556,0,0.139094,,1764600,,
1,1,,0.002642,0.200813,0.109225,0.051824,0.189956,0.040477,0.082697,0.139409,0.004224,0.178733,,1759500,,
1,1,,0.009874,0.397817,0.112122,0.056779,0.144136,0.039032,0.056075,0.059384,0.001472,0.12331,,1756500,,
1,3,,0.000239,0.139636,0.255575,0.262452,0,0.093226,0.069347,0,0.006451,0.173072,,1773800,,
1,2,,0,0.135053,0.421041,0.207045,0,0.078948,0.031596,0,0,0.126317,,1770200,,
1,1,,0.00053,0.287106,0.119596,0.038621,0.220995,0.019832,0.066539,0.119097,0.003542,0.124142,,1767800,,
1,4,,0.00053,0.174675,0.165178,0.044512,0.212889,0.046498,0.075819,0.129846,0.01763,0.132422,,1773500,,
1,3,,0.000239,0.137459,0.280115,0.300053,0,0.08254,0.041443,0,0.006451,0.151699,,1764800,,
1,1,,0.00053,0.305587,0.138498,0.088023,0.102268,0.082462,0.056868,0.058571,0.015692,0.151502,,1766900,,
1,1,,0.003474,0.388217,0.080122,0.143179,0.144136,0.035832,0.056075,0.052984,0.001472,0.09451,,1768100,,
1,4,,0.00053,0.147714,0.131332,0.031179,0.233303,0.044447,0.066539,0.170618,0.003542,0.170797,,1768200,,
1,1,,0.004714,0.262511,0.258269,0.23966,0,0.081805,0.047714,0,0.001762,0.103566,,1765900,,
1,2,,0,0.200142,0.309898,0.177906,0,0.081779,0.06887,0.002152,0.002152,0.157102,,1786400,,
1,3,,0.007586,0.102379,0.27223,0.279232,0,0.068058,0.128966,0.009738,0.009738,0.122073,,1772200,,
1,1,,0.004714,0.266459,0.261977,0.242256,0,0.079977,0.044985,0.002556,0,0.097075,,1773400,,
1,1,,0.003474,0.347746,0.170474,0.059414,0.153548,0.029243,0.056075,0.062396,0.001472,0.116157,,1778000,,
1,3,,0.00461,0.158982,0.232277,0.267317,0,0.089654,0.044186,0,0.006451,0.196523,,1781400,,
1,1,,0.003474,0.350883,0.128122,0.057846,0.144136,0.055387,0.056075,0.070762,0.001472,0.131843,,1781500,,
1,3,,0.004714,0.224689,0.249062,0.262484,0,0.087335,0.045385,0.002957,0,0.123373,,1778300,,
1,2,,0.00053,0.253227,0.28116,0.137354,0.097037,0.066131,0.007798,0.022452,0,0.134311,,1773500,,
1,1,,0.00553,0.22142,0.14906,0.14565,0.112037,0.082773,0.05456,0.064595,0,0.164375,,1769200,,
1,1,,0.00053,0.315898,0.1684,0.061179,0.172592,0.029832,0.070671,0.066549,0.003778,0.110571,,1787300,,
1,2,,0.004714,0.20681,0.275952,0.250095,0,0.090714,0.045667,0.003238,0,0.12281,,1768500,,
1,1,,0.003768,0.274754,0.104965,0.13565,0.12618,0.056011,0.088751,0.046976,0.003238,0.159708,,1776400,,
1,3,,0.000239,0.139636,0.255575,0.262452,0,0.093226,0.069347,0,0.006451,0.173072,,1788200,,
1,1,,0.002642,0.252425,0.140193,0.062147,0.189956,0.019832,0.082697,0.108442,0.004224,0.137443,,1784400,,
1,1,,0.003768,0.274754,0.104965,0.13565,0.12618,0.056011,0.088751,0.046976,0.003238,0.159708,,1777300,,
1,1,,0.006342,0.293382,0.115831,0.082792,0.155156,0.030154,0.097552,0.093442,0.005812,0.119536,,1783400,,
1,1,,0.00053,0.331049,0.126279,0.069967,0.172592,0.029529,0.070671,0.076246,0.003778,0.119358,,1777600,,
1,1,,0.006342,0.246461,0.213896,0.031179,0.169702,0.034377,0.097552,0.072797,0.005812,0.121882,,1784800,,
1,1,,0.003474,0.313782,0.145513,0.072918,0.144136,0.033745,0.056075,0.066897,0.001472,0.161988,,1792500,,
1,1,,0.003474,0.393054,0.144866,0.07583,0.144136,0.027273,0.056075,0.060426,0.001472,0.093394,,1778500,,
1,1,,0.00053,0.205944,0.188346,0.200412,0.097037,0.093249,0.012655,0.026738,0.004048,0.171041,,1778400,,
1,1,,0.00053,0.269037,0.107113,0.051824,0.186287,0.040477,0.066185,0.118635,0.002125,0.157787,,1774600,,
1,1,,0.003474,0.398699,0.136397,0.064282,0.144136,0.041901,0.056075,0.052984,0.001472,0.100579,,1779500,,
1,9,,0.00053,0.177869,0.18451,0.100045,0.114815,0.138669,0.009845,0.082883,0.001762,0.189073,,1788800,,
1,2,,0,0.186695,0.364653,0.216439,0,0.067254,0.040966,0,0,0.123993,,1777800,,
1,2,,0.00053,0.231733,0.262076,0.20765,0.097037,0.062078,0.00456,0.014605,0.005667,0.114063,,1779100,,
1,9,,0.00053,0.18959,0.220515,0.108372,0.146268,0.070736,0.00456,0.011772,0,0.247658,,1773900,,
1,1,,0.003474,0.379601,0.097352,0.08041,0.144136,0.044447,0.056075,0.065291,0.001472,0.127741,,1785500,,
1,2,,0.00053,0.247026,0.275899,0.110423,0.097037,0.081676,0.00456,0.029549,0,0.153299,,1799200,,
1,1,,0.003965,0.254148,0.099666,0.139084,0.162289,0.059641,0.080116,0.059242,0.006869,0.134981,,1780100,,
1,1,,0.013363,0.263457,0.132838,0.097345,0.177164,0.041165,0.078191,0.070082,0,0.126396,,1780000,,
1,3,,0.007765,0.110679,0.236977,0.292351,0,0.06895,0.139765,0.002152,0.002152,0.139209,,1780800,,
1,3,,0.009429,0.07281,0.184714,0.262762,0,0.115905,0.215524,0.012143,0.013476,0.113238,,1777900,,
1,1,,0.00053,0.316622,0.146641,0.046789,0.186287,0.035441,0.066185,0.082631,0.002125,0.116748,,1775700,,
1,1,,0.003768,0.274754,0.104965,0.13565,0.12618,0.056011,0.088751,0.046976,0.003238,0.159708,,1777000,,
1,2,,0,0.135053,0.421041,0.207045,0,0.078948,0.031596,0,0,0.126317,,1799300,,
1,1,,0.00053,0.269855,0.162716,0.110256,0.102268,0.084447,0.056868,0.037926,0.015692,0.159442,,1785700,,
1,1,,0.00053,0.270015,0.152518,0.031179,0.172592,0.076302,0.070671,0.066549,0.003778,0.155865,,1767400,,
1,1,,0.00053,0.324735,0.155144,0.07583,0.172592,0.027273,0.070671,0.073991,0.003778,0.095454,,1769600,,
1,1,,0.003474,0.399368,0.116,0.069967,0.144136,0.029529,0.056075,0.062681,0.001472,0.117298,,1778200,,
1,9,,0.00053,0.184707,0.166732,0.082267,0.170883,0.099011,0.009845,0.011772,0.001762,0.272491,,1778700,,
1,1,,0.00053,0.344319,0.092084,0.081705,0.172592,0.053516,0.070671,0.066549,0.003778,0.114255,,1770800,,
1,1,,0.003965,0.254148,0.099666,0.139084,0.162289,0.059641,0.080116,0.059242,0.006869,0.134981,,1769600,,
1,2,,0.010476,0.154524,0.26119,0.248095,0,0.092857,0.07619,0.012143,0.004048,0.140476,,1769800,,
1,1,,0.003474,0.313782,0.145513,0.072918,0.144136,0.033745,0.056075,0.066897,0.001472,0.161988,,1771800,,
1,9,,0.00053,0.170703,0.198348,0.158145,0.097037,0.075859,0.018438,0.011772,0,0.269169,,1765900,,
1,2,,0.00053,0.144293,0.250937,0.231097,0.097037,0.059366,0.012467,0.030595,0.003953,0.169723,,1770600,,
1,3,,0,0.109089,0.238416,0.258458,0,0.090694,0.165921,0.012143,0.004048,0.121232,,1767300,,
1,1,,0.00053,0.34574,0.201776,0.074356,0.097037,0.058414,0.041317,0.04576,0.004595,0.130475,,1767400,,
1,2,,0,0.208605,0.310946,0.177349,0,0.0816,0.074155,0,0.001762,0.145584,,1766200,,
1,1,,0.00053,0.332515,0.241254,0.099913,0.109948,0.051351,0.021775,0.024683,0.004304,0.113727,,1776100,,
1,1,,0.002566,0.227538,0.157952,0.033215,0.186618,0.073165,0.073782,0.121911,0.01018,0.113074,,1780400,,
1,2,,0.00053,0.15212,0.210289,0.114123,0.114815,0.137054,0.00456,0.085716,0.005667,0.175126,,1783200,,
1,1,,0.00053,0.393445,0.205672,0.077355,0.109948,0.041351,0.021775,0.047009,0.004304,0.09861,,1784200,,
1,2,,0.004371,0.231898,0.291356,0.18481,0,0.0762,0.046265,0.002556,0,0.162544,,1769900,,
1,1,,0.002696,0.246695,0.1496,0.101916,0.177164,0.019832,0.078191,0.059415,0,0.164492,,1769100,,
1,1,,0.00053,0.316151,0.218526,0.091731,0.117221,0.070441,0.021775,0.068319,0.004304,0.090999,,1776900,,
1,1,,0.003474,0.409065,0.106303,0.040876,0.144136,0.029529,0.056075,0.072378,0.001472,0.136692,,1772300,,
1,2,,0,0.186695,0.364653,0.216439,0,0.067254,0.040966,0,0,0.123993,,1776100,,
1,1,,0.00053,0.273289,0.127965,0.142483,0.172592,0.033745,0.070671,0.066549,0.003778,0.108397,,1773200,,
1,1,,0.00053,0.249503,0.200615,0.186738,0.097037,0.082721,0.009845,0.014595,0.001762,0.156654,,1767900,,
1,1,,0.006342,0.25765,0.14005,0.105025,0.155156,0.032139,0.097552,0.072797,0.005812,0.127477,,1789000,,
1,2,,0.00053,0.193111,0.271452,0.094559,0.106449,0.084593,0.020751,0.060212,0.005397,0.162946,,1764600,,
1,2,,0.011681,0.167466,0.264147,0.222866,0,0.110103,0.087611,0.002833,0.005667,0.127625,,1766400,,
1,1,,0.003474,0.399368,0.116,0.069967,0.144136,0.029529,0.056075,0.062681,0.001472,0.117298,,1776300,,
1,1,,0.00053,0.211681,0.191408,0.209563,0.097037,0.088251,0.007517,0.017552,0,0.176461,,1763300,,
1,1,,0.00053,0.376828,0.132819,0.038621,0.172592,0.019832,0.070671,0.088875,0.003778,0.095454,,1762700,,
1,1,,0.002566,0.2244,0.173639,0.06145,0.196029,0.029243,0.073782,0.104656,0.01018,0.124054,,1767300,,
1,1,,0.003768,0.274754,0.104965,0.13565,0.12618,0.056011,0.088751,0.046976,0.003238,0.159708,,1766500,,
1,1,,0.003474,0.261994,0.065899,0.048957,0.161914,0.10872,0.056075,0.124095,0.001472,0.167399,,1764700,,
1,3,,0.009429,0.060667,0.214667,0.259524,0,0.114286,0.210667,0.003238,0.009429,0.118095,,1794500,,
1,1,,0.00053,0.324735,0.155144,0.07583,0.172592,0.027273,0.070671,0.073991,0.003778,0.095454,,1771500,,
1,1,,0.006342,0.2486,0.087778,0.13565,0.155156,0.052773,0.097552,0.075621,0.005812,0.134716,,1768400,,
1,1,,0.00053,0.281442,0.222218,0.058747,0.112275,0.058043,0.041317,0.060626,0.004595,0.160208,,1780100,,
1,1,,0.002642,0.231546,0.134562,0.052997,0.197229,0.048922,0.082697,0.131433,0.004224,0.113748,,1777900,,
1,3,,0.011681,0.155394,0.229162,0.231612,0,0.117248,0.090567,0.002957,0,0.161379,,1780600,,
1,1,,0.002696,0.312317,0.120107,0.084958,0.177164,0.030154,0.078191,0.08006,0,0.114353,,1771400,,
1,1,,0.00053,0.2828,0.125178,0.057846,0.186287,0.055387,0.066185,0.084799,0.002125,0.138862,,1774200,,
1,1,,0.003768,0.274754,0.104965,0.13565,0.12618,0.056011,0.088751,0.046976,0.003238,0.159708,,1795200,,
1,1,,0.00053,0.308555,0.263344,0.115831,0.097037,0.047952,0.007117,0.034973,0,0.124661,,1787900,,
1,2,,0,0.154785,0.391874,0.205556,0,0.082608,0.036881,0,0.001762,0.126535,,1756600,,
1,1,,0.002696,0.333275,0.164838,0.052739,0.177164,0.029529,0.078191,0.078809,0,0.08276,,1776300,,
1,1,,0.003474,0.412638,0.081806,0.081705,0.144136,0.053516,0.056075,0.052984,0.001472,0.112194,,1769900,,
1,1,,0.003474,0.367293,0.146583,0.072205,0.144136,0.036242,0.056075,0.061189,0.001472,0.111331,,1773600,,
1,1,,0.003474,0.379974,0.135394,0.06027,0.144136,0.039226,0.056075,0.062681,0.001472,0.117298,,1772100,,
1,1,,0.002642,0.214576,0.12729,0.057846,0.189956,0.055387,0.082697,0.105574,0.004224,0.159809,,1781500,,
1,1,,0.00053,0.270251,0.158119,0.040591,0.195699,0.019832,0.066185,0.104669,0.002125,0.142,,1775100,,
1,1,,0.00053,0.27806,0.135822,0.060114,0.102268,0.095843,0.056868,0.049777,0.015692,0.205026,,1808100,,
1,1,,0.003474,0.342678,0.134275,0.105025,0.144136,0.032139,0.056075,0.052984,0.001472,0.127741,,1781100,,
1,1,,0.006342,0.2486,0.087778,0.13565,0.155156,0.052773,0.097552,0.075621,0.005812,0.134716,,1770600,,
1,1,,0.00053,0.331285,0.113057,0.069967,0.186287,0.029529,0.066185,0.076719,0.002125,0.124317,,1783200,,
1,1,,0.00053,0.308817,0.131031,0.054594,0.194092,0.027636,0.066185,0.082631,0.002125,0.132358,,1768400,,
1,1,,0.006342,0.2486,0.087778,0.13565,0.155156,0.052773,0.097552,0.075621,0.005812,0.134716,,1767200,,
1,1,,0.003474,0.412638,0.081806,0.081705,0.144136,0.053516,0.056075,0.052984,0.001472,0.112194,,1773900,,
1,3,,0.00461,0.158982,0.232277,0.267317,0,0.089654,0.044186,0,0.006451,0.196523,,1771900,,
1,1,,0.003965,0.254148,0.099666,0.139084,0.162289,0.059641,0.080116,0.059242,0.006869,0.134981,,1783400,,
1,1,,0.006342,0.277707,0.101303,0.125994,0.155156,0.019832,0.097552,0.084649,0.005812,0.125653,,1775800,,
1,3,,0.00461,0.158982,0.232277,0.267317,0,0.089654,0.044186,0,0.006451,0.196523,,1782500,,
1,1,,0.002696,0.313881,0.145444,0.062436,0.177164,0.039226,0.078191,0.069112,0,0.111851,,1768300,,
1,1,,0.00053,0.316385,0.159863,0.046789,0.172592,0.035441,0.070671,0.082159,0.003778,0.11179,,1781400,,
1,1,,0.003768,0.334179,0.167827,0.07583,0.12618,0.030512,0.088751,0.051594,0.003238,0.118121,,1771500,,
1,2,,0.00053,0.179878,0.231079,0.229352,0.097037,0.081424,0.021282,0.017345,0.005574,0.136499,,1771300,,
1,1,,0.00053,0.234278,0.14706,0.13565,0.140751,0.067344,0.077417,0.043738,0,0.153232,,1778200,,
1,2,,0.00053,0.254209,0.26085,0.082267,0.097037,0.10625,0.009845,0.011772,0.001762,0.175478,,1773800,,
1,3,,0.000239,0.137459,0.280115,0.300053,0,0.08254,0.041443,0,0.006451,0.151699,,1776900,,
1,1,,0.00053,0.307151,0.163835,0.065501,0.102268,0.091533,0.056868,0.047622,0.015692,0.149,,1784900,,
1,1,,0.003768,0.288871,0.193435,0.059414,0.135591,0.032481,0.088751,0.053564,0.003238,0.140884,,1779100,,
1,1,,0.00053,0.281442,0.222218,0.058747,0.112275,0.058043,0.041317,0.060626,0.004595,0.160208,,1771700,,
1,1,,0.00053,0.251393,0.156562,0.162124,0.102268,0.083568,0.056868,0.037926,0.015692,0.133069,,1775000,,
1,1,,0.000769,0.292054,0.185781,0.174812,0.097037,0.061406,0.005038,0.034097,0.006451,0.142556,,1772000,,
1,2,,0.010476,0.18962,0.272411,0.234979,0,0.082508,0.068095,0.002152,0.002152,0.137607,,1777500,,
1,2,,0.004889,0.210305,0.336666,0.21731,0,0.069059,0.044396,0,0.001762,0.115613,,1773500,,
1,1,,0.003768,0.274754,0.104965,0.13565,0.12618,0.056011,0.088751,0.046976,0.003238,0.159708,,1781000,,
1,1,,0.003474,0.341608,0.117687,0.142483,0.144136,0.033745,0.056075,0.052984,0.001472,0.106336,,1769700,,
1,1,,0.00053,0.328329,0.198774,0.099772,0.097037,0.059215,0.041317,0.038355,0.004595,0.132076,,1780700,,
1,1,,0.003965,0.254148,0.099666,0.139084,0.162289,0.059641,0.080116,0.059242,0.006869,0.134981,,1767000,,
1,1,,0.00053,0.331285,0.113057,0.069967,0.186287,0.029529,0.066185,0.076719,0.002125,0.124317,,1771000,,
1,1,,0.006342,0.2486,0.087778,0.13565,0.155156,0.052773,0.097552,0.075621,0.005812,0.134716,,1760500,,
1,1,,0.00053,0.279427,0.180753,0.059414,0.182004,0.029243,0.070671,0.075961,0.003778,0.118218,,1770100,,
1,1,,0.032859,0.214433,0.129264,0.118452,0.12618,0.052161,0.088751,0.073244,0.003238,0.161419,,1761800,,
1,1,,0.00053,0.286633,0.206548,0.182854,0.109948,0.060174,0.021775,0.024683,0.004304,0.10255,,1768000,,
1,3,,0.000239,0.137459,0.280115,0.300053,0,0.08254,0.041443,0,0.006451,0.151699,,1778000,,
1,1,,0.003474,0.445147,0.12254,0.038621,0.144136,0.019832,0.056075,0.075309,0.001472,0.093394,,1778400,,
1,2,,0.004889,0.201842,0.335617,0.217868,0,0.069238,0.039111,0.002152,0.002152,0.127131,,1783700,,
1,1,,0.013363,0.263457,0.132838,0.097345,0.177164,0.041165,0.078191,0.070082,0,0.126396,,1789600,,
1,7,,0.004267,0.133547,0.131332,0.031179,0.15418,0.044447,0.079285,0.238805,0.037363,0.145596,,1772100,,
1,1,,0.00053,0.336242,0.134744,0.046107,0.102268,0.081836,0.056868,0.057319,0.015692,0.168393,,1774800,,
1,6,,0,0.120506,0.168576,0.109448,0.012911,0.04509,0.323644,0.118983,0.004304,0.096537,,1773200,,
1,1,,0.011197,0.261231,0.133067,0.095179,0.172592,0.041165,0.070671,0.077216,0.003778,0.133904,,1774600,,
1,1,,0.00053,0.265309,0.092282,0.13565,0.172592,0.052773,0.070671,0.069373,0.003778,0.137041,,1775600,,
1,1,,0.000769,0.223806,0.197216,0.190785,0.104842,0.069211,0.005038,0.027381,0.006451,0.174501,,1761100,,
1,4,,0.004861,0.181002,0.141178,0.047179,0.220476,0.067832,0.09335,0.097071,0.004331,0.142719,,1940300,,
1,3,,0.000239,0.139636,0.255575,0.262452,0,0.093226,0.069347,0,0.006451,0.173072,,1948000,,
1,1,,0.00553,0.276525,0.208081,0.072147,0.112037,0.049832,0.05456,0.082417,0,0.138872,,1794500,,
1,1,,0.003474,0.367853,0.135394,0.052997,0.151409,0.048922,0.056075,0.09662,0.001472,0.085783,,1828200,,
1,3,,0.00461,0.158982,0.232277,0.267317,0,0.089654,0.044186,0,0.006451,0.196523,,1783600,,
1,1,,0.006342,0.303188,0.085896,0.143179,0.155156,0.035832,0.097552,0.072797,0.005812,0.094246,,1776400,,
1,2,,0.000239,0.085817,0.336503,0.290659,0,0.094234,0.032074,0,0.006451,0.154023,,1775200,,
1,2,,0.004714,0.254049,0.257221,0.240217,0,0.081984,0.042429,0.002152,0.002152,0.115083,,1773700,,
1,2,,0.011681,0.137514,0.256052,0.219223,0,0.120627,0.090849,0.003238,0,0.160816,,1773800,,
1,1,,0.00053,0.308929,0.263476,0.126918,0.097037,0.057222,0.009845,0.019214,0.001762,0.115067,,1785700,,
1,4,,0.00053,0.236854,0.131031,0.054594,0.238085,0.027636,0.075776,0.103192,0.004595,0.127706,,1774400,,
1,1,,0.00053,0.287898,0.0904,0.079179,0.172592,0.067832,0.070671,0.066549,0.003778,0.160571,,1772000,,
1,1,,0.00053,0.205944,0.188346,0.200412,0.097037,0.093249,0.012655,0.026738,0.004048,0.171041,,1773100,,
1,1,,0.002696,0.281653,0.180524,0.06158,0.186576,0.029243,0.078191,0.068827,0,0.11071,,1765100,,
1,3,,0.011884,0.065185,0.105926,0.22,0.044835,0.040741,0.172503,0.153187,0.037363,0.148376,,1777000,,
1,1,,0.003474,0.347746,0.170474,0.059414,0.153548,0.029243,0.056075,0.062396,0.001472,0.116157,,1772400,,
1,1,,0.00053,0.298155,0.162248,0.079392,0.097037,0.06345,0.041317,0.081763,0.004595,0.171513,,1773200,,
1,1,,0.003474,0.384704,0.149585,0.046789,0.144136,0.035441,0.056075,0.068594,0.001472,0.10973,,1768700,,
1,1,,0.003474,0.412638,0.081806,0.081705,0.144136,0.053516,0.056075,0.052984,0.001472,0.112194,,1778100,,
1,3,,0.000769,0.180535,0.145244,0.271841,0.097037,0.094347,0.005038,0.014595,0.006451,0.184143,,1766200,,
1,1,,0.006342,0.253306,0.110366,0.050003,0.155156,0.057479,0.097552,0.072797,0.005812,0.191187,,1770800,,
1,1,,0.003768,0.318025,0.156936,0.054594,0.133985,0.030875,0.088751,0.059762,0.003238,0.150067,,1771400,,
1,1,,0.00553,0.2294,0.184743,0.152483,0.112037,0.063745,0.05456,0.061772,0,0.13573,,1767700,,
1,1,,0.003474,0.342678,0.134275,0.105025,0.144136,0.032139,0.056075,0.052984,0.001472,0.127741,,1783200,,
1,1,,0.006342,0.30141,0.125007,0.066735,0.155156,0.037609,0.097552,0.090575,0.005812,0.113801,,1770600,,
1,1,,0.003768,0.274754,0.104965,0.13565,0.12618,0.056011,0.088751,0.046976,0.003238,0.159708,,1768300,,
1,1,,0.00053,0.234278,0.14706,0.13565,0.140751,0.067344,0.077417,0.043738,0,0.153232,,1779000,,
1,1,,0.00553,0.2294,0.184743,0.152483,0.112037,0.063745,0.05456,0.061772,0,0.13573,,1778000,,
1,1,,0.00053,0.252324,0.167083,0.031179,0.201525,0.03507,0.066185,0.097498,0.002125,0.146481,,1772500,,
1,1,,0.003768,0.274754,0.104965,0.13565,0.12618,0.056011,0.088751,0.046976,0.003238,0.159708,,1769500,,
1,4,,0.00053,0.206961,0.100313,0.058747,0.357224,0.042805,0.048153,0.030577,0.004595,0.150096,,1771400,,
1,1,,0.003474,0.398699,0.136397,0.064282,0.144136,0.041901,0.056075,0.052984,0.001472,0.100579,,1770000,,
1,1,,0.00053,0.304608,0.259635,0.113235,0.097037,0.04978,0.009845,0.032417,0.001762,0.131151,,1789300,,
1,1,,0.003768,0.274754,0.104965,0.13565,0.12618,0.056011,0.088751,0.046976,0.003238,0.159708,,1769900,,
1,2,,0,0.206428,0.335485,0.21495,0,0.070914,0.04625,0,0.001762,0.124211,,1774300,,
1,3,,0.004953,0.193543,0.202898,0.324763,0,0.093431,0.042906,0,0.006451,0.131054,,1774600,,
1,1,,0.014631,0.250069,0.140451,0.098613,0.162289,0.048034,0.080116,0.067085,0.006869,0.131843,,1787000,,
1,9,,0.00053,0.18959,0.220515,0.108372,0.146268,0.070736,0.00456,0.011772,0,0.247658,,1780000,,
1,1,,0.006342,0.2486,0.087778,0.13565,0.155156,0.052773,0.097552,0.075621,0.005812,0.134716,,1772200,,
1,2,,0.00053,0.190813,0.267805,0.209287,0.097037,0.048165,0.00456,0.033429,0.005667,0.142708,,1775000,,
1,9,,0.009478,0.171798,0.097827,0.116512,0.1373,0.054586,0.12535,0.043087,0.008947,0.235114,,1791900,,
1,1,,0.00553,0.2294,0.184743,0.152483,0.112037,0.063745,0.05456,0.061772,0,0.13573,,1767700,,
1,3,,0.000239,0.137459,0.280115,0.300053,0,0.08254,0.041443,0,0.006451,0.151699,,1773000,,
1,3,,0.008148,0.144805,0.226432,0.271646,0,0.070867,0.097778,0.002152,0.002152,0.17602,,1774200,,
1,2,,0.004714,0.254049,0.257221,0.240217,0,0.081984,0.042429,0.002152,0.002152,0.115083,,1769800,,
1,3,,0.007765,0.075583,0.225756,0.305468,0,0.0793,0.14786,0.012143,0.004048,0.142078,,1786300,,
1,1,,0.002696,0.296642,0.105579,0.128159,0.177164,0.019832,0.078191,0.071267,0,0.120471,,1786700,,
1,2,,0.029621,0.116914,0.233825,0.205429,0.097037,0.088457,0.012467,0.040863,0.003953,0.171435,,1789300,,
1,2,,0.000239,0.085817,0.336503,0.290659,0,0.094234,0.032074,0,0.006451,0.154023,,1795900,,
1,2,,0.00053,0.229771,0.229782,0.188227,0.097037,0.079061,0.00456,0.014595,0,0.156436,,1789000,,
1,1,,0.00053,0.240092,0.206732,0.082267,0.097037,0.12978,0.009845,0.031772,0.001762,0.200184,,1792900,,
1,1,,0.00053,0.372324,0.150981,0.043852,0.102268,0.072139,0.056868,0.060251,0.015692,0.125095,,1802400,,
1,1,,0.00053,0.274359,0.144554,0.105025,0.172592,0.032139,0.070671,0.066549,0.003778,0.129801,,1789000,,
1,2,,0.011681,0.120947,0.247279,0.244676,0,0.121305,0.095518,0,0.003953,0.154641,,1813500,,
2,2,,0.00053,0.250091,0.251838,0.156671,0.097037,0.062266,0.00456,0.013924,0.002152,0.160932,,1798600,,
2,1,,0.00053,0.254209,0.242026,0.195208,0.097037,0.068603,0.009845,0.011772,0.001762,0.119007,,1805300,,
2,1,,0.00053,0.259541,0.252295,0.131491,0.097037,0.068386,0.007798,0.024707,0,0.158216,,1808500,,
2,6,,0.016923,0.088083,0.214631,0.152627,0,0.055333,0.292977,0.033846,0.018685,0.126895,,1799700,,
2,2,,0.000239,0.085817,0.336503,0.290659,0,0.094234,0.032074,0,0.006451,0.154023,,1786000,,
2,9,,0.00053,0.188654,0.170441,0.084863,0.170883,0.097183,0.007117,0.014328,0,0.266001,,1791500,,
2,1,,0.00053,0.285354,0.214641,0.046789,0.140751,0.050013,0.077417,0.056524,0,0.127981,,1798100,,
2,3,,0.000239,0.037448,0.130351,0.365358,0,0.078241,0.220478,0,0.024784,0.143101,,1787200,,
2,2,,0.004714,0.236762,0.284048,0.253738,0,0.08019,0.042429,0.002833,0.005667,0.089619,,1803900,,
2,3,,0.000239,0.137459,0.280115,0.300053,0,0.08254,0.041443,0,0.006451,0.151699,,1805100,,
2,3,,0.00461,0.158982,0.232277,0.267317,0,0.089654,0.044186,0,0.006451,0.196523,,1793400,,
2,2,,0.00053,0.18715,0.311079,0.103638,0.111582,0.084541,0.021282,0.017345,0.005574,0.157278,,1808300,,
2,2,,0.004371,0.208218,0.316814,0.183703,0,0.074368,0.043709,0,0,0.168817,,1788000,,
2,2,,0.00053,0.193801,0.218298,0.197173,0.097037,0.09163,0.007798,0.017833,0,0.175898,,1788200,,
2,3,,0.000239,0.08368,0.195315,0.329887,0,0.091792,0.158304,0,0.006451,0.134333,,1783600,,
2,2,,0.007586,0.085092,0.299057,0.292753,0,0.066264,0.128966,0.01042,0.013253,0.096609,,1782700,,
