connect-4,DStump,test,0,NANOSECONDS,PREDICTIONS, Generated by ClassifierExperiments.java on 2022-05-16 13:47:54.    SYSTEMPROPERTIES:{user.name:matth,os.arch:amd64,os.name:Windows 10},ENDSYSTEMPROPERTIES
No parameter info
0.7985494375370041,1517845600,61176600,-1,94033288,3,,-1,-1
0,1,,0.1,0.453846,0.446154,,23400,,
0,0,,0.466667,0.269231,0.264103,,13600,,
0,2,,0,0.3,0.7,,15900,,
0,2,,0.172222,0.355556,0.472222,,15700,,
0,1,,0.3,0.4,0.3,,13400,,
0,1,,0.175,0.475,0.35,,20100,,
0,2,,0.2,0.325,0.475,,10300,,
0,0,,0.45,0.21,0.34,,5800,,
0,2,,0.4,0.1,0.5,,10000,,
0,2,,0,0,1,,7100,,
0,1,,0.2,0.5,0.3,,10900,,
0,0,,0.583333,0.033333,0.383333,,10100,,
0,2,,0.293333,0.184444,0.522222,,12700,,
0,0,,0.475,0.258333,0.266667,,4300,,
0,0,,0.37871,0.254378,0.366912,,12700,,
0,2,,0.2,0.15,0.65,,12700,,
0,1,,0.125,0.533333,0.341667,,12100,,
0,2,,0.1,0.312,0.588,,10500,,
0,2,,0,0.4,0.6,,9200,,
0,2,,0.1,0.304909,0.595091,,8400,,
0,2,,0.1,0.2,0.7,,9700,,
0,2,,0.1,0.06,0.84,,10300,,
0,2,,0,0.3,0.7,,11700,,
0,2,,0,0.2,0.8,,8200,,
0,2,,0.222222,0.277778,0.5,,13500,,
0,2,,0.025,0.2,0.775,,9000,,
0,0,,0.511111,0.3,0.188889,,12500,,
0,2,,0.333333,0.3,0.366667,,10400,,
0,2,,0.1,0,0.9,,9300,,
0,0,,0.542857,0.2,0.257143,,10700,,
0,2,,0.3,0.1,0.6,,7800,,
0,1,,0,0.6,0.4,,9800,,
0,0,,0.489167,0.15,0.360833,,9600,,
0,2,,0.1,0.15,0.75,,9400,,
0,2,,0.1,0.141667,0.758333,,5900,,
0,2,,0,0.445455,0.554545,,8500,,
0,1,,0.311111,0.366667,0.322222,,8200,,
0,2,,0.15,0.25,0.6,,10500,,
0,2,,0.011111,0.25,0.738889,,9400,,
0,2,,0.094444,0.290338,0.615217,,11300,,
0,1,,0.3,0.4,0.3,,10800,,
0,2,,0.009524,0.147619,0.842857,,6200,,
0,2,,0.291667,0.033333,0.675,,9000,,
0,2,,0.2,0,0.8,,7700,,
0,2,,0.273571,0.221429,0.505,,9200,,
0,0,,0.4,0.2,0.4,,8200,,
0,2,,0,0.014286,0.985714,,7900,,
0,2,,0.366667,0.1,0.533333,,12100,,
0,2,,0.216667,0.308333,0.475,,8200,,
0,1,,0.033333,0.566667,0.4,,10500,,
0,2,,0.2,0.2,0.6,,10000,,
0,2,,0.133333,0.355556,0.511111,,8200,,
0,2,,0.1,0,0.9,,8500,,
0,2,,0.14,0.37,0.49,,7100,,
0,2,,0.225,0.266667,0.508333,,7800,,
0,2,,0.2,0.3,0.5,,8700,,
0,2,,0,0,1,,7800,,
0,2,,0.061905,0.466667,0.471429,,10400,,
0,0,,0.769048,0,0.230952,,7600,,
0,2,,0.3,0.225,0.475,,9500,,
0,2,,0,0.225,0.775,,6500,,
0,1,,0.18,0.45,0.37,,7900,,
0,2,,0.206667,0.366667,0.426667,,6300,,
0,1,,0.275,0.366667,0.358333,,10400,,
0,2,,0.351111,0,0.648889,,7500,,
0,1,,0.330769,0.430769,0.238462,,5400,,
0,2,,0.3,0.191667,0.508333,,8600,,
0,2,,0.1,0.333333,0.566667,,8900,,
0,2,,0,0.1,0.9,,10300,,
0,0,,0.557143,0.142857,0.3,,7700,,
0,2,,0.489706,0.005882,0.504412,,7600,,
0,2,,0.08,0.4,0.52,,5600,,
0,2,,0.20625,0.310417,0.483333,,9900,,
0,2,,0.245455,0.336364,0.418182,,9000,,
0,2,,0.127778,0.266667,0.605556,,6900,,
0,1,,0.239103,0.582051,0.178846,,7600,,
0,1,,0.233333,0.6,0.166667,,7000,,
0,1,,0.297222,0.411111,0.291667,,6900,,
0,2,,0.04,0.2,0.76,,6200,,
0,2,,0.1,0.26,0.64,,7100,,
0,1,,0.3,0.5,0.2,,6500,,
0,2,,0,0.3,0.7,,8700,,
0,2,,0.211765,0.35,0.438235,,6500,,
0,2,,0.244872,0.128846,0.626282,,9700,,
0,2,,0.225,0.290385,0.484615,,6500,,
0,2,,0.203333,0.326667,0.47,,9100,,
0,2,,0.339286,0.055952,0.604762,,7600,,
0,0,,0.333333,0.333333,0.333333,,4600,,
0,2,,0.201515,0.362424,0.436061,,15700,,
0,2,,0.073333,0.28,0.646667,,9500,,
0,1,,0.2,0.4,0.4,,8600,,
0,2,,0.109302,0.22093,0.669767,,10100,,
0,2,,0.4,0.116667,0.483333,,9300,,
0,2,,0.1,0.34,0.56,,8000,,
0,2,,0.41,0.07,0.52,,4800,,
0,1,,0.1,0.6,0.3,,11000,,
0,1,,0.1,0.604762,0.295238,,9400,,
0,2,,0.28,0.31,0.41,,12100,,
0,2,,0.4,0.1,0.5,,9700,,
0,0,,0.575,0,0.425,,7200,,
0,2,,0.3,0.2,0.5,,11100,,
0,1,,0.057143,0.514286,0.428571,,9000,,
0,1,,0.185714,0.5,0.314286,,6500,,
0,2,,0.4,0.1,0.5,,8400,,
0,2,,0,0.4,0.6,,9600,,
0,0,,0.45,0.1,0.45,,8200,,
0,1,,0,0.611688,0.388312,,9400,,
0,2,,0,0,1,,8100,,
0,1,,0,0.6,0.4,,8900,,
0,2,,0.3,0.1,0.6,,10200,,
0,2,,0.113333,0.286667,0.6,,10700,,
0,2,,0.314286,0.15,0.535714,,12700,,
0,2,,0,0.4,0.6,,8600,,
0,2,,0.2,0.1,0.7,,13000,,
0,2,,0,0.3,0.7,,11700,,
0,2,,0,0.34,0.66,,10000,,
0,2,,0.202778,0.356944,0.440278,,8200,,
0,2,,0.166667,0.133333,0.7,,8100,,
0,1,,0.142857,0.462857,0.394286,,11500,,
0,0,,0.4,0.25,0.35,,3600,,
0,2,,0.225,0.325,0.45,,8500,,
0,2,,0.1,0.425,0.475,,5000,,
0,2,,0,0.2,0.8,,6900,,
0,2,,0.3,0.05,0.65,,6300,,
0,2,,0.106452,0.1,0.793548,,9100,,
0,2,,0.266667,0,0.733333,,8600,,
0,0,,0.6,0.1,0.3,,9000,,
0,2,,0.366667,0.133333,0.5,,10000,,
0,2,,0.2,0.34,0.46,,8400,,
0,1,,0.0525,0.623846,0.323654,,8000,,
0,2,,0,0.3,0.7,,9900,,
0,0,,0.7,0.033333,0.266667,,6200,,
0,0,,0.365278,0.314957,0.319765,,8400,,
0,0,,0.55,0.044444,0.405556,,9700,,
0,2,,0.2,0.1,0.7,,9800,,
0,1,,0.2,0.7,0.1,,9000,,
0,2,,0.2,0.2,0.6,,11400,,
0,2,,0.212143,0.197143,0.590714,,6600,,
0,0,,0.525,0.375,0.1,,9900,,
0,2,,0,0.42381,0.57619,,8900,,
0,1,,0,0.52,0.48,,8200,,
0,1,,0.25,0.404167,0.345833,,9500,,
0,1,,0.073529,0.502941,0.423529,,6500,,
0,1,,0.3,0.4,0.3,,7100,,
0,2,,0.3,0.2,0.5,,7700,,
0,2,,0.2,0.075,0.725,,7100,,
0,2,,0.205,0.2,0.595,,7300,,
0,2,,0.075,0.27,0.655,,9700,,
0,2,,0.025321,0.374428,0.600252,,7600,,
0,2,,0.045,0.1125,0.8425,,6600,,
0,2,,0,0.066667,0.933333,,7200,,
0,2,,0.36,0.2,0.44,,4900,,
0,2,,0.15,0.15,0.7,,4900,,
0,2,,0.1,0.21,0.69,,9000,,
0,2,,0.339394,0.260606,0.4,,7000,,
0,1,,0.2,0.5,0.3,,8700,,
0,1,,0,0.666667,0.333333,,7900,,
0,2,,0.1,0.277778,0.622222,,9800,,
0,2,,0.1,0,0.9,,5700,,
0,1,,0.202885,0.553205,0.24391,,8800,,
0,2,,0.125,0.02,0.855,,7800,,
0,2,,0,0.4,0.6,,5100,,
0,2,,0.156863,0.235829,0.607308,,9400,,
0,2,,0,0.025,0.975,,6500,,
0,2,,0,0.04,0.96,,5800,,
0,2,,0.115789,0.121053,0.763158,,6500,,
0,1,,0.028571,0.528571,0.442857,,8200,,
0,2,,0.375,0.05,0.575,,8100,,
0,1,,0.117647,0.559559,0.322794,,8100,,
0,1,,0.02,0.623333,0.356667,,8500,,
0,2,,0.3,0.3,0.4,,5800,,
0,1,,0.163333,0.47,0.366667,,8600,,
0,2,,0.02,0.4,0.58,,6500,,
0,2,,0.184524,0.110714,0.704762,,7000,,
0,2,,0.025,0.375,0.6,,7600,,
0,1,,0.036842,0.547368,0.415789,,7300,,
0,2,,0.1,0.266667,0.633333,,7000,,
0,1,,0,0.56,0.44,,8400,,
0,1,,0.233333,0.466667,0.3,,7000,,
0,2,,0.4,0.1,0.5,,5700,,
0,2,,0.1,0.2,0.7,,7300,,
0,2,,0.1,0.1,0.8,,8200,,
0,2,,0.312121,0.258182,0.429697,,7200,,
0,2,,0.145833,0.260417,0.59375,,4500,,
0,1,,0,0.7,0.3,,5000,,
0,1,,0.2,0.5,0.3,,8200,,
0,2,,0.147852,0.232678,0.619469,,7400,,
0,1,,0,0.6,0.4,,4900,,
0,2,,0.2,0.3,0.5,,7100,,
0,2,,0.3,0.085714,0.614286,,5200,,
0,1,,0,0.784615,0.215385,,6000,,
0,2,,0,0.4,0.6,,7100,,
0,2,,0.127778,0.333333,0.538889,,6600,,
0,1,,0.033333,0.533333,0.433333,,7100,,
0,2,,0.256667,0.066667,0.676667,,7200,,
0,2,,0.1,0.2,0.7,,4600,,
0,2,,0.109091,0.065519,0.82539,,5500,,
0,0,,0.500747,0.228695,0.270558,,6400,,
0,0,,0.4,0.2,0.4,,6900,,
0,1,,0.121429,0.464286,0.414286,,5900,,
0,2,,0.1,0.222727,0.677273,,5600,,
0,1,,0.1,0.507692,0.392308,,6500,,
0,2,,0.4,0,0.6,,5500,,
0,2,,0.275,0.086364,0.638636,,7300,,
0,0,,0.521429,0.214286,0.264286,,8000,,
0,2,,0.1,0.3,0.6,,7000,,
0,2,,0.159091,0.345455,0.495455,,5400,,
0,1,,0.068182,0.822727,0.109091,,6900,,
0,2,,0.153333,0.2,0.646667,,5900,,
0,2,,0.166667,0.2,0.633333,,7100,,
0,2,,0.2,0.1,0.7,,5100,,
0,0,,0.7,0.1,0.2,,9700,,
0,2,,0,0.475,0.525,,5600,,
0,2,,0.101786,0.121429,0.776786,,6100,,
0,1,,0.1,0.7,0.2,,4600,,
0,1,,0,0.7,0.3,,7300,,
0,0,,0.6,0.175,0.225,,7400,,
0,2,,0.319048,0.228095,0.452857,,8000,,
0,0,,0.575,0.075,0.35,,5900,,
0,2,,0.12,0.06,0.82,,5100,,
0,2,,0.16,0.24,0.6,,5800,,
0,2,,0.133333,0.2,0.666667,,6600,,
0,2,,0.066667,0.3,0.633333,,6100,,
0,2,,0.104762,0,0.895238,,5900,,
0,0,,0.558333,0.066667,0.375,,5700,,
0,2,,0.031429,0.108571,0.86,,5000,,
0,2,,0.00303,0.351515,0.645455,,5900,,
0,2,,0.357143,0.2,0.442857,,4100,,
0,1,,0.15,0.433333,0.416667,,6800,,
0,2,,0.266667,0.347619,0.385714,,6700,,
0,1,,0.2,0.5,0.3,,5500,,
0,1,,0.278611,0.450833,0.270556,,5000,,
0,2,,0,0.233333,0.766667,,4800,,
0,0,,0.56,0.01,0.43,,7200,,
0,1,,0.016667,0.683333,0.3,,5000,,
0,2,,0.3,0.266667,0.433333,,6500,,
0,0,,0.7,0.1,0.2,,5000,,
0,1,,0.3,0.4,0.3,,8100,,
0,2,,0.2,0.3,0.5,,6600,,
0,2,,0.243182,0.1,0.656818,,6800,,
0,2,,0,0.05,0.95,,6900,,
0,2,,0.309722,0.100694,0.589583,,5200,,
0,1,,0.35,0.5,0.15,,4000,,
0,2,,0.312815,0.140336,0.546849,,6000,,
0,1,,0,0.6,0.4,,7900,,
0,0,,0.4,0.4,0.2,,4800,,
0,2,,0.2,0.05,0.75,,7400,,
0,2,,0.05,0.084921,0.865079,,5700,,
0,2,,0.206098,0.341463,0.452439,,6500,,
0,1,,0,0.6,0.4,,7200,,
0,1,,0.225,0.425,0.35,,6300,,
0,2,,0.1,0.1,0.8,,6100,,
0,1,,0.011111,0.65,0.338889,,4700,,
0,2,,0.006667,0.41,0.583333,,7300,,
0,2,,0.1,0.2,0.7,,7600,,
0,2,,0.3,0.1,0.6,,4500,,
0,2,,0.022222,0.111111,0.866667,,5300,,
0,1,,0.22,0.4,0.38,,6000,,
0,2,,0.12069,0.337931,0.541379,,7200,,
0,2,,0.333333,0.25,0.416667,,5900,,
0,1,,0.1,0.6,0.3,,5300,,
0,2,,0.243333,0.19,0.566667,,6300,,
0,1,,0.2,0.42,0.38,,5100,,
0,1,,0,0.6,0.4,,5600,,
0,2,,0.3,0,0.7,,3700,,
0,1,,0.2375,0.45,0.3125,,6400,,
0,2,,0.249812,0.356579,0.393609,,4400,,
0,2,,0.047826,0.259903,0.692271,,4300,,
0,0,,0.7,0,0.3,,3800,,
0,2,,0.117308,0.274359,0.608333,,6500,,
0,2,,0.055263,0.464474,0.480263,,5900,,
0,2,,0.225,0.25,0.525,,6900,,
0,1,,0.226667,0.556667,0.216667,,5400,,
0,2,,0.321429,0.178571,0.5,,6800,,
0,1,,0.2,0.4,0.4,,5400,,
0,2,,0.1,0.1,0.8,,7000,,
0,1,,0,0.8,0.2,,6000,,
0,2,,0,0.3,0.7,,6600,,
0,1,,0.05,0.613333,0.336667,,6700,,
0,0,,0.6,0.1,0.3,,5100,,
0,2,,0,0.483333,0.516667,,4300,,
0,2,,0.484524,0.014286,0.50119,,6300,,
0,2,,0.03125,0.309375,0.659375,,7000,,
0,2,,0.182857,0.24,0.577143,,5900,,
0,0,,0.449624,0.140602,0.409774,,5200,,
0,2,,0,0.14,0.86,,7400,,
0,1,,0.3,0.4,0.3,,6100,,
0,2,,0.15,0.4,0.45,,6100,,
0,2,,0.2,0.2,0.6,,5700,,
0,2,,0.1,0.233333,0.666667,,7200,,
0,2,,0.225,0.275,0.5,,6800,,
0,1,,0.316667,0.43,0.253333,,5800,,
0,1,,0.1,0.5,0.4,,5700,,
0,2,,0.2,0.275,0.525,,8100,,
0,2,,0.028571,0.171429,0.8,,5100,,
0,2,,0.114286,0.275,0.610714,,6100,,
0,2,,0.25,0.183333,0.566667,,6700,,
0,2,,0.2,0.1,0.7,,4800,,
0,0,,0.5,0.333333,0.166667,,5200,,
0,2,,0.14,0.1,0.76,,6000,,
0,2,,0,0.2,0.8,,6300,,
0,1,,0.3,0.5,0.2,,6200,,
0,2,,0.2,0.211364,0.588636,,6200,,
0,1,,0.1,0.68,0.22,,6400,,
0,1,,0.3,0.422222,0.277778,,5900,,
0,2,,0.1,0.2,0.7,,7100,,
0,1,,0.0125,0.6025,0.385,,5000,,
0,1,,0.25,0.4,0.35,,4800,,
0,2,,0,0.3,0.7,,5900,,
0,1,,0,0.6,0.4,,5700,,
0,1,,0.3,0.6,0.1,,5700,,
0,2,,0.1525,0.2575,0.59,,6600,,
0,0,,0.525,0.2,0.275,,6700,,
0,1,,0.103226,0.596774,0.3,,5100,,
0,2,,0.271667,0.155,0.573333,,6200,,
0,1,,0.1,0.6,0.3,,4800,,
0,0,,0.7,0,0.3,,4900,,
0,1,,0.2,0.5,0.3,,3900,,
0,1,,0.3,0.6,0.1,,6000,,
0,2,,0.018182,0.4,0.581818,,5500,,
0,2,,0.205882,0.3,0.494118,,5700,,
0,2,,0.204545,0.068182,0.727273,,7600,,
0,1,,0.010526,0.513238,0.476236,,5700,,
0,0,,0.5,0.166667,0.333333,,5300,,
0,2,,0.3,0.1,0.6,,6600,,
0,2,,0.12,0.282906,0.597094,,5400,,
0,2,,0.1,0.3,0.6,,5800,,
0,2,,0.1,0.4,0.5,,5100,,
0,2,,0.05,0.15,0.8,,4300,,
0,1,,0.253333,0.546667,0.2,,6100,,
0,2,,0.425397,0,0.574603,,7400,,
0,1,,0.2,0.5,0.3,,5200,,
0,2,,0,0.1,0.9,,5400,,
0,0,,0.4,0.36,0.24,,5800,,
0,2,,0.161538,0,0.838462,,5800,,
0,2,,0.133333,0.366667,0.5,,5700,,
0,2,,0,0.3,0.7,,5000,,
0,1,,0.229365,0.442857,0.327778,,8700,,
0,2,,0.263333,0.113333,0.623333,,6400,,
0,2,,0,0.128571,0.871429,,5900,,
0,0,,0.5,0,0.5,,6200,,
0,2,,0.314286,0.3,0.385714,,3600,,
0,1,,0.2,0.466667,0.333333,,4200,,
0,2,,0.216364,0.326364,0.457273,,4300,,
0,0,,0.413889,0.238889,0.347222,,5800,,
0,0,,0.433333,0.35,0.216667,,5100,,
0,2,,0.1,0.2,0.7,,4900,,
0,2,,0.1,0.4,0.5,,6200,,
0,2,,0.316071,0.3125,0.371429,,4900,,
0,2,,0.116061,0.211732,0.672208,,6400,,
0,0,,0.566667,0,0.433333,,5700,,
0,2,,0.047619,0.233333,0.719048,,5700,,
0,2,,0.366667,0.108333,0.525,,5300,,
0,2,,0,0.245455,0.754545,,6400,,
0,0,,0.5,0.3,0.2,,5400,,
0,2,,0,0.3,0.7,,5500,,
0,1,,0.375,0.4,0.225,,7500,,
0,2,,0.3,0.2,0.5,,4900,,
0,2,,0.22381,0.133333,0.642857,,6100,,
0,2,,0.05,0.333333,0.616667,,4700,,
0,2,,0,0.255556,0.744444,,6400,,
0,2,,0.113333,0.253333,0.633333,,3400,,
0,2,,0.2,0.275,0.525,,3900,,
0,2,,0.3,0,0.7,,4600,,
0,2,,0.054348,0.021739,0.923913,,5500,,
0,1,,0.004444,0.644444,0.351111,,5600,,
0,0,,0.595,0,0.405,,4700,,
0,1,,0.1,0.6,0.3,,8700,,
0,2,,0.1,0.25,0.65,,6900,,
0,2,,0.033333,0,0.966667,,5800,,
0,2,,0.317424,0.158333,0.524242,,7900,,
0,0,,0.5,0.275,0.225,,6700,,
0,1,,0,0.723333,0.276667,,5400,,
0,2,,0.3,0.34,0.36,,4700,,
0,2,,0.1,0.1,0.8,,8700,,
0,2,,0,0.458333,0.541667,,7000,,
0,2,,0.2,0.2,0.6,,5500,,
0,2,,0.1,0.366667,0.533333,,5500,,
0,0,,0.567669,0.153571,0.278759,,4800,,
0,2,,0.225,0.36,0.415,,5400,,
0,2,,0.2,0,0.8,,5200,,
0,2,,0.1,0.1,0.8,,4100,,
0,0,,0.65,0.05,0.3,,5800,,
0,1,,0,0.5,0.5,,5600,,
0,2,,0,0.1,0.9,,6300,,
0,2,,0.335714,0.210714,0.453571,,7100,,
0,2,,0.333333,0.3,0.366667,,4700,,
0,2,,0.2625,0,0.7375,,4700,,
0,0,,0.4,0.3,0.3,,5500,,
0,2,,0.108696,0.1,0.791304,,5900,,
0,2,,0.2,0.233333,0.566667,,4700,,
0,2,,0.1,0.1,0.8,,5800,,
0,2,,0,0.485,0.515,,6300,,
0,1,,0.2,0.6625,0.1375,,4500,,
0,2,,0.2,0.0975,0.7025,,4500,,
0,0,,0.483333,0.379167,0.1375,,6000,,
0,1,,0.2,0.433333,0.366667,,6300,,
0,2,,0.366667,0.116667,0.516667,,5000,,
0,2,,0.2,0,0.8,,5100,,
0,2,,0.175,0.1,0.725,,7300,,
0,2,,0.3,0.116667,0.583333,,4500,,
0,2,,0.25,0,0.75,,6200,,
0,2,,0.1,0.2,0.7,,3900,,
0,2,,0.22,0.12,0.66,,6600,,
0,2,,0.228571,0.16,0.611429,,6600,,
0,2,,0.1,0.2,0.7,,4800,,
0,1,,0.1,0.8,0.1,,6800,,
0,2,,0.2,0.1,0.7,,6900,,
0,2,,0.036508,0.122222,0.84127,,6200,,
0,1,,0.0625,0.5375,0.4,,6800,,
0,1,,0.1,0.492308,0.407692,,6500,,
0,2,,0.2,0.278571,0.521429,,4900,,
0,1,,0.22,0.58,0.2,,6000,,
0,0,,0.75,0,0.25,,6500,,
0,2,,0.3,0.106667,0.593333,,4700,,
0,0,,0.5,0.1,0.4,,4400,,
0,0,,0.371429,0.257143,0.371429,,6800,,
0,2,,0.025,0.475,0.5,,4600,,
0,2,,0.15,0.4,0.45,,6400,,
0,1,,0.416667,0.483333,0.1,,5200,,
0,0,,0.345455,0.309091,0.345455,,5500,,
0,2,,0.075,0.3,0.625,,6100,,
0,2,,0.4,0.1,0.5,,5500,,
0,0,,0.5,0.2,0.3,,5100,,
0,2,,0.05,0.135714,0.814286,,5200,,
0,2,,0.2,0.34,0.46,,5700,,
0,2,,0.425,0.1,0.475,,5400,,
0,2,,0.36,0.266667,0.373333,,7300,,
0,1,,0.016667,0.75,0.233333,,5600,,
0,2,,0.2,0.1,0.7,,5500,,
0,2,,0,0.4,0.6,,5700,,
0,2,,0.166667,0.133333,0.7,,6200,,
0,2,,0.1,0.261538,0.638462,,5600,,
0,1,,0.122222,0.594017,0.283761,,5300,,
0,1,,0.214286,0.428571,0.357143,,6500,,
0,2,,0.2,0,0.8,,4700,,
0,2,,0.1,0.3,0.6,,6300,,
0,2,,0.1,0.2,0.7,,5100,,
0,2,,0.2,0.08,0.72,,6100,,
0,1,,0.113333,0.633333,0.253333,,6400,,
0,1,,0.06,0.52,0.42,,8500,,
0,1,,0.2,0.4,0.4,,5000,,
0,2,,0.1,0.1,0.8,,5500,,
0,2,,0,0.3,0.7,,6900,,
0,1,,0,0.7,0.3,,6400,,
0,1,,0.04,0.7,0.26,,5800,,
0,2,,0.025,0.3,0.675,,5400,,
0,0,,0.6,0,0.4,,4800,,
0,2,,0.1875,0.333333,0.479167,,4700,,
0,2,,0.025,0.225,0.75,,4800,,
0,1,,0.141558,0.498117,0.360325,,5400,,
0,2,,0.2,0.15,0.65,,5300,,
0,1,,0.306667,0.583333,0.11,,5700,,
0,2,,0.14,0.3,0.56,,4000,,
0,2,,0.05,0.45,0.5,,5300,,
0,1,,0.228571,0.471429,0.3,,6000,,
0,2,,0.023529,0.452941,0.523529,,4100,,
0,1,,0.2,0.75,0.05,,5100,,
0,2,,0.2,0.3,0.5,,5900,,
0,2,,0.108333,0.355,0.536667,,2900,,
0,2,,0.004348,0.038043,0.957609,,4300,,
0,1,,0.327778,0.372222,0.3,,6200,,
0,2,,0.1,0.3,0.6,,6100,,
0,2,,0.218182,0.136364,0.645455,,4300,,
0,2,,0,0.29,0.71,,10200,,
0,2,,0.3,0,0.7,,8100,,
0,1,,0.0625,0.6125,0.325,,6500,,
0,2,,0.242222,0.264444,0.493333,,7000,,
0,1,,0.2,0.4,0.4,,5600,,
0,2,,0,0.3,0.7,,6800,,
0,2,,0.052083,0.38125,0.566667,,6900,,
0,0,,0.48,0.04,0.48,,4000,,
0,2,,0.066667,0.1,0.833333,,7300,,
0,2,,0,0.13125,0.86875,,6800,,
0,2,,0.203571,0.3,0.496429,,7700,,
0,2,,0.16,0.3,0.54,,4500,,
0,2,,0.028571,0.342857,0.628571,,6300,,
0,2,,0.333333,0,0.666667,,5600,,
0,0,,0.533333,0,0.466667,,5800,,
0,0,,0.464776,0.159274,0.37595,,5400,,
0,2,,0,0.3,0.7,,4200,,
0,1,,0.3,0.5,0.2,,5800,,
0,2,,0.139035,0.210526,0.650439,,5700,,
0,2,,0.009091,0.074026,0.916883,,5500,,
0,2,,0.265,0.1,0.635,,5500,,
0,2,,0.3,0,0.7,,5700,,
0,0,,0.9,0.1,0,,5400,,
0,2,,0.216667,0,0.783333,,5100,,
0,1,,0.044444,0.644444,0.311111,,4200,,
0,2,,0.1,0.4,0.5,,4900,,
0,1,,0.1,0.6,0.3,,5500,,
0,1,,0.266667,0.513333,0.22,,5500,,
0,0,,0.625,0.085714,0.289286,,4900,,
0,2,,0.1,0.35,0.55,,6400,,
0,2,,0.1,0.242857,0.657143,,6000,,
0,2,,0.005882,0.4,0.594118,,4400,,
0,0,,0.633333,0.1,0.266667,,5800,,
0,2,,0.11,0.03,0.86,,4300,,
0,2,,0.165,0.2,0.635,,5100,,
0,1,,0.25,0.4,0.35,,5100,,
0,2,,0.042857,0,0.957143,,4000,,
0,2,,0,0.4,0.6,,7100,,
0,2,,0.1,0.4,0.5,,5500,,
0,2,,0.2,0.15,0.65,,4800,,
0,2,,0.35,0.25,0.4,,5000,,
0,2,,0.25282,0.33797,0.409211,,4800,,
0,0,,0.375,0.266667,0.358333,,4300,,
0,2,,0.1,0.27,0.63,,5800,,
0,2,,0.181373,0.380882,0.437745,,6200,,
0,0,,0.37,0.26,0.37,,4600,,
0,1,,0.16,0.5,0.34,,3500,,
0,2,,0.2,0,0.8,,5800,,
0,2,,0,0.4,0.6,,6300,,
0,0,,0.391667,0.264583,0.34375,,5800,,
0,1,,0.133333,0.766667,0.1,,5600,,
0,2,,0.004167,0.404167,0.591667,,4800,,
0,2,,0.233333,0.188889,0.577778,,4900,,
0,2,,0.166667,0.366667,0.466667,,6400,,
0,2,,0.225,0.225,0.55,,5300,,
0,1,,0.05,0.675,0.275,,6400,,
0,2,,0.2,0.212222,0.587778,,5100,,
0,0,,0.61,0.2,0.19,,4200,,
0,2,,0.05,0.3,0.65,,4100,,
0,2,,0.3,0.1,0.6,,4600,,
0,1,,0.236667,0.586667,0.176667,,4900,,
0,2,,0.15202,0.044444,0.803535,,5200,,
0,2,,0.2,0.25,0.55,,7600,,
0,2,,0.433333,0.1,0.466667,,4400,,
0,0,,0.6,0.2,0.2,,6600,,
0,2,,0.3,0.2,0.5,,6200,,
0,2,,0.005714,0.448571,0.545714,,6000,,
0,2,,0.13,0.01,0.86,,4000,,
0,2,,0.25,0.3125,0.4375,,4500,,
0,1,,0.134483,0.551724,0.313793,,4600,,
0,1,,0,0.625,0.375,,4300,,
0,1,,0,0.599359,0.400641,,4700,,
0,1,,0.214286,0.785714,0,,4000,,
0,0,,0.5,0.1,0.4,,6800,,
0,0,,0.485714,0.364286,0.15,,6100,,
0,1,,0.446429,0.478571,0.075,,5400,,
0,1,,0.297143,0.474286,0.228571,,5300,,
0,2,,0.2,0.225,0.575,,4600,,
0,2,,0.2,0.15,0.65,,5200,,
0,0,,0.542857,0.357143,0.1,,4900,,
0,2,,0.1,0.4,0.5,,4300,,
0,1,,0.1,0.475,0.425,,3500,,
0,2,,0.333333,0.15,0.516667,,5400,,
0,1,,0.133333,0.55,0.316667,,3900,,
0,0,,0.416993,0.333333,0.249673,,9100,,
0,2,,0.2,0,0.8,,4300,,
0,0,,0.554545,0.327273,0.118182,,4500,,
0,0,,0.4,0.2,0.4,,4200,,
0,2,,0.15,0.4125,0.4375,,8100,,
0,1,,0.225,0.425,0.35,,5700,,
0,2,,0,0.2,0.8,,6900,,
0,2,,0.1,0.3,0.6,,5400,,
0,0,,0.416667,0.175,0.408333,,5700,,
0,2,,0.085714,0.214286,0.7,,4800,,
0,2,,0.2,0.3125,0.4875,,6000,,
0,1,,0.014286,0.561039,0.424675,,5500,,
0,2,,0.015789,0.207018,0.777193,,6100,,
0,0,,0.4,0.38125,0.21875,,5100,,
0,0,,0.409091,0.327273,0.263636,,4500,,
0,0,,0.666667,0.166667,0.166667,,5300,,
0,2,,0.1,0.3,0.6,,3100,,
0,2,,0.4,0.1,0.5,,6300,,
0,2,,0.1,0.411111,0.488889,,7200,,
0,1,,0.2,0.666667,0.133333,,5200,,
0,0,,0.544583,0.04375,0.411667,,5700,,
0,2,,0.242857,0,0.757143,,3800,,
0,0,,0.715584,0.1,0.184416,,4300,,
0,1,,0.1875,0.4625,0.35,,5000,,
0,1,,0.2,0.4,0.4,,4900,,
0,2,,0.028571,0.242857,0.728571,,5000,,
0,2,,0,0.2,0.8,,4600,,
0,1,,0.022581,0.52957,0.447849,,5400,,
0,2,,0.316667,0.033333,0.65,,4700,,
0,2,,0.376667,0.166667,0.456667,,6800,,
0,1,,0.2,0.7,0.1,,5100,,
0,2,,0.35,0.145,0.505,,5800,,
0,2,,0,0,1,,4500,,
0,2,,0.316667,0.2,0.483333,,4400,,
0,1,,0.021053,0.523684,0.455263,,5500,,
0,2,,0,0.2,0.8,,4900,,
0,1,,0.309524,0.507143,0.183333,,4900,,
0,2,,0.13,0.01,0.86,,6000,,
0,1,,0.25,0.7,0.05,,4900,,
0,2,,0.2,0.2,0.6,,5700,,
0,1,,0.121635,0.472596,0.405769,,5500,,
0,2,,0.244444,0.328889,0.426667,,5000,,
0,1,,0,0.85,0.15,,5600,,
0,2,,0.317787,0.262846,0.419368,,5100,,
0,2,,0.332468,0.315584,0.351948,,7200,,
0,1,,0.242857,0.757143,0,,4000,,
0,2,,0.251429,0.357143,0.391429,,6100,,
0,1,,0.00625,0.527083,0.466667,,5800,,
0,2,,0.1,0.233333,0.666667,,6100,,
0,2,,0.1,0.2,0.7,,5000,,
0,2,,0,0.4,0.6,,6400,,
0,0,,0.457143,0.242857,0.3,,4300,,
0,2,,0.283333,0,0.716667,,4300,,
0,0,,0.539286,0.125,0.335714,,5200,,
0,1,,0.3,0.525,0.175,,4000,,
0,1,,0.011111,0.577778,0.411111,,6100,,
0,2,,0.128571,0.428571,0.442857,,4400,,
0,2,,0.033333,0.175,0.791667,,6200,,
0,2,,0.1,0.3,0.6,,5400,,
0,2,,0.309524,0.2,0.490476,,6500,,
0,0,,0.4,0.2,0.4,,5800,,
0,1,,0.311765,0.546324,0.141912,,5000,,
0,2,,0.003571,0.1,0.896429,,5300,,
0,0,,0.528571,0.114286,0.357143,,5000,,
0,2,,0.2,0.3,0.5,,5900,,
0,2,,0.1,0.1,0.8,,5800,,
0,2,,0.118182,0.227273,0.654545,,5600,,
0,0,,0.443333,0.286667,0.27,,7100,,
0,1,,0.3,0.4,0.3,,5600,,
0,2,,0.05,0,0.95,,5600,,
0,2,,0.37,0.02,0.61,,6000,,
0,0,,0.372857,0.3,0.327143,,4600,,
0,1,,0.248571,0.546667,0.204762,,5000,,
0,1,,0.057143,0.5,0.442857,,5300,,
0,2,,0.1,0.333333,0.566667,,5900,,
0,2,,0.12,0.01,0.87,,6100,,
0,2,,0.153589,0.230682,0.61573,,4600,,
0,2,,0.181515,0.318182,0.500303,,3800,,
0,1,,0.013953,0.537209,0.448837,,6600,,
0,2,,0.229032,0.006452,0.764516,,4500,,
0,2,,0,0.2,0.8,,6400,,
0,1,,0,0.566667,0.433333,,5500,,
0,1,,0.31875,0.40625,0.275,,3900,,
0,2,,0.1,0.25,0.65,,6900,,
0,1,,0.1,0.584127,0.315873,,5800,,
0,2,,0.3,0.133333,0.566667,,6400,,
0,2,,0.412,0.02,0.568,,6400,,
0,1,,0.1,0.6,0.3,,6200,,
0,2,,0.1,0.3,0.6,,5800,,
0,2,,0.333333,0.3,0.366667,,5400,,
0,2,,0.126667,0.033333,0.84,,4800,,
0,1,,0.2,0.7,0.1,,3800,,
0,1,,0.216667,0.533333,0.25,,5700,,
0,2,,0,0.1,0.9,,6700,,
0,2,,0.2,0,0.8,,6600,,
0,1,,0.2,0.5,0.3,,5600,,
0,1,,0,0.6,0.4,,5700,,
0,1,,0.1,0.7,0.2,,4200,,
0,2,,0.154545,0.345455,0.5,,3700,,
0,2,,0,0.32,0.68,,5800,,
0,0,,0.551515,0.15,0.298485,,5800,,
0,2,,0.2,0.3,0.5,,4100,,
0,2,,0.2,0.2,0.6,,5500,,
0,2,,0,0.4,0.6,,5800,,
0,2,,0.228571,0,0.771429,,5500,,
0,0,,0.480526,0.221053,0.298421,,5400,,
0,2,,0,0.333333,0.666667,,5500,,
0,2,,0.066667,0.4,0.533333,,4100,,
0,2,,0.05,0.35,0.6,,4800,,
0,2,,0.1,0.433333,0.466667,,4300,,
0,2,,0.1,0.053333,0.846667,,5900,,
0,1,,0.1,0.7,0.2,,5600,,
0,2,,0.1,0.2,0.7,,5000,,
0,1,,0.161111,0.45,0.388889,,5400,,
0,2,,0.371429,0.2,0.428571,,5600,,
0,2,,0.1,0.4,0.5,,6100,,
0,2,,0.175362,0.178261,0.646377,,5700,,
0,0,,0.42,0.3,0.28,,4300,,
0,2,,0,0.35,0.65,,4500,,
0,1,,0.1525,0.6,0.2475,,4800,,
0,0,,0.622222,0.144444,0.233333,,4700,,
0,1,,0.109091,0.583333,0.307576,,4900,,
0,1,,0.1,0.6,0.3,,5000,,
0,1,,0.39,0.458889,0.151111,,5400,,
0,2,,0.1,0.1,0.8,,5700,,
0,2,,0.1,0.433333,0.466667,,5500,,
0,0,,0.53125,0,0.46875,,5500,,
0,1,,0.1,0.7,0.2,,6200,,
0,2,,0,0.2,0.8,,4100,,
0,1,,0.3,0.563492,0.136508,,6000,,
0,2,,0.15,0.1,0.75,,5300,,
0,2,,0.1,0.2,0.7,,3600,,
0,2,,0,0.35,0.65,,3700,,
0,2,,0.08,0.275,0.645,,5600,,
0,2,,0,0.38,0.62,,5000,,
0,2,,0.22197,0.222222,0.555808,,4700,,
0,0,,0.514286,0.308631,0.177083,,5500,,
0,1,,0.035,0.515,0.45,,4300,,
0,2,,0.283333,0.2,0.516667,,5400,,
0,2,,0.3,0.122222,0.577778,,6300,,
0,0,,0.5,0.1,0.4,,5900,,
0,0,,0.573413,0.297222,0.129365,,4900,,
0,2,,0.15,0.085,0.765,,6400,,
0,2,,0.1,0,0.9,,4200,,
0,2,,0.25,0.35,0.4,,6100,,
0,1,,0.1,0.45,0.45,,4000,,
0,1,,0.1,0.45,0.45,,4600,,
0,0,,0.4,0.24,0.36,,6200,,
0,1,,0.3,0.7,0,,5600,,
0,2,,0,0.277778,0.722222,,4900,,
0,2,,0.324286,0.105,0.570714,,5500,,
0,2,,0.3,0.1,0.6,,4400,,
0,0,,0.55,0.211905,0.238095,,4200,,
0,2,,0.026316,0.063158,0.910526,,3700,,
0,2,,0.132051,0.294872,0.573077,,3100,,
0,0,,0.4,0.2,0.4,,5500,,
0,2,,0.233333,0.371429,0.395238,,6300,,
0,2,,0.192857,0.122222,0.684921,,5000,,
0,0,,0.422222,0.313889,0.263889,,5300,,
0,2,,0.2,0.278571,0.521429,,4500,,
0,2,,0.1,0.4,0.5,,5800,,
0,2,,0.3,0.3,0.4,,5100,,
0,2,,0.05,0.275,0.675,,4900,,
0,2,,0.225,0.275,0.5,,6400,,
0,2,,0,0.35,0.65,,5100,,
0,2,,0.191532,0.363508,0.44496,,2800,,
0,2,,0.3,0.3,0.4,,5100,,
0,2,,0.4,0.1375,0.4625,,4300,,
0,2,,0.1,0.44,0.46,,6100,,
0,1,,0.3,0.4,0.3,,4800,,
0,2,,0,0.3,0.7,,4700,,
0,1,,0.3,0.4,0.3,,5200,,
0,2,,0,0.3,0.7,,5100,,
0,2,,0.233333,0.266667,0.5,,5500,,
0,2,,0.05,0.266667,0.683333,,5600,,
0,0,,0.63,0.11,0.26,,4700,,
0,2,,0.462941,0.002941,0.534118,,5000,,
0,2,,0.21,0.18,0.61,,5300,,
0,2,,0.283333,0.225,0.491667,,4800,,
0,2,,0,0.233333,0.766667,,6300,,
0,2,,0.2,0.1,0.7,,4900,,
0,1,,0.247009,0.480171,0.272821,,7900,,
0,2,,0.1,0.128571,0.771429,,5200,,
0,2,,0.169545,0.150758,0.679697,,5000,,
0,2,,0.1,0.286667,0.613333,,5600,,
0,0,,0.6,0.25625,0.14375,,3800,,
0,2,,0.25,0.2,0.55,,4200,,
0,2,,0.2,0.3,0.5,,5100,,
0,1,,0.15,0.425,0.425,,4500,,
0,1,,0.293333,0.466667,0.24,,4700,,
0,2,,0.133333,0,0.866667,,5300,,
0,2,,0.165556,0.395556,0.438889,,4900,,
0,0,,0.533333,0,0.466667,,5600,,
0,2,,0.1,0.25,0.65,,4700,,
0,2,,0.0125,0.325,0.6625,,5600,,
0,1,,0.225,0.495,0.28,,4500,,
0,1,,0.207692,0.546154,0.246154,,4600,,
0,0,,0.4375,0.2,0.3625,,4900,,
0,2,,0.375,0.125,0.5,,4100,,
0,0,,0.5,0.1,0.4,,4100,,
0,2,,0.018182,0.151748,0.83007,,3500,,
0,1,,0.1,0.583333,0.316667,,4800,,
0,2,,0.25,0.15,0.6,,6000,,
0,1,,0,0.7,0.3,,4800,,
0,2,,0.026316,0.475439,0.498246,,3200,,
0,1,,0.2,0.644444,0.155556,,4900,,
0,0,,0.425,0.225,0.35,,5900,,
0,2,,0,0,1,,5000,,
0,2,,0.02,0.43,0.55,,6700,,
0,2,,0.223077,0.153846,0.623077,,6200,,
0,1,,0.180423,0.501984,0.317593,,6600,,
0,2,,0.125,0.3125,0.5625,,4400,,
0,2,,0.34,0.133333,0.526667,,6000,,
0,0,,0.4,0.4,0.2,,5000,,
0,1,,0.3,0.48125,0.21875,,5100,,
0,2,,0.4,0.05,0.55,,5000,,
0,2,,0,0,1,,4200,,
0,1,,0.2,0.458333,0.341667,,5700,,
0,2,,0.2,0.266667,0.533333,,4000,,
0,2,,0.439683,0.042857,0.51746,,3200,,
0,2,,0.1,0.21,0.69,,5300,,
0,2,,0.1,0.3,0.6,,5600,,
0,2,,0.3,0.225,0.475,,5900,,
0,2,,0.283333,0.116667,0.6,,4500,,
0,0,,0.4,0.3,0.3,,5000,,
0,2,,0,0.428571,0.571429,,6400,,
0,2,,0.2,0.162719,0.637281,,5400,,
0,2,,0.00625,0.103125,0.890625,,5400,,
0,2,,0.2,0.3,0.5,,5900,,
0,1,,0.125,0.8,0.075,,4600,,
0,2,,0.2,0.3,0.5,,3200,,
0,2,,0.11875,0.15625,0.725,,4900,,
0,2,,0.133333,0.3,0.566667,,4800,,
0,2,,0.436364,0.060606,0.50303,,5400,,
0,2,,0.11,0.25,0.64,,3700,,
0,1,,0.223902,0.412683,0.363415,,4200,,
0,2,,0.35,0.24,0.41,,3000,,
0,1,,0,0.5,0.5,,5100,,
0,2,,0.133333,0.391667,0.475,,4300,,
0,2,,0,0.4,0.6,,4500,,
0,2,,0,0,1,,3900,,
0,2,,0.1,0.282143,0.617857,,8100,,
0,1,,0.2,0.5,0.3,,5000,,
0,2,,0.366667,0.1,0.533333,,4400,,
0,2,,0.014286,0.342857,0.642857,,4600,,
0,2,,0,0.315556,0.684444,,5600,,
0,2,,0.170303,0.375985,0.453712,,5000,,
0,2,,0.004167,0.445833,0.55,,4700,,
0,2,,0,0.1,0.9,,4000,,
0,0,,0.4,0.2,0.4,,3700,,
0,0,,0.55,0.1,0.35,,4100,,
0,2,,0.27,0.233333,0.496667,,6800,,
0,1,,0.316667,0.35,0.333333,,5100,,
0,0,,0.566667,0.1,0.333333,,5000,,
0,2,,0.2,0.3,0.5,,4500,,
0,2,,0.02381,0.32,0.65619,,4400,,
0,2,,0,0.166667,0.833333,,4600,,
0,2,,0.02439,0.404878,0.570732,,4600,,
0,2,,0.1,0.3,0.6,,5700,,
0,2,,0.2,0.339286,0.460714,,6100,,
0,2,,0.406154,0.086154,0.507692,,6100,,
0,1,,0.1,0.47,0.43,,5600,,
0,1,,0.2,0.4,0.4,,4600,,
0,2,,0,0.4,0.6,,4900,,
0,2,,0.02,0.305,0.675,,5500,,
0,0,,0.8125,0.125,0.0625,,4500,,
0,2,,0,0.42,0.58,,5900,,
0,1,,0.2,0.5,0.3,,4400,,
0,0,,0.35,0.3,0.35,,5600,,
0,2,,0.3,0.2,0.5,,5100,,
0,2,,0.245098,0.276471,0.478431,,4200,,
0,0,,0.35,0.341667,0.308333,,5500,,
0,0,,0.5,0,0.5,,6700,,
0,0,,0.5,0.3,0.2,,4200,,
0,1,,0.280952,0.371429,0.347619,,4800,,
0,2,,0.02,0.371429,0.608571,,4900,,
0,1,,0.055556,0.511111,0.433333,,4100,,
0,2,,0.25,0.3125,0.4375,,5600,,
0,2,,0.302381,0.227778,0.469841,,5300,,
0,2,,0.1,0.082051,0.817949,,7200,,
0,2,,0.34,0.228889,0.431111,,3600,,
0,0,,0.6,0,0.4,,4000,,
0,2,,0.01,0.22,0.77,,5800,,
0,1,,0.1,0.516667,0.383333,,4800,,
0,2,,0.24,0.205714,0.554286,,5600,,
0,0,,0.495513,0.025,0.479487,,3700,,
0,1,,0.2,0.4,0.4,,5200,,
0,2,,0.071429,0.1,0.828571,,5200,,
0,1,,0,0.5,0.5,,6300,,
0,1,,0.4,0.5,0.1,,4800,,
0,2,,0.12,0.05,0.83,,5300,,
0,2,,0.219091,0.097273,0.683636,,3900,,
0,2,,0.109091,0.322727,0.568182,,4500,,
0,2,,0.3,0.2,0.5,,6700,,
0,2,,0.2,0.386667,0.413333,,6200,,
0,2,,0,0.3,0.7,,3900,,
0,0,,0.575385,0.21,0.214615,,6400,,
0,2,,0,0.2,0.8,,6800,,
0,2,,0.291667,0.208333,0.5,,5100,,
0,2,,0.154545,0.409091,0.436364,,5600,,
0,1,,0.285088,0.538596,0.176316,,5400,,
0,1,,0.325,0.491667,0.183333,,5200,,
0,2,,0.333333,0.266667,0.4,,5900,,
0,0,,0.416667,0.2,0.383333,,4500,,
0,1,,0.2,0.6,0.2,,6100,,
0,2,,0.045,0.1,0.855,,4900,,
0,1,,0.22,0.5,0.28,,3800,,
0,2,,0.2,0.3,0.5,,6200,,
0,2,,0.1,0.4,0.5,,3500,,
0,2,,0.464286,0.01,0.525714,,4400,,
0,1,,0.310345,0.362069,0.327586,,4100,,
0,2,,0.1,0.213333,0.686667,,4000,,
0,0,,0.573333,0.413333,0.013333,,3700,,
0,2,,0.028571,0.271429,0.7,,5200,,
0,2,,0,0.3,0.7,,6400,,
0,2,,0.154545,0.309091,0.536364,,4000,,
0,2,,0.475,0.0375,0.4875,,3900,,
0,2,,0.1125,0.1,0.7875,,7600,,
0,2,,0.3,0,0.7,,4200,,
0,2,,0.1,0.2,0.7,,6900,,
0,2,,0.30381,0.159048,0.537143,,3400,,
0,1,,0.186667,0.415556,0.397778,,5300,,
0,2,,0.1,0.283333,0.616667,,6400,,
0,1,,0.2,0.6,0.2,,4700,,
0,0,,0.7125,0.025,0.2625,,2800,,
0,1,,0.06,0.64,0.3,,4600,,
0,2,,0.302727,0.260909,0.436364,,4000,,
0,1,,0.155556,0.766667,0.077778,,4300,,
0,2,,0,0.433333,0.566667,,4900,,
0,1,,0.1,0.75,0.15,,4700,,
0,2,,0,0.2,0.8,,6100,,
0,1,,0.29,0.4,0.31,,5900,,
0,2,,0.1,0.216667,0.683333,,6100,,
0,2,,0.150549,0.245055,0.604396,,4400,,
0,2,,0.066667,0.25,0.683333,,4000,,
0,1,,0.007692,0.559615,0.432692,,5800,,
0,2,,0.345,0,0.655,,5600,,
0,0,,0.418427,0.2023,0.379272,,4900,,
0,2,,0.332222,0.05,0.617778,,5900,,
0,2,,0.1,0.1,0.8,,3900,,
0,2,,0.133333,0.1,0.766667,,5300,,
0,2,,0.216667,0.176667,0.606667,,4500,,
0,2,,0,0.1,0.9,,4600,,
0,2,,0.016667,0.408333,0.575,,5300,,
0,2,,0.008333,0.027153,0.964514,,5300,,
0,2,,0.033333,0.02,0.946667,,5200,,
0,1,,0.15,0.468182,0.381818,,5400,,
0,1,,0.109756,0.634146,0.256098,,4400,,
0,2,,0.186667,0.22,0.593333,,4200,,
0,2,,0.147619,0.016667,0.835714,,4300,,
0,2,,0.45641,0.061538,0.482051,,4500,,
0,2,,0.343333,0.216667,0.44,,5300,,
0,1,,0.1,0.566667,0.333333,,4100,,
0,0,,0.503205,0.369872,0.126923,,4000,,
0,0,,0.596429,0.228571,0.175,,4100,,
0,0,,0.754167,0.1375,0.108333,,5200,,
0,2,,0,0.357143,0.642857,,4800,,
0,2,,0,0.0125,0.9875,,3700,,
0,2,,0,0.4,0.6,,5300,,
0,0,,0.657241,0.024138,0.318621,,3900,,
0,2,,0,0.3,0.7,,6700,,
0,2,,0.385714,0.2,0.414286,,5800,,
0,2,,0.408333,0.142857,0.44881,,3400,,
0,1,,0.21523,0.446839,0.337931,,4900,,
0,2,,0.175,0.3,0.525,,4600,,
0,2,,0.14,0.3,0.56,,4300,,
0,2,,0.079612,0.322868,0.597519,,5000,,
0,1,,0.1,0.603571,0.296429,,5400,,
0,0,,0.633333,0,0.366667,,4200,,
0,2,,0.116667,0.223077,0.660256,,5600,,
0,1,,0.316667,0.383333,0.3,,3500,,
0,1,,0,0.603095,0.396905,,6400,,
0,1,,0.2,0.5,0.3,,5800,,
0,2,,0.411364,0.143182,0.445455,,6800,,
0,2,,0.2,0.3,0.5,,4500,,
0,2,,0.470833,0,0.529167,,5300,,
0,2,,0.392857,0.128571,0.478571,,5300,,
0,2,,0.24,0.146667,0.613333,,4700,,
0,1,,0.2,0.5,0.3,,4600,,
0,2,,0.3,0.2,0.5,,4200,,
0,2,,0.3,0.0875,0.6125,,3700,,
0,2,,0.333333,0,0.666667,,4600,,
0,2,,0.084667,0.43,0.485333,,5400,,
0,2,,0.1,0.1,0.8,,4500,,
0,0,,0.4,0.4,0.2,,6000,,
0,1,,0.233333,0.466667,0.3,,4700,,
0,2,,0,0.2,0.8,,4600,,
0,0,,0.34,0.325,0.335,,5700,,
0,2,,0.25,0.35,0.4,,5300,,
0,2,,0.158333,0.382738,0.458929,,3200,,
0,0,,0.53875,0.14,0.32125,,4600,,
0,2,,0.2,0.1,0.7,,5200,,
0,2,,0.209091,0.016667,0.774242,,6200,,
0,1,,0.207143,0.442857,0.35,,5500,,
0,2,,0.1125,0.3,0.5875,,4600,,
0,2,,0.1,0.02,0.88,,5100,,
0,2,,0.022981,0.007143,0.969876,,3200,,
0,2,,0.012903,0.003226,0.983871,,5000,,
0,0,,0.528571,0.042857,0.428571,,5000,,
0,1,,0.325397,0.432381,0.242222,,4600,,
0,1,,0.2,0.6,0.2,,4800,,
0,2,,0.125606,0.259662,0.614731,,3600,,
0,2,,0.107143,0.133333,0.759524,,3700,,
0,1,,0.271429,0.528571,0.2,,4300,,
0,2,,0.062281,0.286842,0.650877,,6300,,
0,2,,0.003846,0.203846,0.792308,,3700,,
0,2,,0.1,0.2,0.7,,5600,,
0,1,,0,0.525,0.475,,6800,,
0,0,,0.5,0.070635,0.429365,,3800,,
0,2,,0.123529,0.273529,0.602941,,4200,,
0,2,,0.2,0.2,0.6,,3600,,
0,2,,0.3,0.066667,0.633333,,4100,,
0,0,,0.6,0.1,0.3,,3500,,
0,2,,0.2,0.2,0.6,,5400,,
0,1,,0.333333,0.433333,0.233333,,5300,,
0,2,,0.268667,0.25,0.481333,,5100,,
0,1,,0.161364,0.493182,0.345455,,4600,,
0,1,,0.166667,0.416667,0.416667,,6400,,
0,2,,0,0.1,0.9,,3800,,
0,0,,0.4,0.3,0.3,,3300,,
0,2,,0.024286,0.288571,0.687143,,3800,,
0,0,,0.4,0.24,0.36,,6000,,
0,2,,0.133333,0.366667,0.5,,4800,,
0,1,,0.1,0.6,0.3,,5900,,
0,2,,0.066667,0.3,0.633333,,4400,,
0,0,,0.434398,0.353378,0.212224,,4500,,
0,0,,0.5,0.086111,0.413889,,3800,,
0,2,,0.3,0.2,0.5,,4800,,
0,0,,0.473718,0.426282,0.1,,4000,,
0,0,,0.5,0.1,0.4,,4200,,
0,2,,0,0.34,0.66,,5000,,
0,0,,0.480952,0.133333,0.385714,,5000,,
0,1,,0.142857,0.5,0.357143,,5500,,
0,2,,0.1,0.4,0.5,,6500,,
0,2,,0,0.2,0.8,,4000,,
0,2,,0.1,0.191667,0.708333,,6600,,
0,1,,0.325,0.454545,0.220455,,3700,,
0,2,,0.116667,0.288889,0.594444,,6200,,
0,1,,0.32479,0.365406,0.309804,,4900,,
0,1,,0,0.5,0.5,,4400,,
0,1,,0.2,0.476923,0.323077,,4100,,
0,1,,0.3075,0.4275,0.265,,6400,,
0,0,,0.52615,0.27954,0.19431,,5100,,
0,2,,0.142857,0.257143,0.6,,4100,,
0,1,,0,0.7,0.3,,5000,,
0,2,,0.133333,0.383333,0.483333,,5100,,
0,2,,0.1,0.2,0.7,,4000,,
0,1,,0.116667,0.464286,0.419048,,4900,,
0,1,,0.162222,0.625556,0.212222,,4600,,
0,0,,0.514286,0.02,0.465714,,5900,,
0,2,,0.2,0.066667,0.733333,,3700,,
0,0,,0.53913,0.247826,0.213043,,4100,,
0,2,,0.1,0.1,0.8,,4800,,
0,2,,0.266667,0,0.733333,,4100,,
0,1,,0.13,0.63381,0.23619,,6300,,
0,2,,0.1,0.3,0.6,,5700,,
0,1,,0,0.5375,0.4625,,5100,,
0,2,,0.269231,0.130769,0.6,,5900,,
0,2,,0.2,0.2,0.6,,5100,,
0,2,,0.264286,0.1,0.635714,,4900,,
0,2,,0.3,0.2,0.5,,4200,,
0,2,,0.25,0.2,0.55,,6100,,
0,2,,0.15,0.1,0.75,,5100,,
0,2,,0.25,0.35,0.4,,5200,,
0,0,,0.616667,0,0.383333,,6000,,
0,1,,0.2,0.638462,0.161538,,4700,,
0,1,,0.334483,0.451724,0.213793,,5000,,
0,1,,0.35,0.4,0.25,,3600,,
0,1,,0.125,0.605,0.27,,5000,,
0,1,,0.25,0.394444,0.355556,,6600,,
0,2,,0.2,0.31,0.49,,7200,,
0,2,,0.1,0.2,0.7,,4300,,
0,2,,0.234286,0.166071,0.599643,,4900,,
0,2,,0.071795,0.234615,0.69359,,5500,,
0,2,,0.01875,0.11875,0.8625,,4400,,
0,2,,0.23,0.24,0.53,,5400,,
0,2,,0.02,0.3825,0.5975,,7500,,
0,2,,0,0.2,0.8,,5300,,
0,0,,0.419048,0.234524,0.346429,,4800,,
0,2,,0.020696,0.084493,0.894812,,2700,,
0,2,,0.31,0.21,0.48,,5100,,
0,1,,0.2,0.4,0.4,,4200,,
0,1,,0.116667,0.533333,0.35,,3900,,
0,2,,0.028571,0.466667,0.504762,,5800,,
0,1,,0.056667,0.693333,0.25,,4300,,
0,0,,0.48,0.12,0.4,,4800,,
0,2,,0.1375,0.2625,0.6,,6700,,
0,1,,0.066667,0.494048,0.439286,,3300,,
0,1,,0.397222,0.408333,0.194444,,3600,,
0,0,,0.408333,0.391667,0.2,,4400,,
0,2,,0,0.0775,0.9225,,6000,,
0,0,,0.583333,0,0.416667,,4400,,
0,2,,0.45,0,0.55,,5300,,
0,0,,0.4,0.2,0.4,,3000,,
0,1,,0.2,0.48,0.32,,3200,,
0,2,,0.059756,0.234146,0.706098,,2500,,
0,2,,0.086169,0.384489,0.529342,,4900,,
0,2,,0.138889,0.122222,0.738889,,5400,,
0,2,,0.313333,0.298333,0.388333,,5800,,
0,0,,0.433333,0.233333,0.333333,,3700,,
0,2,,0,0.336364,0.663636,,4300,,
0,2,,0.2,0.1,0.7,,5400,,
0,2,,0.276667,0.226667,0.496667,,5100,,
0,2,,0.00625,0.1,0.89375,,4700,,
0,2,,0,0.2,0.8,,6100,,
0,2,,0.218182,0.354545,0.427273,,4200,,
0,2,,0.021875,0.415625,0.5625,,4300,,
0,1,,0.0375,0.7375,0.225,,4700,,
0,2,,0,0.375,0.625,,4100,,
0,1,,0.05,0.75,0.2,,5000,,
0,2,,0,0.4,0.6,,5900,,
0,1,,0.1,0.48,0.42,,4900,,
0,2,,0.1,0.2,0.7,,5200,,
0,2,,0.238889,0.344444,0.416667,,4200,,
0,2,,0.314286,0.021429,0.664286,,5900,,
0,2,,0.10625,0.00625,0.8875,,4300,,
0,1,,0.2,0.5,0.3,,6000,,
0,2,,0,0.3,0.7,,3500,,
0,2,,0.1,0,0.9,,4100,,
0,0,,0.41,0.29,0.3,,3500,,
0,2,,0,0.4,0.6,,4100,,
0,1,,0.33,0.358571,0.311429,,4900,,
0,2,,0,0.3,0.7,,4600,,
0,0,,0.4,0.4,0.2,,4100,,
0,1,,0.1,0.516667,0.383333,,5700,,
0,2,,0,0.2,0.8,,5400,,
0,1,,0.1,0.525,0.375,,3700,,
0,2,,0.2,0.3,0.5,,4900,,
0,0,,0.55,0.1,0.35,,3600,,
0,2,,0.245833,0.291071,0.463095,,4900,,
0,2,,0.172222,0.3,0.527778,,5400,,
0,0,,0.5,0.25,0.25,,4600,,
0,1,,0.1,0.5,0.4,,5200,,
0,2,,0.214286,0.314286,0.471429,,6400,,
0,1,,0,0.7,0.3,,4400,,
0,2,,0.4,0,0.6,,4900,,
0,2,,0.381014,0.186377,0.432609,,4100,,
0,2,,0,0.3,0.7,,3200,,
0,0,,0.37,0.32,0.31,,5100,,
0,2,,0.1,0.2,0.7,,4600,,
0,1,,0.2,0.66,0.14,,5900,,
0,1,,0.133333,0.45,0.416667,,6300,,
0,1,,0.2,0.4,0.4,,4200,,
0,2,,0.158333,0.1,0.741667,,5900,,
0,2,,0.232418,0.326923,0.440659,,5000,,
0,2,,0.233333,0.366667,0.4,,3800,,
0,2,,0.390033,0.17041,0.439557,,4400,,
0,1,,0.1625,0.507353,0.330147,,6100,,
0,2,,0.2,0.321053,0.478947,,4900,,
0,1,,0,0.7,0.3,,5300,,
0,0,,0.6,0.1,0.3,,5300,,
0,2,,0.14,0.257143,0.602857,,5900,,
0,2,,0.191667,0.258333,0.55,,4600,,
0,2,,0.1,0.325,0.575,,5600,,
0,2,,0,0.416667,0.583333,,6400,,
0,0,,0.433333,0.255556,0.311111,,3500,,
0,2,,0.309091,0.3,0.390909,,4600,,
0,2,,0.109091,0.170606,0.720303,,5100,,
0,2,,0.15,0.15,0.7,,3900,,
0,1,,0.3,0.5,0.2,,4900,,
0,2,,0.2,0.1,0.7,,4900,,
0,2,,0.231212,0.242424,0.526364,,3900,,
0,2,,0.015,0.41,0.575,,4900,,
0,1,,0.2,0.666667,0.133333,,4500,,
0,2,,0.307143,0.292857,0.4,,3800,,
0,2,,0.1,0.2,0.7,,4200,,
0,2,,0.369231,0.193956,0.436813,,5500,,
0,2,,0.08,0.42,0.5,,4800,,
0,2,,0.142628,0.425385,0.431987,,4100,,
0,2,,0.316667,0.15,0.533333,,5500,,
0,0,,0.4,0.4,0.2,,4700,,
0,1,,0.279167,0.425,0.295833,,9700,,
0,1,,0.025,0.525,0.45,,3800,,
0,0,,0.516667,0,0.483333,,4200,,
0,0,,0.55,0.278571,0.171429,,3400,,
0,2,,0.3,0.2,0.5,,5300,,
0,2,,0.015385,0.295769,0.688846,,4800,,
0,2,,0.233333,0,0.766667,,4100,,
0,2,,0.410526,0.131579,0.457895,,4700,,
0,2,,0,0.1,0.9,,5300,,
0,0,,0.413043,0.204348,0.382609,,5100,,
0,1,,0.3,0.6,0.1,,3700,,
0,2,,0.4275,0.14,0.4325,,5500,,
0,2,,0.2,0.257143,0.542857,,4500,,
0,2,,0.284091,0.327273,0.388636,,5600,,
0,0,,0.443333,0.283333,0.273333,,5000,,
0,2,,0.214286,0.358571,0.427143,,5600,,
0,1,,0.25,0.55,0.2,,5600,,
0,2,,0.003571,0.475,0.521429,,4200,,
0,2,,0.066667,0.05,0.883333,,5200,,
0,2,,0.06669,0.227757,0.705553,,4400,,
0,2,,0.186374,0.402891,0.410734,,4600,,
0,0,,0.5175,0.083333,0.399167,,4300,,
0,1,,0.06,0.5,0.44,,4300,,
0,1,,0.133333,0.566667,0.3,,5500,,
0,2,,0,0.28,0.72,,5100,,
0,2,,0.366667,0.1,0.533333,,6600,,
0,1,,0,0.604167,0.395833,,5200,,
0,1,,0.244444,0.611111,0.144444,,5400,,
0,2,,0.25,0.267647,0.482353,,4200,,
0,2,,0.125,0.225,0.65,,6100,,
0,2,,0.2,0.25,0.55,,4400,,
0,2,,0.3,0,0.7,,5400,,
0,1,,0.2,0.5,0.3,,4800,,
0,2,,0.2,0.067857,0.732143,,3800,,
0,2,,0.207692,0.198462,0.593846,,4900,,
0,2,,0.173333,0.206667,0.62,,5000,,
0,1,,0.22,0.48,0.3,,4400,,
0,1,,0.2,0.4,0.4,,5400,,
0,1,,0.1,0.7,0.2,,4500,,
0,2,,0.2,0.3,0.5,,4000,,
0,2,,0.282222,0.32,0.397778,,5500,,
0,2,,0.409091,0.009091,0.581818,,5200,,
0,1,,0.033333,0.6,0.366667,,4900,,
0,1,,0.2,0.433333,0.366667,,4500,,
0,1,,0.109091,0.490909,0.4,,5300,,
0,0,,0.414286,0.228571,0.357143,,4000,,
0,2,,0.376667,0.096667,0.526667,,5600,,
0,1,,0.3,0.4,0.3,,2800,,
0,0,,0.5,0.1,0.4,,5100,,
0,1,,0.066667,0.583333,0.35,,4300,,
0,2,,0.4,0,0.6,,4300,,
0,2,,0.459286,0,0.540714,,4200,,
0,2,,0.1,0.3,0.6,,4500,,
0,2,,0.316667,0.233333,0.45,,3200,,
0,1,,0.171667,0.783333,0.045,,4700,,
0,2,,0.46,0.02,0.52,,5200,,
0,2,,0.153333,0.2,0.646667,,4300,,
0,2,,0.1,0.3,0.6,,4200,,
0,2,,0.36,0.22,0.42,,3800,,
0,2,,0.133333,0.033333,0.833333,,3200,,
0,1,,0,0.526667,0.473333,,6200,,
0,2,,0.322222,0.177778,0.5,,3300,,
0,1,,0.1375,0.5375,0.325,,5200,,
0,1,,0.1,0.5,0.4,,4600,,
0,2,,0.303896,0.109091,0.587013,,3500,,
0,1,,0,0.7,0.3,,3700,,
0,2,,0.34,0.1,0.56,,5600,,
0,2,,0.1,0.3875,0.5125,,6000,,
0,2,,0,0,1,,6000,,
0,2,,0.3,0,0.7,,5600,,
0,2,,0.162679,0.018182,0.819139,,4000,,
0,0,,0.5,0,0.5,,5400,,
0,2,,0.204651,0.144651,0.650698,,6500,,
0,2,,0.366667,0.125,0.508333,,4500,,
0,0,,0.5,0.24,0.26,,4600,,
0,2,,0,0.4,0.6,,2900,,
0,2,,0.105,0.125,0.77,,4200,,
0,2,,0.028571,0.357143,0.614286,,3900,,
0,0,,0.7,0.2,0.1,,5000,,
0,2,,0.15,0.158333,0.691667,,6000,,
0,0,,0.62,0.13,0.25,,5200,,
0,1,,0.2,0.55,0.25,,4800,,
0,2,,0.2,0.1,0.7,,4800,,
0,1,,0.333333,0.466667,0.2,,4600,,
0,2,,0.1,0.3,0.6,,5400,,
0,2,,0.311905,0.011905,0.67619,,3100,,
0,1,,0.08,0.87,0.05,,5600,,
0,0,,0.588571,0.12,0.291429,,5900,,
0,2,,0.05,0.1,0.85,,4500,,
0,2,,0.451082,0.097619,0.451299,,4200,,
0,0,,0.4,0.4,0.2,,4400,,
0,2,,0.333333,0.1,0.566667,,4800,,
0,2,,0.24,0.164444,0.595556,,7200,,
0,1,,0.2,0.6,0.2,,6200,,
0,2,,0.016,0.176,0.808,,4800,,
0,2,,0.14,0.1,0.76,,4400,,
0,2,,0,0.033333,0.966667,,2700,,
0,1,,0,0.566667,0.433333,,5500,,
0,0,,0.576154,0.196154,0.227692,,4600,,
0,2,,0.216667,0.283333,0.5,,5300,,
0,2,,0.024138,0.451724,0.524138,,4000,,
0,2,,0,0.2,0.8,,5900,,
0,2,,0.25,0.09,0.66,,3600,,
0,2,,0.145833,0.142222,0.711944,,5000,,
0,2,,0,0.4,0.6,,5400,,
0,2,,0,0.3,0.7,,8000,,
0,2,,0.216129,0,0.783871,,4700,,
0,1,,0.1,0.633333,0.266667,,4300,,
0,2,,0.04,0.086667,0.873333,,5700,,
0,2,,0.4,0.1,0.5,,2900,,
0,2,,0.315833,0.175,0.509167,,5700,,
0,2,,0.183333,0.333333,0.483333,,6100,,
0,0,,0.6,0,0.4,,4900,,
0,1,,0.3,0.35,0.35,,5900,,
0,2,,0.3,0.3,0.4,,5400,,
0,0,,0.479775,0.080593,0.439632,,4500,,
0,2,,0.435714,0.117857,0.446429,,4800,,
0,2,,0.2,0.3,0.5,,4700,,
0,0,,0.478571,0.214286,0.307143,,4700,,
0,1,,0.125,0.470833,0.404167,,5600,,
0,2,,0.04,0,0.96,,3800,,
0,2,,0.2,0.35,0.45,,5300,,
0,1,,0.3125,0.375,0.3125,,5200,,
0,2,,0.016667,0.266667,0.716667,,5700,,
0,1,,0.186667,0.553333,0.26,,5400,,
0,2,,0.1,0.2,0.7,,4400,,
0,1,,0.025,0.775,0.2,,5800,,
0,2,,0.113793,0.44064,0.445567,,3400,,
0,2,,0.1,0.325,0.575,,4400,,
0,2,,0.442857,0.042857,0.514286,,5000,,
