connect-4,DStump,test,3,NANOSECONDS,PREDICTIONS, Generated by ClassifierExperiments.java on 2022-05-16 13:48:04.    SYSTEMPROPERTIES:{user.name:matth,os.arch:amd64,os.name:Windows 10},ENDSYSTEMPROPERTIES
No parameter info
0.7992155121373594,1536055700,60430900,-1,79575296,3,,-1,-1
0,0,,0.5,0.1,0.4,,26200,,
0,0,,0.466667,0.333333,0.2,,12600,,
0,1,,0.133333,0.633333,0.233333,,16700,,
0,1,,0.133333,0.6,0.266667,,14300,,
0,1,,0,0.5,0.5,,9400,,
0,2,,0.1375,0.175,0.6875,,11500,,
0,2,,0.1,0.4,0.5,,11000,,
0,2,,0.108571,0.333571,0.557857,,12100,,
0,1,,0.2,0.4,0.4,,7500,,
0,1,,0.045455,0.5,0.454545,,13900,,
0,1,,0.305556,0.466667,0.227778,,12200,,
0,2,,0.223333,0.248333,0.528333,,12800,,
0,2,,0.233333,0.058333,0.708333,,12200,,
0,2,,0.302381,0.15,0.547619,,9300,,
0,2,,0.1,0.248474,0.651526,,10900,,
0,2,,0.142857,0.257143,0.6,,8400,,
0,2,,0.2,0.27,0.53,,10100,,
0,2,,0.107143,0.4,0.492857,,9900,,
0,2,,0.11,0,0.89,,10400,,
0,0,,0.5,0.2,0.3,,9000,,
0,2,,0.232333,0.024,0.743667,,7500,,
0,2,,0.09,0.06,0.85,,8400,,
0,2,,0.32,0.3,0.38,,8400,,
0,1,,0.16,0.485,0.355,,12900,,
0,2,,0.05,0.316667,0.633333,,11000,,
0,1,,0.272222,0.605556,0.122222,,6600,,
0,2,,0,0.133333,0.866667,,11300,,
0,2,,0.142857,0.342857,0.514286,,6900,,
0,1,,0.35,0.45,0.2,,7300,,
0,1,,0.275,0.405556,0.319444,,8700,,
0,2,,0.06,0.2,0.74,,7400,,
0,2,,0.2375,0.1,0.6625,,7700,,
0,1,,0.316667,0.543333,0.14,,9000,,
0,1,,0.2,0.5,0.3,,8300,,
0,1,,0.009091,0.722727,0.268182,,7500,,
0,2,,0.313725,0.211765,0.47451,,8500,,
0,2,,0.3,0,0.7,,6300,,
0,2,,0.041667,0.45,0.508333,,11000,,
0,2,,0.2,0,0.8,,9700,,
0,0,,0.531429,0.174286,0.294286,,9600,,
0,2,,0.3,0.3,0.4,,8200,,
0,2,,0.14,0.413333,0.446667,,6000,,
0,1,,0.225,0.625,0.15,,10700,,
0,2,,0.1,0.3,0.6,,7600,,
0,1,,0.15,0.55,0.3,,7400,,
0,2,,0.314286,0.2,0.485714,,6800,,
0,1,,0.1,0.516667,0.383333,,7900,,
0,2,,0.033333,0.433333,0.533333,,8700,,
0,1,,0.05,0.507143,0.442857,,9300,,
0,2,,0.3,0.15,0.55,,8000,,
0,2,,0.007143,0.15,0.842857,,12600,,
0,2,,0.266667,0.133333,0.6,,10100,,
0,2,,0.234821,0.03125,0.733929,,7500,,
0,2,,0.142857,0,0.857143,,7000,,
0,2,,0.221429,0.035714,0.742857,,9000,,
0,2,,0.0125,0.115341,0.872159,,9200,,
0,2,,0.007143,0.338095,0.654762,,7900,,
0,2,,0.2,0.025,0.775,,6600,,
0,2,,0.2,0.333333,0.466667,,8400,,
0,2,,0.15,0.2,0.65,,7500,,
0,2,,0.34,0.02,0.64,,7400,,
0,2,,0.1,0.4,0.5,,7700,,
0,2,,0.1,0.2,0.7,,5600,,
0,2,,0.2,0.375,0.425,,6700,,
0,2,,0,0.35,0.65,,7800,,
0,2,,0.201075,0.019355,0.77957,,6400,,
0,1,,0.271429,0.528571,0.2,,5000,,
0,1,,0.014693,0.538981,0.446327,,7700,,
0,1,,0.2,0.5,0.3,,7300,,
0,2,,0.2,0.1,0.7,,9000,,
0,2,,0,0.445455,0.554545,,9000,,
0,2,,0.330882,0.207843,0.461275,,6800,,
0,2,,0.433333,0.1,0.466667,,7500,,
0,1,,0.01,0.63,0.36,,6500,,
0,2,,0.005263,0,0.994737,,6600,,
0,1,,0.2125,0.475,0.3125,,6700,,
0,2,,0.053448,0.272414,0.674138,,7500,,
0,2,,0.2,0.125,0.675,,7400,,
0,2,,0.013223,0.268779,0.717998,,7800,,
0,2,,0.2,0.3,0.5,,9100,,
0,0,,0.433333,0.416667,0.15,,7600,,
0,2,,0,0.1,0.9,,7000,,
0,2,,0,0.325,0.675,,7600,,
0,1,,0.012,0.612,0.376,,8500,,
0,1,,0.2,0.640741,0.159259,,7800,,
0,2,,0.4,0.1,0.5,,8100,,
0,2,,0,0.325,0.675,,6900,,
0,2,,0.3,0.175,0.525,,7000,,
0,2,,0.12549,0.017647,0.856863,,6200,,
0,2,,0,0.254545,0.745455,,5600,,
0,0,,0.542857,0.328571,0.128571,,4200,,
0,2,,0,0.306667,0.693333,,7300,,
0,2,,0.1,0.183333,0.716667,,4700,,
0,1,,0.211111,0.488889,0.3,,7600,,
0,0,,0.65,0,0.35,,4800,,
0,0,,0.4,0.3,0.3,,7300,,
0,2,,0.029167,0.4,0.570833,,6800,,
0,2,,0.15,0.4,0.45,,8100,,
0,2,,0.014773,0.452273,0.532955,,7200,,
0,2,,0.433333,0,0.566667,,5900,,
0,2,,0.05,0.416667,0.533333,,6000,,
0,2,,0.2,0.2,0.6,,6300,,
0,2,,0.1,0.3,0.6,,8700,,
0,2,,0.4,0.153333,0.446667,,7300,,
0,2,,0.138393,0.273214,0.588393,,8200,,
0,2,,0.242857,0.2,0.557143,,7500,,
0,2,,0.411111,0.143056,0.445833,,6000,,
0,2,,0.109677,0.203226,0.687097,,6900,,
0,2,,0.14,0.225,0.635,,6400,,
0,0,,0.4125,0.3,0.2875,,8200,,
0,1,,0.475641,0.516667,0.007692,,5200,,
0,2,,0.116667,0.254167,0.629167,,7900,,
0,0,,0.616667,0.283333,0.1,,7700,,
0,1,,0.061905,0.673016,0.265079,,7000,,
0,2,,0.3,0.166667,0.533333,,6400,,
0,1,,0.1,0.533333,0.366667,,8000,,
0,2,,0.2,0.2,0.6,,6300,,
0,2,,0.0375,0.03125,0.93125,,6100,,
0,1,,0.314286,0.557143,0.128571,,3400,,
0,2,,0.325,0.225,0.45,,6200,,
0,0,,0.7,0.14,0.16,,7100,,
0,1,,0.15,0.65,0.2,,6500,,
0,1,,0.233333,0.4125,0.354167,,7100,,
0,2,,0,0.4,0.6,,5000,,
0,1,,0.135897,0.65641,0.207692,,7300,,
0,2,,0.225,0.270833,0.504167,,7000,,
0,0,,0.445,0.365,0.19,,6900,,
0,0,,0.6,0.233333,0.166667,,8100,,
0,2,,0.153333,0.35,0.496667,,8500,,
0,1,,0.066667,0.634583,0.29875,,5200,,
0,2,,0,0.05,0.95,,5300,,
0,2,,0.1625,0.320833,0.516667,,5000,,
0,0,,0.604762,0.214286,0.180952,,9000,,
0,2,,0.344444,0.27037,0.385185,,5400,,
0,0,,0.5,0.206667,0.293333,,7000,,
0,2,,0.004762,0.27381,0.721429,,5900,,
0,2,,0.3,0.3,0.4,,6700,,
0,1,,0.1125,0.512879,0.374621,,6600,,
0,2,,0,0.4,0.6,,6100,,
0,0,,0.7,0,0.3,,7700,,
0,2,,0.3,0,0.7,,8100,,
0,2,,0.24,0.34,0.42,,6600,,
0,2,,0.166667,0.320635,0.512698,,6800,,
0,1,,0.05,0.507143,0.442857,,6900,,
0,2,,0.2,0.1,0.7,,6700,,
0,1,,0.05,0.475,0.475,,5000,,
0,2,,0.2,0.306667,0.493333,,8300,,
0,2,,0.2,0.016667,0.783333,,5600,,
0,2,,0.15,0.228571,0.621429,,8500,,
0,2,,0.2,0.2,0.6,,5900,,
0,1,,0.233333,0.555556,0.211111,,5400,,
0,0,,0.735714,0.15,0.114286,,7600,,
0,2,,0.377778,0,0.622222,,6400,,
0,2,,0.21875,0.12625,0.655,,5900,,
0,1,,0.230769,0.528846,0.240385,,6000,,
0,1,,0.3125,0.459722,0.227778,,6900,,
0,2,,0,0.1,0.9,,8500,,
0,2,,0.03,0.31,0.66,,5700,,
0,0,,0.595833,0.1,0.304167,,3100,,
0,2,,0.109091,0.190909,0.7,,7900,,
0,2,,0.216667,0.090196,0.693137,,8100,,
0,2,,0.436111,0.122222,0.441667,,7000,,
0,2,,0.3,0.2,0.5,,6300,,
0,1,,0.3,0.5,0.2,,7700,,
0,0,,0.64,0.16,0.2,,6900,,
0,2,,0.116667,0,0.883333,,5300,,
0,1,,0.35,0.5,0.15,,5700,,
0,2,,0.02549,0.092647,0.881863,,2600,,
0,2,,0.347024,0.144048,0.508929,,8100,,
0,0,,0.480769,0.107692,0.411538,,7600,,
0,2,,0.102857,0.445714,0.451429,,7600,,
0,2,,0.125,0.275,0.6,,12100,,
0,2,,0.3,0.2,0.5,,5000,,
0,2,,0.145,0.22,0.635,,6000,,
0,1,,0.042857,0.5,0.457143,,7300,,
0,2,,0.111111,0,0.888889,,6000,,
0,1,,0.18,0.62,0.2,,4200,,
0,1,,0.125397,0.530159,0.344444,,5400,,
0,0,,0.445833,0.4125,0.141667,,7400,,
0,1,,0.2,0.4,0.4,,4900,,
0,2,,0.3,0.2,0.5,,5800,,
0,1,,0.125,0.466667,0.408333,,4300,,
0,2,,0.311429,0.325,0.363571,,4200,,
0,2,,0.1,0.39,0.51,,6000,,
0,2,,0.1,0.333333,0.566667,,6000,,
0,2,,0.1,0.216667,0.683333,,5000,,
0,1,,0.3,0.366667,0.333333,,6900,,
0,2,,0.325714,0.314286,0.36,,5200,,
0,2,,0.330256,0.117949,0.551795,,6000,,
0,2,,0.316667,0.173939,0.509394,,6200,,
0,2,,0.2,0.3,0.5,,7500,,
0,2,,0.1,0.4,0.5,,7200,,
0,2,,0.1,0.36,0.54,,4700,,
0,2,,0.04,0.188312,0.771688,,7000,,
0,0,,0.504444,0.173333,0.322222,,6400,,
0,1,,0.057143,0.528571,0.414286,,5000,,
0,2,,0.04,0.269524,0.690476,,6700,,
0,2,,0.162222,0.328889,0.508889,,7500,,
0,2,,0,0.2,0.8,,6500,,
0,2,,0.064286,0.445238,0.490476,,6500,,
0,1,,0.139683,0.438889,0.421429,,6300,,
0,2,,0.103214,0.266667,0.630119,,4400,,
0,0,,0.7,0.3,0,,6100,,
0,2,,0.145,0.3,0.555,,4600,,
0,1,,0.2,0.8,0,,4300,,
0,2,,0.01,0.3,0.69,,6300,,
0,2,,0,0.3,0.7,,3700,,
0,0,,0.6025,0.225,0.1725,,5100,,
0,1,,0,0.5,0.5,,6800,,
0,2,,0,0.311111,0.688889,,7700,,
0,2,,0.366667,0.2,0.433333,,5200,,
0,2,,0.2,0.209091,0.590909,,5800,,
0,1,,0.142857,0.635714,0.221429,,7000,,
0,2,,0.2,0.3,0.5,,4500,,
0,0,,0.5,0.5,0,,4300,,
0,2,,0.250794,0.347619,0.401587,,6200,,
0,2,,0.108373,0.333797,0.55783,,3200,,
0,2,,0.1,0.1,0.8,,5000,,
0,1,,0.3,0.5,0.2,,6500,,
0,2,,0.0125,0.341667,0.645833,,7100,,
0,1,,0.328571,0.4,0.271429,,4600,,
0,2,,0.264754,0.207869,0.527377,,4000,,
0,2,,0,0.2,0.8,,5700,,
0,2,,0.2,0.304762,0.495238,,5400,,
0,0,,0.4,0.2,0.4,,6100,,
0,1,,0,0.93,0.07,,5600,,
0,2,,0.1,0.3,0.6,,5200,,
0,1,,0,0.738235,0.261765,,6400,,
0,2,,0.016667,0.333333,0.65,,7400,,
0,2,,0,0.05,0.95,,6200,,
0,2,,0.133333,0.222222,0.644444,,5600,,
0,2,,0.166667,0.38,0.453333,,5900,,
0,2,,0.416667,0.157143,0.42619,,3800,,
0,2,,0.2,0.15,0.65,,4700,,
0,0,,0.472619,0.207143,0.320238,,7200,,
0,0,,0.5,0.3,0.2,,5900,,
0,1,,0.2,0.7,0.1,,5700,,
0,2,,0.1,0.2,0.7,,5200,,
0,2,,0.211429,0.35,0.438571,,4800,,
0,2,,0.068738,0.36068,0.570583,,4100,,
0,2,,0,0,1,,4500,,
0,2,,0.257143,0.225,0.517857,,6100,,
0,2,,0.304348,0.204348,0.491304,,4400,,
0,2,,0.219048,0.376984,0.403968,,5800,,
0,1,,0.1,0.5,0.4,,4700,,
0,2,,0.075,0.2,0.725,,6500,,
0,2,,0.164286,0,0.835714,,5800,,
0,2,,0.1,0.25,0.65,,5200,,
0,2,,0.007143,0.1,0.892857,,5500,,
0,0,,0.633333,0.186667,0.18,,4500,,
0,2,,0.005263,0.262907,0.73183,,6400,,
0,2,,0.122941,0.37549,0.501569,,6200,,
0,2,,0,0.353333,0.646667,,5400,,
0,2,,0.1,0,0.9,,5400,,
0,2,,0.1,0.2,0.7,,4200,,
0,0,,0.596667,0.011111,0.392222,,6400,,
0,0,,0.5,0.25,0.25,,5500,,
0,1,,0,0.552381,0.447619,,5000,,
0,1,,0.22,0.5,0.28,,4700,,
0,0,,0.425,0.375,0.2,,5300,,
0,2,,0.275,0.325,0.4,,6100,,
0,2,,0.036765,0.111765,0.851471,,4200,,
0,1,,0.327778,0.447222,0.225,,6700,,
0,0,,0.561111,0.211111,0.227778,,3800,,
0,2,,0.1,0.1,0.8,,4000,,
0,0,,0.46,0.126667,0.413333,,4300,,
0,2,,0.26,0.1,0.64,,5100,,
0,2,,0.1,0.283333,0.616667,,5000,,
0,1,,0,0.5,0.5,,6200,,
0,2,,0.0625,0.4,0.5375,,6900,,
0,2,,0.366667,0.233333,0.4,,6600,,
0,0,,0.560606,0.109091,0.330303,,4700,,
0,1,,0.2,0.5,0.3,,5100,,
0,0,,0.422222,0.166667,0.411111,,5900,,
0,0,,0.841667,0.125,0.033333,,5400,,
0,1,,0,0.716667,0.283333,,6600,,
0,2,,0.066667,0.27,0.663333,,5700,,
0,2,,0.4,0.1,0.5,,5500,,
0,2,,0.22,0.38,0.4,,7600,,
0,0,,0.442038,0.432874,0.125088,,4600,,
0,2,,0.222222,0.377778,0.4,,6100,,
0,0,,0.466667,0.1,0.433333,,6900,,
0,2,,0.1,0.4,0.5,,4900,,
0,2,,0.373196,0.2114,0.415404,,5000,,
0,2,,0.1,0,0.9,,6500,,
0,2,,0.178333,0.3,0.521667,,5400,,
0,2,,0,0.347059,0.652941,,4400,,
0,1,,0.241176,0.417647,0.341176,,5600,,
0,2,,0.25,0.2,0.55,,6200,,
0,2,,0,0.1,0.9,,6300,,
0,2,,0.009091,0.26,0.730909,,5800,,
0,1,,0.114286,0.580952,0.304762,,4000,,
0,2,,0.3,0.066667,0.633333,,4200,,
0,1,,0.086071,0.765357,0.148571,,6200,,
0,1,,0.2,0.4,0.4,,5000,,
0,2,,0,0.4,0.6,,6600,,
0,0,,0.5,0.2,0.3,,5400,,
0,2,,0.075,0.45,0.475,,5100,,
0,2,,0.225,0.1,0.675,,6300,,
0,1,,0.133333,0.491667,0.375,,5700,,
0,2,,0.1,0.157143,0.742857,,6400,,
0,0,,0.44,0.14,0.42,,4900,,
0,2,,0.038095,0.322222,0.639683,,6600,,
0,2,,0.109524,0.3,0.590476,,5100,,
0,0,,0.5,0.2,0.3,,5200,,
0,2,,0.3,0.2,0.5,,5300,,
0,2,,0.1,0.1,0.8,,4600,,
0,1,,0.221667,0.661667,0.116667,,6200,,
0,1,,0,0.5,0.5,,6500,,
0,2,,0.1,0.1,0.8,,3300,,
0,2,,0.2,0.3,0.5,,6100,,
0,2,,0.177778,0.351389,0.470833,,5100,,
0,2,,0.3,0.2,0.5,,6200,,
0,2,,0.1,0.0375,0.8625,,6400,,
0,1,,0.182692,0.430769,0.386538,,5200,,
0,0,,0.675,0.1,0.225,,4700,,
0,1,,0.35,0.433333,0.216667,,4900,,
0,0,,0.555914,0.186022,0.258065,,4100,,
0,0,,0.710606,0.083333,0.206061,,4200,,
0,2,,0.3,0.148333,0.551667,,6800,,
0,1,,0.291667,0.508333,0.2,,3900,,
0,2,,0.2,0.375,0.425,,5900,,
0,2,,0.032051,0.27619,0.691758,,6300,,
0,2,,0,0.3,0.7,,5100,,
0,1,,0.2,0.5,0.3,,4400,,
0,2,,0.025,0.329412,0.645588,,6100,,
0,2,,0.248718,0.1,0.651282,,6100,,
0,2,,0.1,0.15,0.75,,5500,,
0,2,,0.129167,0.1125,0.758333,,4000,,
0,2,,0.064286,0.267857,0.667857,,6700,,
0,0,,0.5,0.3,0.2,,5000,,
0,1,,0,0.7,0.3,,3700,,
0,2,,0,0.4,0.6,,4900,,
0,2,,0.1,0.3,0.6,,4600,,
0,0,,0.366667,0.3,0.333333,,5300,,
0,1,,0.214085,0.640845,0.14507,,6300,,
0,0,,0.433333,0.266667,0.3,,4600,,
0,0,,0.45,0.3,0.25,,4700,,
0,2,,0.4125,0,0.5875,,5600,,
0,2,,0.2,0.34,0.46,,4200,,
0,2,,0.208333,0.302381,0.489286,,4500,,
0,1,,0.3,0.4,0.3,,6500,,
0,2,,0.1,0.3,0.6,,4100,,
0,2,,0.286111,0.1,0.613889,,8000,,
0,2,,0.114286,0,0.885714,,6600,,
0,2,,0,0.4,0.6,,4800,,
0,2,,0.322222,0.022222,0.655556,,5000,,
0,2,,0.145,0.14,0.715,,5500,,
0,2,,0,0.2,0.8,,6600,,
0,2,,0.25,0.275,0.475,,4800,,
0,2,,0.007143,0.310714,0.682143,,7100,,
0,0,,0.5,0.038462,0.461538,,4600,,
0,2,,0.2,0.32,0.48,,6000,,
0,0,,0.5,0.1,0.4,,2900,,
0,2,,0.107692,0.261538,0.630769,,5600,,
0,2,,0.280769,0.218462,0.500769,,4800,,
0,2,,0.333333,0.175,0.491667,,4400,,
0,2,,0.033333,0.45,0.516667,,6500,,
0,1,,0.1375,0.6,0.2625,,6500,,
0,1,,0.045,0.83,0.125,,4900,,
0,0,,0.5,0.157143,0.342857,,4200,,
0,2,,0.332738,0.025,0.642262,,5800,,
0,2,,0.125926,0.277778,0.596296,,6100,,
0,0,,0.4,0.4,0.2,,5000,,
0,1,,0.216667,0.427778,0.355556,,5900,,
0,2,,0.207143,0.316667,0.47619,,4400,,
0,0,,0.473333,0.06,0.466667,,4400,,
0,2,,0.1,0.133333,0.766667,,6700,,
0,0,,0.4,0.375,0.225,,3400,,
0,1,,0,0.65,0.35,,7800,,
0,0,,0.4,0.2625,0.3375,,6700,,
0,0,,0.4,0.3,0.3,,8900,,
0,2,,0,0.488095,0.511905,,6100,,
0,0,,0.5,0.2,0.3,,9100,,
0,2,,0.028571,0.357143,0.614286,,7800,,
0,2,,0.35,0,0.65,,5900,,
0,1,,0.005556,0.525,0.469444,,10200,,
0,1,,0.268832,0.673258,0.05791,,6200,,
0,1,,0.114286,0.557143,0.328571,,9100,,
0,2,,0.010526,0.015789,0.973684,,6700,,
0,0,,0.44,0.173333,0.386667,,10900,,
0,0,,0.441667,0.158333,0.4,,5500,,
0,2,,0.1,0.3,0.6,,5400,,
0,1,,0.125,0.45,0.425,,7700,,
0,1,,0,0.5,0.5,,10200,,
0,0,,0.415385,0.284615,0.3,,4100,,
0,2,,0.082857,0.352857,0.564286,,8500,,
0,2,,0.15,0,0.85,,8600,,
0,2,,0.06,0.377778,0.562222,,10500,,
0,1,,0.31,0.45,0.24,,5100,,
0,2,,0.1,0,0.9,,6100,,
0,2,,0.1,0.1,0.8,,7000,,
0,1,,0.12,0.651111,0.228889,,6900,,
0,0,,0.370234,0.294983,0.334783,,7500,,
0,1,,0.172222,0.572222,0.255556,,6900,,
0,0,,0.4,0.266667,0.333333,,6400,,
0,0,,0.4,0.2,0.4,,6000,,
0,1,,0.121429,0.528571,0.35,,8300,,
0,1,,0.3,0.5,0.2,,6200,,
0,2,,0.408929,0.0625,0.528571,,6500,,
0,2,,0.041595,0.20625,0.752155,,7100,,
0,0,,0.5,0.5,0,,5400,,
0,2,,0.3,0.014286,0.685714,,8400,,
0,2,,0,0.3625,0.6375,,9200,,
0,1,,0.3,0.672727,0.027273,,6400,,
0,0,,0.588571,0.138571,0.272857,,6200,,
0,2,,0.048571,0.214286,0.737143,,4500,,
0,1,,0,0.5,0.5,,8400,,
0,0,,0.58,0.22,0.2,,5700,,
0,2,,0.2,0.185714,0.614286,,5800,,
0,1,,0,0.795,0.205,,6900,,
0,2,,0.311111,0.133333,0.555556,,7400,,
0,1,,0,0.75,0.25,,5700,,
0,1,,0.204167,0.4775,0.318333,,7000,,
0,2,,0.402857,0.113333,0.48381,,4500,,
0,2,,0.2,0.3,0.5,,6300,,
0,1,,0.37,0.406667,0.223333,,8900,,
0,1,,0,0.64,0.36,,6200,,
0,1,,0.131933,0.721849,0.146218,,7200,,
0,2,,0.1,0.228571,0.671429,,7100,,
0,2,,0.246667,0.208333,0.545,,7000,,
0,2,,0.1,0.406,0.494,,9000,,
0,1,,0.233333,0.606667,0.16,,8400,,
0,0,,0.44011,0.315934,0.243956,,8200,,
0,0,,0.408333,0.366667,0.225,,7700,,
0,1,,0.066667,0.733333,0.2,,5900,,
0,0,,0.415625,0.234375,0.35,,5100,,
0,2,,0.266667,0.258333,0.475,,9300,,
0,0,,0.6,0.125,0.275,,7400,,
0,0,,0.55,0.2,0.25,,7000,,
0,1,,0.08,0.553333,0.366667,,5800,,
0,2,,0.25,0.2,0.55,,9400,,
0,2,,0.384615,0.083077,0.532308,,7600,,
0,1,,0.4,0.449107,0.150893,,8000,,
0,2,,0.106061,0.440152,0.453788,,9700,,
0,1,,0.05,0.55,0.4,,5900,,
0,2,,0.196667,0.156667,0.646667,,12700,,
0,2,,0.183333,0.2,0.616667,,8400,,
0,0,,0.6,0.2,0.2,,5100,,
0,2,,0.1,0.3,0.6,,8700,,
0,1,,0.208333,0.466667,0.325,,10400,,
0,2,,0.35,0.1,0.55,,5100,,
0,1,,0.3,0.6,0.1,,5800,,
0,1,,0.256364,0.399091,0.344545,,7500,,
0,1,,0,0.566667,0.433333,,8800,,
0,2,,0.088889,0.361111,0.55,,9100,,
0,1,,0.329412,0.629412,0.041176,,4900,,
0,2,,0.027027,0.128378,0.844595,,8100,,
0,2,,0.16,0.326667,0.513333,,8600,,
0,2,,0.1,0.1,0.8,,7300,,
0,1,,0.2,0.5,0.3,,6500,,
0,1,,0,0.75,0.25,,6300,,
0,2,,0.166667,0.333333,0.5,,7300,,
0,2,,0.1,0.247619,0.652381,,6800,,
0,2,,0.30625,0.08375,0.61,,5900,,
0,0,,0.45,0.375,0.175,,5700,,
0,2,,0.2,0.25,0.55,,5200,,
0,2,,0.2,0.3,0.5,,8200,,
0,1,,0,0.6,0.4,,5500,,
0,1,,0.225,0.530556,0.244444,,8700,,
0,1,,0.109091,0.474584,0.416325,,7100,,
0,2,,0,0.1,0.9,,5700,,
0,1,,0.133333,0.48,0.386667,,6400,,
0,2,,0.1,0.1,0.8,,10300,,
0,1,,0.108333,0.479167,0.4125,,7100,,
0,2,,0.446875,0.015625,0.5375,,8000,,
0,2,,0.1,0.333333,0.566667,,7500,,
0,2,,0.25,0.226667,0.523333,,7900,,
0,0,,0.4,0.3,0.3,,6800,,
0,1,,0.2,0.5,0.3,,8700,,
0,2,,0.23125,0.2125,0.55625,,10900,,
0,2,,0.075,0.1,0.825,,4200,,
0,2,,0.2,0.2,0.6,,8800,,
0,0,,0.479762,0.207143,0.313095,,4900,,
0,2,,0.233333,0.033333,0.733333,,5300,,
0,0,,0.514336,0.01958,0.466084,,4900,,
0,0,,0.52,0.38,0.1,,3900,,
0,2,,0.1,0.166667,0.733333,,4600,,
0,2,,0.061905,0.216667,0.721429,,5900,,
0,2,,0.1,0.4,0.5,,6400,,
0,0,,0.484231,0.235,0.280769,,4300,,
0,2,,0.02,0.3975,0.5825,,6300,,
0,0,,0.4,0.4,0.2,,4900,,
0,2,,0.233333,0.216667,0.55,,5100,,
0,1,,0.288889,0.6,0.111111,,4500,,
0,1,,0.1,0.5,0.4,,6500,,
0,2,,0.191667,0.17,0.638333,,7000,,
0,2,,0.404902,0.011765,0.583333,,6600,,
0,1,,0.1,0.531818,0.368182,,5100,,
0,2,,0.275325,0.184805,0.53987,,6000,,
0,2,,0.15,0.3,0.55,,4200,,
0,1,,0.2,0.444444,0.355556,,6200,,
0,1,,0.1,0.643333,0.256667,,6100,,
0,1,,0.233333,0.4,0.366667,,4100,,
0,2,,0.1,0.3,0.6,,5200,,
0,0,,0.4,0.4,0.2,,5100,,
0,1,,0.2,0.65,0.15,,6100,,
0,2,,0.24,0.1325,0.6275,,5200,,
0,2,,0,0.1,0.9,,4200,,
0,2,,0.1,0.3,0.6,,4400,,
0,1,,0.216667,0.433333,0.35,,6000,,
0,2,,0.287179,0,0.712821,,5100,,
0,1,,0.2,0.4,0.4,,7000,,
0,2,,0.3,0.2,0.5,,6400,,
0,0,,0.5,0.35,0.15,,4600,,
0,2,,0,0.1,0.9,,6000,,
0,1,,0.2,0.483333,0.316667,,6500,,
0,0,,0.4,0.2,0.4,,3900,,
0,2,,0.1,0.1,0.8,,4800,,
0,1,,0,0.8,0.2,,7600,,
0,2,,0.2,0.242857,0.557143,,6900,,
0,1,,0.053289,0.686842,0.259868,,4500,,
0,2,,0.3,0.197222,0.502778,,7900,,
0,2,,0.016667,0.333333,0.65,,6600,,
0,2,,0.089286,0.282143,0.628571,,6300,,
0,2,,0.039686,0.308855,0.651459,,5700,,
0,0,,0.55,0.225,0.225,,5600,,
0,2,,0.108333,0.2375,0.654167,,7400,,
0,2,,0.13254,0.105556,0.761905,,5300,,
0,2,,0.3,0.32,0.38,,7200,,
0,0,,0.466667,0.183333,0.35,,5700,,
0,2,,0.28,0.2,0.52,,5600,,
0,0,,0.433333,0.366667,0.2,,7600,,
0,0,,0.5,0.4,0.1,,5500,,
0,1,,0.11,0.61,0.28,,6500,,
0,2,,0.05,0.28,0.67,,4000,,
0,2,,0.299425,0.26954,0.431034,,5200,,
0,0,,0.6,0.336364,0.063636,,4600,,
0,2,,0.128531,0.250555,0.620915,,4400,,
0,2,,0.1,0.4,0.5,,7000,,
0,2,,0.1,0.1,0.8,,4900,,
0,2,,0.138384,0.142424,0.719192,,5800,,
0,2,,0.075556,0.36,0.564444,,5300,,
0,2,,0.1,0.3,0.6,,6800,,
0,2,,0.322222,0.222222,0.455556,,6100,,
0,2,,0.133333,0.36,0.506667,,4800,,
0,1,,0.22,0.54,0.24,,4700,,
0,2,,0.309091,0.009091,0.681818,,4100,,
0,2,,0.033333,0.1,0.866667,,3900,,
0,2,,0.216667,0.066667,0.716667,,5000,,
0,1,,0,0.606667,0.393333,,4900,,
0,2,,0.2,0,0.8,,5500,,
0,2,,0,0.3,0.7,,6000,,
0,0,,0.625,0.008333,0.366667,,4100,,
0,1,,0.228571,0.428571,0.342857,,6400,,
0,2,,0,0.366667,0.633333,,6600,,
0,2,,0.105556,0.3,0.594444,,5800,,
0,1,,0.121053,0.447368,0.431579,,4400,,
0,2,,0.1,0,0.9,,6200,,
0,0,,0.6,0.1,0.3,,4700,,
0,1,,0.344444,0.5,0.155556,,5400,,
0,2,,0.1,0.165833,0.734167,,9100,,
0,1,,0.104762,0.67619,0.219048,,6000,,
0,0,,0.634286,0.16,0.205714,,5200,,
0,2,,0.2125,0.270833,0.516667,,6600,,
0,2,,0.15,0.2125,0.6375,,5000,,
0,2,,0.325,0,0.675,,5300,,
0,1,,0.3,0.566667,0.133333,,5500,,
0,2,,0.1,0,0.9,,4800,,
0,2,,0.225,0.375,0.4,,7500,,
0,2,,0,0.285714,0.714286,,6500,,
0,2,,0,0.125,0.875,,6000,,
0,2,,0.2,0.3,0.5,,5100,,
0,2,,0.116667,0.096667,0.786667,,5000,,
0,2,,0.2,0.1,0.7,,4400,,
0,2,,0.358696,0.281522,0.359783,,3200,,
0,1,,0.111111,0.622222,0.266667,,5200,,
0,2,,0.314286,0.285714,0.4,,4800,,
0,1,,0.366667,0.45,0.183333,,4300,,
0,2,,0.114286,0.418367,0.467347,,3900,,
0,2,,0.1,0.4,0.5,,5800,,
0,2,,0.25,0.016667,0.733333,,4600,,
0,0,,0.7,0.2,0.1,,5400,,
0,0,,0.375714,0.314286,0.31,,3600,,
0,2,,0.102439,0.021951,0.87561,,5200,,
0,1,,0.243229,0.540625,0.216146,,4600,,
0,2,,0,0.2,0.8,,5800,,
0,2,,0.03376,0.277749,0.688491,,4700,,
0,1,,0.3,0.6,0.1,,4300,,
0,2,,0.010526,0.1,0.889474,,5200,,
0,1,,0,0.6,0.4,,4400,,
0,2,,0.4375,0.1,0.4625,,4600,,
0,2,,0.408772,0.131579,0.459649,,4000,,
0,2,,0,0,1,,4300,,
0,1,,0.014286,0.657143,0.328571,,46200,,
0,1,,0,0.9,0.1,,5800,,
0,2,,0.016667,0.241667,0.741667,,6300,,
0,2,,0.1,0.35,0.55,,5800,,
0,1,,0.107143,0.514286,0.378571,,5700,,
0,2,,0.219048,0.257143,0.52381,,5800,,
0,0,,0.711667,0.175,0.113333,,5600,,
0,1,,0,0.55,0.45,,5700,,
0,2,,0,0.4,0.6,,4900,,
0,2,,0.3,0.3,0.4,,5600,,
0,1,,0.2625,0.4275,0.31,,5800,,
0,2,,0.026316,0.147368,0.826316,,4500,,
0,1,,0.4,0.6,0,,5600,,
0,2,,0.001449,0.313768,0.684783,,5000,,
0,1,,0.32,0.37,0.31,,5700,,
0,0,,0.393333,0.243333,0.363333,,5500,,
0,1,,0.18,0.42,0.4,,4700,,
0,1,,0,0.6,0.4,,5800,,
0,2,,0.236364,0.245455,0.518182,,4000,,
0,2,,0.22,0.28,0.5,,6500,,
0,2,,0.066667,0.4,0.533333,,6100,,
0,2,,0.2,0.3,0.5,,5100,,
0,2,,0.4,0.1,0.5,,5200,,
0,2,,0.1,0.014286,0.885714,,4800,,
0,0,,0.654167,0.004167,0.341667,,5200,,
0,2,,0.341667,0.189583,0.46875,,5900,,
0,2,,0.2,0,0.8,,6500,,
0,0,,0.7,0,0.3,,3900,,
0,2,,0.1,0.2,0.7,,4500,,
0,2,,0.2,0.3,0.5,,4800,,
0,1,,0.066667,0.83,0.103333,,4500,,
0,2,,0.033333,0.366667,0.6,,4100,,
0,0,,0.5,0.188889,0.311111,,6200,,
0,2,,0.4,0.1,0.5,,5600,,
0,1,,0.1,0.6,0.3,,5200,,
0,2,,0.1625,0.225,0.6125,,6100,,
0,2,,0.333333,0.311111,0.355556,,6000,,
0,2,,0.2,0.3,0.5,,5300,,
0,2,,0.25,0.239286,0.510714,,5400,,
0,2,,0.022569,0.226611,0.75082,,4200,,
0,1,,0.3,0.6,0.1,,4100,,
0,2,,0,0.1,0.9,,6700,,
0,2,,0,0.15,0.85,,4600,,
0,0,,0.45,0.45,0.1,,5500,,
0,2,,0.034028,0.334722,0.63125,,3300,,
0,1,,0.376923,0.6,0.023077,,4900,,
0,2,,0.12,0.1,0.78,,5000,,
0,2,,0,0.22,0.78,,4900,,
0,0,,0.457143,0.1,0.442857,,5300,,
0,1,,0.106061,0.557576,0.336364,,4800,,
0,0,,0.6,0.1,0.3,,4900,,
0,2,,0.4,0,0.6,,5000,,
0,2,,0.013636,0.34,0.646364,,4600,,
0,2,,0.308333,0.233333,0.458333,,5500,,
0,2,,0.173631,0.309128,0.517241,,5900,,
0,1,,0,0.771429,0.228571,,7200,,
0,2,,0.333333,0.109524,0.557143,,4800,,
0,2,,0.3125,0.264167,0.423333,,6700,,
0,2,,0.32381,0.117227,0.558964,,4600,,
0,2,,0.178571,0.321429,0.5,,7100,,
0,2,,0.286364,0.1,0.613636,,5400,,
0,0,,0.775,0.1,0.125,,4600,,
0,2,,0.253333,0.32,0.426667,,5200,,
0,2,,0.2,0.366667,0.433333,,4900,,
0,2,,0.15,0.125,0.725,,4300,,
0,2,,0.45,0,0.55,,5700,,
0,2,,0.05,0.45,0.5,,5400,,
0,2,,0,0.2,0.8,,5400,,
0,2,,0.235714,0.25,0.514286,,5200,,
0,2,,0.053333,0.126667,0.82,,5200,,
0,2,,0.22,0.12,0.66,,3400,,
0,2,,0.4,0.1,0.5,,5100,,
0,2,,0.35,0.216667,0.433333,,5900,,
0,2,,0.2,0.2,0.6,,5600,,
0,0,,0.5875,0.4125,0,,4000,,
0,1,,0,0.683333,0.316667,,4800,,
0,2,,0.1525,0.411667,0.435833,,4000,,
0,2,,0.04,0.25,0.71,,3200,,
0,2,,0.140476,0,0.859524,,4300,,
0,2,,0.225641,0.217949,0.55641,,4000,,
0,1,,0,0.959259,0.040741,,4700,,
0,0,,0.557143,0.085714,0.357143,,5300,,
0,2,,0,0.416667,0.583333,,5800,,
0,2,,0.2,0.15,0.65,,7000,,
0,2,,0.1,0.4,0.5,,4700,,
0,2,,0.25,0,0.75,,3600,,
0,0,,0.45,0.3,0.25,,3900,,
0,0,,0.359167,0.3375,0.303333,,4800,,
0,1,,0.1,0.6,0.3,,4800,,
0,1,,0.280556,0.369444,0.35,,5700,,
0,2,,0.3,0.233333,0.466667,,5400,,
0,2,,0.283333,0.2,0.516667,,5700,,
0,2,,0.2,0.2,0.6,,4500,,
0,2,,0.15,0.275,0.575,,5700,,
0,2,,0.007143,0.314286,0.678571,,6100,,
0,0,,0.45,0.2,0.35,,3400,,
0,2,,0.133333,0.091667,0.775,,4600,,
0,2,,0.11875,0.30625,0.575,,5400,,
0,2,,0.25,0.25,0.5,,4100,,
0,1,,0.016667,0.716667,0.266667,,4800,,
0,2,,0.1,0.3,0.6,,5000,,
0,2,,0.2,0.1,0.7,,4100,,
0,0,,0.485897,0.183333,0.330769,,7300,,
0,1,,0.209016,0.535702,0.255282,,8200,,
0,0,,0.406667,0.273333,0.32,,7200,,
0,0,,0.4,0.2,0.4,,6100,,
0,2,,0.4,0.1,0.5,,5700,,
0,2,,0.00875,0.00125,0.99,,4100,,
0,2,,0.127273,0.363636,0.509091,,5500,,
0,1,,0.216667,0.487302,0.296032,,6400,,
0,0,,0.74,0.05,0.21,,4300,,
0,2,,0.35,0.2,0.45,,5700,,
0,2,,0.025,0.25,0.725,,4700,,
0,2,,0.042857,0.35,0.607143,,3900,,
0,2,,0.3,0.3,0.4,,4900,,
0,1,,0,0.65,0.35,,4900,,
0,0,,0.433333,0.420833,0.145833,,3700,,
0,0,,0.4925,0.42125,0.08625,,4300,,
0,2,,0.125,0.238333,0.636667,,4600,,
0,2,,0.33,0.245,0.425,,5000,,
0,2,,0,0.265,0.735,,5600,,
0,2,,0.4,0.1,0.5,,5000,,
0,2,,0.19,0.366667,0.443333,,4800,,
0,2,,0.3,0.3,0.4,,4000,,
0,2,,0.3,0.233333,0.466667,,4600,,
0,1,,0,0.7,0.3,,5500,,
0,2,,0.2,0.1,0.7,,4300,,
0,2,,0.1,0.266667,0.633333,,4700,,
0,1,,0.2,0.74,0.06,,4800,,
0,0,,0.611688,0.145455,0.242857,,5300,,
0,2,,0.395,0.205,0.4,,5700,,
0,2,,0.2,0.3,0.5,,5000,,
0,1,,0.1,0.5,0.4,,4100,,
0,0,,0.769115,0.010816,0.220069,,4400,,
0,2,,0.12,0.033333,0.846667,,6100,,
0,1,,0.222222,0.4,0.377778,,5200,,
0,2,,0,0.4,0.6,,4100,,
0,2,,0.215385,0.2,0.584615,,4100,,
0,2,,0,0.3,0.7,,5000,,
0,2,,0.15,0.191667,0.658333,,5800,,
0,2,,0.033333,0.2,0.766667,,4900,,
0,2,,0.3,0.2,0.5,,5400,,
0,2,,0,0.36,0.64,,5600,,
0,2,,0.025,0.441667,0.533333,,6200,,
0,0,,0.557647,0.187059,0.255294,,5000,,
0,0,,0.4,0.3,0.3,,4800,,
0,1,,0.4,0.6,0,,5300,,
0,2,,0.12,0.2,0.68,,5200,,
0,2,,0,0.4,0.6,,5500,,
0,2,,0.255556,0.311111,0.433333,,3500,,
0,2,,0.225,0.12,0.655,,6100,,
0,2,,0,0.274504,0.725496,,5600,,
0,2,,0.15,0.4,0.45,,4800,,
0,1,,0.05,0.55,0.4,,4600,,
0,2,,0.185714,0.314286,0.5,,6000,,
0,2,,0.133333,0.014286,0.852381,,4000,,
0,2,,0.15,0.35,0.5,,5800,,
0,2,,0.028571,0.257143,0.714286,,5600,,
0,2,,0.305238,0.220476,0.474286,,5000,,
0,2,,0.29,0.26,0.45,,5400,,
0,0,,0.781818,0.1,0.118182,,6200,,
0,2,,0.25,0.25,0.5,,4700,,
0,0,,0.533333,0.1,0.366667,,6400,,
0,1,,0.230303,0.409091,0.360606,,6700,,
0,2,,0.28,0.033333,0.686667,,6200,,
0,2,,0.1,0.2,0.7,,5900,,
0,2,,0.175325,0,0.824675,,5400,,
0,1,,0.125,0.775,0.1,,4500,,
0,0,,0.409091,0.261905,0.329004,,6100,,
0,1,,0,0.7,0.3,,5400,,
0,2,,0.022222,0.455556,0.522222,,5700,,
0,2,,0.174545,0.185455,0.64,,4600,,
0,2,,0.1,0.3,0.6,,5200,,
0,2,,0.242857,0.128571,0.628571,,3400,,
0,2,,0.030952,0.27381,0.695238,,4900,,
0,0,,0.686364,0.313636,0,,4000,,
0,2,,0.12,0.1,0.78,,5900,,
0,2,,0,0.1,0.9,,4700,,
0,2,,0.016,0.104,0.88,,4000,,
0,2,,0,0.2,0.8,,4200,,
0,2,,0.3,0.207143,0.492857,,3400,,
0,2,,0,0.133333,0.866667,,5700,,
0,2,,0.258333,0,0.741667,,4600,,
0,1,,0.3,0.5,0.2,,6600,,
0,0,,0.6,0.033333,0.366667,,5600,,
0,0,,0.575,0.2,0.225,,5700,,
0,2,,0.22,0.1,0.68,,3900,,
0,2,,0.233333,0,0.766667,,4300,,
0,2,,0.258889,0.32,0.421111,,3600,,
0,1,,0,0.54,0.46,,5900,,
0,0,,0.561176,0.385882,0.052941,,5400,,
0,2,,0.16,0.4,0.44,,5000,,
0,2,,0.14,0.148462,0.711538,,5300,,
0,2,,0,0.05,0.95,,5100,,
0,2,,0.105556,0.17598,0.718464,,4800,,
0,1,,0.2,0.633333,0.166667,,5000,,
0,1,,0.233333,0.5,0.266667,,5200,,
0,0,,0.4,0.4,0.2,,4900,,
0,1,,0.13,0.52,0.35,,3900,,
0,0,,0.497199,0.326891,0.17591,,4700,,
0,2,,0.3,0.2,0.5,,5600,,
0,2,,0,0.15,0.85,,4400,,
0,2,,0.011111,0.044444,0.944444,,4800,,
0,2,,0.25,0.3,0.45,,5300,,
0,2,,0.225,0.075,0.7,,4000,,
0,0,,0.557143,0.175,0.267857,,4200,,
0,1,,0,0.671429,0.328571,,7800,,
0,2,,0.233333,0.36,0.406667,,4100,,
0,1,,0,0.6,0.4,,5900,,
0,2,,0,0.3,0.7,,6500,,
0,2,,0.072061,0,0.927939,,4900,,
0,2,,0.2,0.3,0.5,,4100,,
0,1,,0.128571,0.6,0.271429,,5900,,
0,2,,0.430606,0.009091,0.560303,,5800,,
0,0,,0.62,0.28,0.1,,3500,,
0,0,,0.55,0.35,0.1,,4800,,
0,1,,0.4,0.5,0.1,,3700,,
0,2,,0.1,0.3,0.6,,5400,,
0,1,,0.1,0.52,0.38,,6200,,
0,2,,0.15,0.1,0.75,,5000,,
0,2,,0.1,0.1,0.8,,5500,,
0,0,,0.5,0.18,0.32,,4400,,
0,0,,0.7625,0.0125,0.225,,6100,,
0,1,,0.1,0.54,0.36,,6300,,
0,2,,0.3,0.3,0.4,,5000,,
0,2,,0.225,0,0.775,,3400,,
0,0,,0.5,0.4,0.1,,2900,,
0,2,,0.236364,0.109091,0.654545,,5900,,
0,0,,0.6,0.1,0.3,,4800,,
0,0,,0.6,0.2,0.2,,4900,,
0,1,,0.172727,0.493182,0.334091,,3100,,
0,2,,0.4,0.1,0.5,,4900,,
0,2,,0.05,0.15,0.8,,6000,,
0,1,,0.017647,0.54958,0.432773,,7100,,
0,1,,0.010227,0.85303,0.136742,,4700,,
0,2,,0.1,0.218182,0.681818,,6700,,
0,2,,0.011111,0.288889,0.7,,5100,,
0,1,,0.2,0.425,0.375,,5700,,
0,2,,0.2,0.255556,0.544444,,4700,,
0,1,,0.2,0.528571,0.271429,,6200,,
0,2,,0.1,0.216667,0.683333,,2500,,
0,2,,0.257143,0.14,0.602857,,6300,,
0,2,,0.21,0.39,0.4,,3800,,
0,1,,0.179915,0.714957,0.105128,,4600,,
0,2,,0.044314,0.36,0.595686,,4300,,
0,2,,0.353125,0.028125,0.61875,,4700,,
0,1,,0,0.675,0.325,,5800,,
0,2,,0.3,0.3,0.4,,4000,,
0,2,,0.32185,0.286683,0.391467,,4900,,
0,0,,0.629412,0.135294,0.235294,,4800,,
0,2,,0,0.466667,0.533333,,6000,,
0,1,,0,0.775,0.225,,3500,,
0,2,,0,0.3,0.7,,4500,,
0,2,,0.1,0.4,0.5,,4300,,
0,2,,0.164286,0.164286,0.671429,,6100,,
0,0,,0.56,0.3,0.14,,4300,,
0,2,,0.1,0.41,0.49,,5300,,
0,2,,0,0.3,0.7,,3600,,
0,1,,0.1,0.525,0.375,,5100,,
0,2,,0,0.483333,0.516667,,5700,,
0,1,,0.233333,0.566667,0.2,,3500,,
0,2,,0.4375,0.0625,0.5,,5500,,
0,1,,0.204167,0.4125,0.383333,,5000,,
0,2,,0.114286,0.330952,0.554762,,5200,,
0,1,,0,0.5,0.5,,5800,,
0,0,,0.4,0.3,0.3,,3800,,
0,1,,0,0.5,0.5,,3700,,
0,0,,0.5,0,0.5,,6800,,
0,2,,0.35,0.266667,0.383333,,4700,,
0,2,,0.345833,0.129167,0.525,,4800,,
0,1,,0.007143,0.535714,0.457143,,4500,,
0,2,,0.235417,0.266667,0.497917,,5900,,
0,2,,0.05,0.125,0.825,,4200,,
0,0,,0.533333,0.208333,0.258333,,4200,,
0,2,,0.1,0.3,0.6,,6500,,
0,2,,0.2,0.35,0.45,,6100,,
0,1,,0,0.8,0.2,,4100,,
0,1,,0.151111,0.648889,0.2,,4200,,
0,2,,0.3,0,0.7,,4300,,
0,1,,0.123529,0.544444,0.332026,,3600,,
0,0,,0.4,0.3,0.3,,5300,,
0,2,,0,0.4,0.6,,6900,,
0,1,,0.02,0.528,0.452,,5800,,
0,2,,0.14,0.225,0.635,,4100,,
0,0,,0.5,0.2,0.3,,2800,,
0,2,,0.230472,0.363101,0.406427,,5400,,
0,1,,0.2,0.5,0.3,,5400,,
0,2,,0.223333,0.215128,0.561538,,3700,,
0,0,,0.466667,0.253333,0.28,,4200,,
0,1,,0.2,0.4,0.4,,5000,,
0,2,,0,0,1,,4800,,
0,2,,0.141667,0,0.858333,,5300,,
0,2,,0.1,0.3,0.6,,5900,,
0,1,,0.2,0.6,0.2,,4900,,
0,2,,0.1,0.1,0.8,,5200,,
0,0,,0.533772,0.207895,0.258333,,7600,,
0,0,,0.609091,0.245455,0.145455,,1900,,
0,2,,0.108,0.044,0.848,,4900,,
0,2,,0.1,0.14,0.76,,5100,,
0,0,,0.5,0.2,0.3,,4300,,
0,1,,0.02,0.73,0.25,,4200,,
0,2,,0.4,0.1,0.5,,5800,,
0,2,,0.2,0.3,0.5,,3400,,
0,1,,0.2,0.42,0.38,,6300,,
0,2,,0.1,0.238462,0.661538,,4700,,
0,2,,0.016783,0.134615,0.848601,,5400,,
0,2,,0.40303,0.033333,0.563636,,4300,,
0,2,,0,0.160833,0.839167,,4800,,
0,2,,0.281071,0.065,0.653929,,5000,,
0,2,,0.313333,0.266667,0.42,,3600,,
0,2,,0.3,0.32,0.38,,3300,,
0,2,,0,0.4,0.6,,4800,,
0,2,,0.05,0.425,0.525,,4700,,
0,1,,0.4,0.5,0.1,,4200,,
0,1,,0.1,0.45,0.45,,6000,,
0,2,,0.1,0.38,0.52,,5000,,
0,2,,0.206897,0.2,0.593103,,4000,,
0,0,,0.443333,0.14,0.416667,,6300,,
0,1,,0.2,0.65,0.15,,4700,,
0,1,,0.228571,0.68,0.091429,,3600,,
0,2,,0.253289,0.223026,0.523684,,4500,,
0,1,,0.18,0.42,0.4,,5200,,
0,1,,0.014286,0.851587,0.134127,,4600,,
0,2,,0.07,0.166667,0.763333,,4700,,
0,2,,0.314667,0.322667,0.362667,,4800,,
0,2,,0.15,0.2,0.65,,3700,,
0,2,,0.38,0.215789,0.404211,,3400,,
0,1,,0.1,0.775,0.125,,7000,,
0,1,,0,0.685714,0.314286,,4900,,
0,2,,0.4,0,0.6,,5000,,
0,1,,0.17,0.48,0.35,,4700,,
0,0,,0.5,0.2,0.3,,2300,,
0,2,,0.067778,0.091528,0.840694,,4500,,
0,0,,0.5,0,0.5,,5000,,
0,2,,0.1,0.1,0.8,,5000,,
0,1,,0.3,0.5,0.2,,4300,,
0,1,,0.1,0.75,0.15,,5300,,
0,1,,0.2,0.7,0.1,,4100,,
0,2,,0.108333,0.133333,0.758333,,4200,,
0,1,,0.142857,0.468571,0.388571,,5100,,
0,2,,0.314286,0,0.685714,,4600,,
0,2,,0,0.4,0.6,,4700,,
0,2,,0.05,0.383333,0.566667,,3700,,
0,2,,0.349524,0.045238,0.605238,,4400,,
0,2,,0,0.1,0.9,,4400,,
0,1,,0.141978,0.612527,0.245495,,4400,,
0,0,,0.483333,0.15,0.366667,,4200,,
0,2,,0.1,0.1,0.8,,4300,,
0,2,,0.1,0,0.9,,4000,,
0,1,,0.2,0.4,0.4,,131700,,
0,0,,0.5,0.1,0.4,,7900,,
0,2,,0.033333,0.366667,0.6,,5000,,
0,2,,0.206849,0.056073,0.737078,,7900,,
0,1,,0,0.5,0.5,,4800,,
0,2,,0.009091,0.2,0.790909,,4900,,
0,0,,0.45,0.233333,0.316667,,5600,,
0,2,,0,0.483333,0.516667,,6800,,
0,0,,0.708333,0.241667,0.05,,4800,,
0,2,,0.2525,0.3625,0.385,,5700,,
0,2,,0.116327,0.131156,0.752517,,4400,,
0,0,,0.569697,0.166667,0.263636,,5000,,
0,2,,0,0.275,0.725,,5300,,
0,0,,0.8,0.1,0.1,,3400,,
0,0,,0.466667,0.28,0.253333,,6600,,
0,1,,0.05,0.556667,0.393333,,6000,,
0,2,,0.3,0.214286,0.485714,,4900,,
0,2,,0.197101,0.221739,0.581159,,5100,,
0,2,,0.3,0.3,0.4,,5900,,
0,0,,0.55,0.35,0.1,,5900,,
0,2,,0.1,0.2,0.7,,5700,,
0,2,,0,0,1,,4000,,
0,2,,0.011765,0.311765,0.676471,,5600,,
0,2,,0.214286,0.114286,0.671429,,3700,,
0,2,,0.357143,0.232857,0.41,,4800,,
0,2,,0.23,0.11,0.66,,4900,,
0,2,,0.24,0.22,0.54,,5000,,
0,1,,0.24,0.618333,0.141667,,5900,,
0,2,,0.129167,0.4125,0.458333,,4200,,
0,2,,0.1,0.1,0.8,,4200,,
0,2,,0.2,0.2,0.6,,4300,,
0,2,,0.1,0.1,0.8,,4900,,
0,2,,0.3,0.05,0.65,,4000,,
0,0,,0.5125,0.25,0.2375,,4300,,
0,2,,0.283333,0.144444,0.572222,,5700,,
0,1,,0.05,0.55,0.4,,4700,,
0,2,,0.1,0.108333,0.791667,,4200,,
0,1,,0.1,0.5,0.4,,4200,,
0,1,,0.24375,0.60625,0.15,,5400,,
0,0,,0.725,0.05,0.225,,4700,,
0,0,,0.583333,0.016667,0.4,,5100,,
0,2,,0.311111,0,0.688889,,4600,,
0,2,,0.214286,0.257143,0.528571,,3700,,
0,0,,0.4,0.3,0.3,,6200,,
0,1,,0,0.666667,0.333333,,6100,,
0,2,,0.2,0.273077,0.526923,,4500,,
0,2,,0.3375,0.1,0.5625,,5200,,
0,2,,0.2,0.2,0.6,,4700,,
0,1,,0,0.8,0.2,,5100,,
0,2,,0.2,0.211111,0.588889,,4900,,
0,2,,0.225,0.216667,0.558333,,5200,,
0,0,,0.556792,0.117758,0.32545,,4400,,
0,0,,0.518831,0.313636,0.167532,,4700,,
0,2,,0.2,0.3,0.5,,5200,,
0,2,,0.214286,0.314286,0.471429,,4700,,
0,1,,0.3,0.466667,0.233333,,4400,,
0,2,,0.45,0.016667,0.533333,,4900,,
0,1,,0.033333,0.575,0.391667,,5400,,
0,2,,0,0.242857,0.757143,,5000,,
0,1,,0.3,0.7,0,,3600,,
0,1,,0.223333,0.508333,0.268333,,3500,,
0,2,,0.32,0.32,0.36,,3600,,
0,2,,0.004348,0.154891,0.840761,,7900,,
0,2,,0.1,0.4,0.5,,5800,,
0,2,,0.02,0.46,0.52,,4600,,
0,0,,0.616667,0.133333,0.25,,5200,,
0,0,,0.528571,0.1,0.371429,,4300,,
0,0,,0.6,0.107143,0.292857,,4100,,
0,2,,0,0.24,0.76,,4300,,
0,1,,0.158182,0.576364,0.265455,,4600,,
0,0,,0.44,0.33,0.23,,2900,,
0,2,,0.025,0.4125,0.5625,,6700,,
0,2,,0.213636,0.045455,0.740909,,5800,,
0,2,,0.266667,0.025,0.708333,,5100,,
0,2,,0,0.3,0.7,,5500,,
0,1,,0.2,0.7,0.1,,6000,,
0,2,,0,0.3,0.7,,5400,,
0,2,,0.485238,0.006667,0.508095,,5400,,
0,2,,0.25,0.15,0.6,,5000,,
0,2,,0.488587,0.011111,0.500302,,5100,,
0,2,,0.358889,0,0.641111,,4300,,
0,0,,0.5,0.275,0.225,,4200,,
0,2,,0.2,0,0.8,,3900,,
0,2,,0.4,0.1,0.5,,5400,,
0,2,,0,0.114286,0.885714,,6300,,
0,0,,0.661905,0.204762,0.133333,,4200,,
0,2,,0.316974,0.155914,0.527112,,5800,,
0,1,,0,0.583333,0.416667,,5900,,
0,1,,0.2,0.4,0.4,,5200,,
0,2,,0.1,0.283333,0.616667,,3800,,
0,1,,0.1,0.773214,0.126786,,4100,,
0,2,,0.22381,0.019048,0.757143,,3700,,
0,2,,0,0.3,0.7,,4200,,
0,2,,0.291111,0.236667,0.472222,,5500,,
0,2,,0.357143,0.1,0.542857,,5800,,
0,2,,0.211111,0.133333,0.655556,,4800,,
0,2,,0,0,1,,5900,,
0,2,,0.198333,0.082222,0.719444,,5000,,
0,2,,0.3,0,0.7,,4400,,
0,1,,0.410606,0.431439,0.157955,,5800,,
0,1,,0.021951,0.534146,0.443902,,5500,,
0,2,,0.379167,0.2,0.420833,,4800,,
0,0,,0.513333,0.07,0.416667,,6200,,
0,0,,0.5,0.1,0.4,,3500,,
0,2,,0.1,0.32381,0.57619,,4700,,
0,0,,0.386667,0.28,0.333333,,4400,,
0,1,,0.313187,0.366484,0.32033,,4900,,
0,2,,0.31,0.265,0.425,,6300,,
0,2,,0.233333,0.3,0.466667,,5800,,
0,2,,0.228571,0.371429,0.4,,4500,,
0,1,,0.163636,0.422727,0.413636,,5500,,
0,1,,0.2,0.8,0,,5500,,
0,1,,0.133333,0.466667,0.4,,5400,,
0,2,,0.225,0.25,0.525,,5400,,
0,2,,0.02,0.21,0.77,,5700,,
0,0,,0.4,0.4,0.2,,4900,,
0,1,,0.311111,0.544444,0.144444,,5200,,
0,1,,0.2,0.5,0.3,,4100,,
0,2,,0.12,0.305,0.575,,5300,,
0,0,,0.4,0.2,0.4,,4700,,
0,2,,0.2,0.14,0.66,,3400,,
0,1,,0.475,0.525,0,,3900,,
0,1,,0,0.842857,0.157143,,5200,,
0,0,,0.6,0.1,0.3,,5000,,
0,2,,0.13,0.4,0.47,,4400,,
0,1,,0.276444,0.399333,0.324222,,4800,,
0,2,,0.283333,0.154167,0.5625,,4000,,
0,2,,0.2,0.3,0.5,,4600,,
0,1,,0.135417,0.466667,0.397917,,3300,,
0,0,,0.452857,0.222143,0.325,,4100,,
0,1,,0.128571,0.514286,0.357143,,5000,,
0,2,,0.3,0.28,0.42,,4400,,
0,2,,0.2,0,0.8,,4400,,
0,0,,0.409091,0.290909,0.3,,4800,,
0,2,,0.2339,0.144815,0.621284,,3400,,
0,2,,0.011111,0.061111,0.927778,,5200,,
0,0,,0.4,0.2,0.4,,4200,,
0,1,,0.2,0.544444,0.255556,,4300,,
0,0,,0.4,0.3,0.3,,4400,,
0,2,,0.242647,0.35,0.407353,,5000,,
0,1,,0.119231,0.55641,0.324359,,5100,,
0,2,,0,0.25,0.75,,5300,,
0,2,,0,0.1,0.9,,3600,,
0,2,,0.325345,0.196897,0.477759,,3600,,
0,1,,0.3,0.5,0.2,,4600,,
0,2,,0.125,0.352941,0.522059,,5000,,
0,1,,0.1,0.5,0.4,,5100,,
0,2,,0.133333,0.383333,0.483333,,5600,,
0,2,,0.4,0.163636,0.436364,,5200,,
0,2,,0,0.3,0.7,,4600,,
0,2,,0.033333,0.3,0.666667,,6200,,
0,2,,0.325,0.075,0.6,,5100,,
0,0,,0.883333,0.016667,0.1,,4300,,
0,1,,0.216667,0.7,0.083333,,5300,,
0,2,,0,0.2,0.8,,5000,,
0,1,,0.25,0.4,0.35,,5300,,
0,1,,0.164286,0.481412,0.354302,,2300,,
0,1,,0.1,0.7,0.2,,4100,,
0,2,,0.19,0.2375,0.5725,,5200,,
0,2,,0.4,0,0.6,,4700,,
0,1,,0.1,0.576923,0.323077,,4300,,
0,0,,0.416667,0.166667,0.416667,,3900,,
0,1,,0.275,0.4,0.325,,4400,,
0,1,,0.266667,0.383333,0.35,,4300,,
0,1,,0.15303,0.701515,0.145455,,4700,,
0,1,,0.266667,0.433333,0.3,,5000,,
0,2,,0.1,0.3,0.6,,4800,,
0,2,,0.2,0,0.8,,3700,,
0,2,,0,0.2,0.8,,4500,,
0,1,,0.3,0.7,0,,2800,,
0,2,,0.2,0.2,0.6,,5900,,
0,1,,0.2,0.4,0.4,,3000,,
0,0,,0.381818,0.363636,0.254545,,5200,,
0,1,,0.196154,0.453846,0.35,,4600,,
0,1,,0.017742,0.519355,0.462903,,5000,,
0,2,,0,0.2,0.8,,4200,,
0,2,,0.1,0.4,0.5,,4200,,
0,2,,0.058333,0.333333,0.608333,,4000,,
0,0,,0.6,0.4,0,,3600,,
0,1,,0.2,0.7,0.1,,5800,,
0,2,,0.125,0.1,0.775,,5200,,
0,2,,0.333333,0.233333,0.433333,,4600,,
0,2,,0.004762,0.2,0.795238,,4500,,
0,2,,0,0.15,0.85,,4400,,
0,1,,0.3,0.4125,0.2875,,4900,,
0,2,,0,0.45,0.55,,5300,,
0,2,,0.3,0.2,0.5,,3700,,
0,2,,0.1,0.325,0.575,,3400,,
0,0,,0.4,0.35,0.25,,4600,,
0,1,,0.211111,0.4,0.388889,,4800,,
0,2,,0.266667,0.333333,0.4,,4500,,
0,2,,0.115385,0.364103,0.520513,,5100,,
0,2,,0,0.32,0.68,,5100,,
0,2,,0.04375,0.025,0.93125,,4100,,
0,2,,0,0.35,0.65,,4100,,
0,2,,0.029091,0.229091,0.741818,,6400,,
0,0,,0.416667,0.333333,0.25,,6100,,
0,2,,0.025,0.1,0.875,,6100,,
0,2,,0.083333,0.225,0.691667,,3900,,
0,1,,0.1,0.5,0.4,,3700,,
0,0,,0.541935,0.267384,0.190681,,3400,,
0,0,,0.438889,0.213095,0.348016,,3600,,
0,1,,0.14,0.86,0,,3800,,
0,2,,0,0.381818,0.618182,,4000,,
0,2,,0.3,0,0.7,,3300,,
0,2,,0.1,0.4,0.5,,6300,,
0,2,,0.33,0.14,0.53,,3700,,
0,2,,0.1,0.2,0.7,,4400,,
0,2,,0.125,0.1,0.775,,4300,,
0,0,,0.5,0.4,0.1,,5600,,
0,0,,0.6,0,0.4,,4400,,
0,1,,0,0.7,0.3,,6400,,
0,2,,0.363636,0.163182,0.473182,,4300,,
0,2,,0.3,0.202564,0.497436,,4300,,
0,2,,0.4,0.02,0.58,,6000,,
0,1,,0.1,0.666667,0.233333,,3700,,
0,2,,0.3,0.3,0.4,,4100,,
0,0,,0.408333,0.266667,0.325,,2400,,
0,2,,0.233333,0.333333,0.433333,,5000,,
0,2,,0.333333,0.3,0.366667,,6100,,
0,2,,0.219643,0.1375,0.642857,,5000,,
0,1,,0.330769,0.553846,0.115385,,3800,,
0,1,,0.05,0.5375,0.4125,,5100,,
0,2,,0.1,0.44,0.46,,4800,,
0,2,,0.041333,0.128,0.830667,,4300,,
0,2,,0.15,0.4,0.45,,4100,,
0,2,,0.1,0.275,0.625,,4600,,
0,2,,0.2,0.2,0.6,,4700,,
0,1,,0.042857,0.8,0.157143,,4300,,
0,2,,0.433333,0.066667,0.5,,4100,,
0,2,,0,0.2,0.8,,3900,,
0,2,,0.141667,0.225,0.633333,,6300,,
0,2,,0.23,0.1,0.67,,4000,,
0,2,,0.318182,0.140909,0.540909,,3800,,
0,1,,0.136364,0.755682,0.107955,,4400,,
0,2,,0.3,0,0.7,,4900,,
0,1,,0.347222,0.397222,0.255556,,5100,,
0,2,,0,0.485714,0.514286,,4500,,
0,0,,0.4,0.325,0.275,,4200,,
0,2,,0.1,0.4,0.5,,6000,,
0,2,,0.0125,0.05,0.9375,,5700,,
0,2,,0.3,0.333333,0.366667,,4600,,
0,2,,0.1,0.4,0.5,,3700,,
0,1,,0.2,0.4,0.4,,4400,,
0,1,,0.263077,0.373077,0.363846,,5400,,
0,2,,0.133333,0,0.866667,,4400,,
0,2,,0.262727,0.33303,0.404242,,4800,,
0,1,,0.033333,0.833333,0.133333,,4200,,
0,1,,0.244444,0.427778,0.327778,,3100,,
0,1,,0.25,0.625,0.125,,4900,,
0,0,,0.4,0.3,0.3,,5000,,
0,2,,0.433333,0.1,0.466667,,5500,,
0,2,,0.3,0.1,0.6,,5000,,
0,2,,0.125,0.025,0.85,,5700,,
0,1,,0.034211,0.502632,0.463158,,2600,,
0,1,,0.225,0.435,0.34,,5000,,
0,0,,0.596841,0.152335,0.250824,,3400,,
0,1,,0.1,0.671429,0.228571,,5000,,
0,1,,0.1,0.5,0.4,,3800,,
0,2,,0.025,0.1125,0.8625,,4800,,
0,0,,0.5,0.3,0.2,,4200,,
0,2,,0.414286,0.028571,0.557143,,4300,,
0,1,,0.036364,0.606494,0.357143,,5600,,
0,2,,0.033333,0.366667,0.6,,5300,,
0,2,,0.11,0.29,0.6,,4200,,
0,1,,0.149091,0.5,0.350909,,3900,,
0,1,,0.264444,0.706667,0.028889,,3800,,
0,1,,0,0.6,0.4,,5300,,
0,0,,0.511905,0.338095,0.15,,4000,,
0,1,,0.125,0.45,0.425,,4300,,
0,2,,0,0.333333,0.666667,,4100,,
0,2,,0.3,0.2,0.5,,5500,,
0,2,,0.202857,0.06,0.737143,,5800,,
0,2,,0.033333,0.133333,0.833333,,6400,,
0,1,,0,0.8,0.2,,4900,,
0,2,,0.2,0,0.8,,3400,,
0,2,,0.036472,0.020536,0.942992,,4900,,
0,0,,0.53,0.135,0.335,,3600,,
0,1,,0,0.685714,0.314286,,5800,,
0,2,,0.1,0,0.9,,3800,,
0,2,,0.1,0.270833,0.629167,,5800,,
0,1,,0.066667,0.6,0.333333,,5200,,
0,2,,0.225,0.375,0.4,,5100,,
0,2,,0.209091,0.127273,0.663636,,5100,,
0,0,,0.58,0.2,0.22,,4500,,
0,1,,0.1,0.8,0.1,,5400,,
0,2,,0.3,0.25,0.45,,4000,,
0,1,,0,0.6,0.4,,4700,,
0,0,,0.35,0.32,0.33,,5000,,
0,0,,0.497143,0.158571,0.344286,,3700,,
0,0,,0.5,0.3,0.2,,2900,,
0,0,,0.402564,0.330769,0.266667,,4800,,
0,1,,0,0.666667,0.333333,,3400,,
0,2,,0.1,0.225,0.675,,5000,,
0,0,,0.541176,0.2,0.258824,,4700,,
0,0,,0.42,0.35,0.23,,5300,,
0,2,,0.323529,0.232353,0.444118,,5900,,
0,0,,0.4,0.25625,0.34375,,5100,,
0,2,,0,0.216667,0.783333,,4400,,
0,2,,0.244444,0.1,0.655556,,4100,,
0,0,,0.48,0.22,0.3,,3400,,
0,2,,0.109524,0.310764,0.579712,,5100,,
0,2,,0.125,0.3,0.575,,4800,,
0,2,,0.38,0,0.62,,4000,,
0,2,,0.15,0.416667,0.433333,,4200,,
0,2,,0.284091,0.061364,0.654545,,4800,,
0,2,,0,0.1,0.9,,4300,,
0,2,,0.375,0.1,0.525,,4600,,
