connect-4,DStump,test,2,NANOSECONDS,PREDICTIONS, Generated by ClassifierExperiments.java on 2022-05-16 13:48:01.    SYSTEMPROPERTIES:{user.name:matth,os.arch:amd64,os.name:Windows 10},ENDSYSTEMPROPERTIES
No parameter info
0.7943309650680876,1502588800,62240400,-1,78420240,3,,-1,-1
0,2,,0.15,0.1,0.75,,20800,,
0,2,,0.01,0.16,0.83,,18800,,
0,2,,0.314286,0.185714,0.5,,12600,,
0,2,,0.2,0.3,0.5,,12500,,
0,2,,0.2,0.3,0.5,,15600,,
0,1,,0.22,0.573333,0.206667,,12100,,
0,2,,0.066667,0,0.933333,,13100,,
0,2,,0.006897,0.397044,0.596059,,10900,,
0,2,,0.16,0.033333,0.806667,,10900,,
0,1,,0.2,0.4,0.4,,16900,,
0,1,,0.076667,0.673333,0.25,,11900,,
0,2,,0.028571,0.442857,0.528571,,13300,,
0,1,,0.22,0.44,0.34,,14300,,
0,2,,0.14,0.266667,0.593333,,10600,,
0,2,,0.366667,0.233333,0.4,,9700,,
0,2,,0.2,0.1,0.7,,9200,,
0,2,,0.275455,0.269091,0.455455,,10100,,
0,1,,0,0.5,0.5,,9300,,
0,1,,0.2,0.4,0.4,,13700,,
0,2,,0.1,0.227778,0.672222,,8800,,
0,1,,0.285119,0.533654,0.181227,,11500,,
0,0,,0.47,0.163333,0.366667,,11300,,
0,2,,0.3,0.1,0.6,,7200,,
0,2,,0.248571,0.168571,0.582857,,10000,,
0,2,,0.138095,0.230952,0.630952,,12000,,
0,2,,0.2,0,0.8,,10500,,
0,1,,0,0.533333,0.466667,,11300,,
0,0,,0.43,0.355,0.215,,10700,,
0,0,,0.51,0.246667,0.243333,,9700,,
0,2,,0.333333,0.266667,0.4,,9100,,
0,1,,0.3,0.4,0.3,,8900,,
0,2,,0.3,0.3,0.4,,11100,,
0,2,,0.1,0.147619,0.752381,,10400,,
0,0,,0.517857,0.1875,0.294643,,11800,,
0,0,,0.5,0.4,0.1,,8700,,
0,2,,0.3,0.233333,0.466667,,14200,,
0,1,,0.072619,0.544643,0.382738,,11000,,
0,2,,0.218182,0.313636,0.468182,,30100,,
0,2,,0,0,1,,7900,,
0,2,,0.35,0.225,0.425,,10700,,
0,0,,0.60875,0.185,0.20625,,17400,,
0,2,,0,0.1,0.9,,10400,,
0,1,,0.15098,0.562745,0.286275,,10800,,
0,1,,0.225,0.4,0.375,,13200,,
0,2,,0.247619,0.079167,0.673214,,10700,,
0,2,,0,0.3725,0.6275,,8800,,
0,1,,0.058333,0.566667,0.375,,10000,,
0,2,,0.064744,0.116667,0.81859,,9300,,
0,0,,0.483333,0.335,0.181667,,8000,,
0,2,,0.208333,0,0.791667,,7200,,
0,0,,0.525,0.1,0.375,,9500,,
0,2,,0.011765,0.037745,0.95049,,11000,,
0,2,,0.1,0.066667,0.833333,,10700,,
0,1,,0.25,0.391667,0.358333,,6800,,
0,2,,0.175,0,0.825,,8200,,
0,2,,0.333333,0.133333,0.533333,,9800,,
0,0,,0.4,0.2,0.4,,6100,,
0,2,,0.325,0.15,0.525,,9200,,
0,1,,0.326316,0.519298,0.154386,,4400,,
0,2,,0.2,0.228125,0.571875,,9500,,
0,1,,0.1,0.7,0.2,,8500,,
0,1,,0.3,0.483333,0.216667,,10000,,
0,2,,0.009091,0.254545,0.736364,,10100,,
0,1,,0.32869,0.496786,0.174524,,8900,,
0,2,,0.140404,0.292929,0.566667,,8500,,
0,2,,0.1,0.1,0.8,,6300,,
0,2,,0.3,0,0.7,,12400,,
0,2,,0.128571,0.271429,0.6,,7000,,
0,1,,0.233333,0.638095,0.128571,,9100,,
0,2,,0.05,0.177273,0.772727,,8400,,
0,2,,0.118182,0.342424,0.539394,,7500,,
0,2,,0.3,0.2,0.5,,10600,,
0,0,,0.389583,0.308333,0.302083,,7900,,
0,0,,0.478571,0.114286,0.407143,,8800,,
0,2,,0.1,0.3,0.6,,6700,,
0,2,,0,0.1,0.9,,6400,,
0,2,,0,0,1,,5800,,
0,2,,0.1,0,0.9,,5800,,
0,2,,0.3,0.242857,0.457143,,9000,,
0,1,,0.011538,0.575641,0.412821,,6700,,
0,2,,0.333333,0.12,0.546667,,9700,,
0,2,,0.4,0.1,0.5,,5600,,
0,2,,0.25,0.35,0.4,,7300,,
0,2,,0,0.333333,0.666667,,11200,,
0,0,,0.4,0.233333,0.366667,,8500,,
0,2,,0.008333,0.3,0.691667,,10000,,
0,2,,0,0,1,,6900,,
0,2,,0.319355,0.019355,0.66129,,8900,,
0,2,,0.009091,0.184848,0.806061,,9300,,
0,2,,0.011111,0.15,0.838889,,5400,,
0,2,,0.383333,0.21,0.406667,,9100,,
0,1,,0.31,0.51,0.18,,6800,,
0,1,,0.35,0.4,0.25,,9700,,
0,1,,0.36,0.455,0.185,,9900,,
0,2,,0.2,0.2,0.6,,5200,,
0,1,,0.142857,0.5,0.357143,,7300,,
0,2,,0.06,0.2,0.74,,7700,,
0,2,,0.026087,0.36087,0.613043,,8300,,
0,0,,0.54,0.4,0.06,,9000,,
0,2,,0.12971,0.41942,0.45087,,7900,,
0,1,,0,0.6,0.4,,9000,,
0,0,,0.447619,0.247619,0.304762,,6700,,
0,2,,0.1,0.4,0.5,,10000,,
0,2,,0.033333,0.141071,0.825595,,8500,,
0,2,,0.2,0.3,0.5,,7800,,
0,2,,0.033333,0,0.966667,,7800,,
0,2,,0.251111,0.111111,0.637778,,8600,,
0,2,,0.33,0.3,0.37,,7300,,
0,1,,0.11,0.58,0.31,,8800,,
0,2,,0.154286,0,0.845714,,9000,,
0,2,,0.125641,0.230769,0.64359,,9200,,
0,1,,0.216667,0.433333,0.35,,6500,,
0,2,,0.068182,0.25,0.681818,,8200,,
0,2,,0.206154,0.027692,0.766154,,8000,,
0,2,,0.1,0.366667,0.533333,,5800,,
0,2,,0.1,0.366667,0.533333,,7600,,
0,2,,0.28125,0.297917,0.420833,,8900,,
0,0,,0.425,0.225,0.35,,7500,,
0,0,,0.45,0.1625,0.3875,,7700,,
0,2,,0.388889,0.033333,0.577778,,6900,,
0,2,,0.1,0.07039,0.82961,,10600,,
0,2,,0.253043,0.36087,0.386087,,8000,,
0,0,,0.444743,0.375391,0.179866,,12500,,
0,1,,0.257416,0.408187,0.334397,,9200,,
0,1,,0.2,0.4,0.4,,6200,,
0,2,,0.125,0.375,0.5,,8600,,
0,1,,0.05,0.6,0.35,,6800,,
0,1,,0.4,0.414286,0.185714,,8400,,
0,2,,0.2,0.2,0.6,,8700,,
0,2,,0.031944,0.290278,0.677778,,7500,,
0,1,,0.120089,0.549554,0.330357,,8200,,
0,1,,0.383333,0.516667,0.1,,6100,,
0,2,,0.028571,0,0.971429,,8700,,
0,2,,0,0.2,0.8,,9400,,
0,2,,0.1,0.1,0.8,,8500,,
0,2,,0.166667,0.333333,0.5,,11100,,
0,1,,0.3,0.375,0.325,,9100,,
0,0,,0.405238,0.366667,0.228095,,9000,,
0,2,,0.13,0.3375,0.5325,,5200,,
0,2,,0.4,0.133333,0.466667,,7800,,
0,2,,0.289683,0.098413,0.611905,,8100,,
0,0,,0.41,0.29,0.3,,7200,,
0,2,,0.260741,0.23,0.509259,,6800,,
0,1,,0.4,0.6,0,,5900,,
0,1,,0.4,0.5,0.1,,6900,,
0,0,,0.473333,0.223333,0.303333,,5400,,
0,2,,0.364,0.118,0.518,,7100,,
0,1,,0.08,0.54,0.38,,7600,,
0,2,,0.25,0,0.75,,6600,,
0,2,,0.1,0.3625,0.5375,,7400,,
0,2,,0.125,0.175,0.7,,8800,,
0,2,,0.2,0.2,0.6,,13800,,
0,1,,0.314286,0.4,0.285714,,9200,,
0,2,,0.220513,0.115385,0.664103,,8800,,
0,1,,0.142857,0.630435,0.226708,,8600,,
0,1,,0.266667,0.5,0.233333,,8000,,
0,2,,0.1,0.1,0.8,,7300,,
0,1,,0.054545,0.567273,0.378182,,8800,,
0,2,,0.1,0.4,0.5,,7500,,
0,2,,0,0.1,0.9,,9200,,
0,2,,0.214286,0.269048,0.516667,,8400,,
0,2,,0.208333,0.141667,0.65,,6100,,
0,2,,0.067992,0.215178,0.71683,,7000,,
0,2,,0,0.1,0.9,,4100,,
0,1,,0.2,0.4,0.4,,8100,,
0,2,,0.1,0.075,0.825,,5300,,
0,1,,0.2,0.6,0.2,,9300,,
0,2,,0.36,0.14,0.5,,8000,,
0,2,,0.114,0.4,0.486,,10200,,
0,2,,0.007407,0.261111,0.731481,,7800,,
0,0,,0.583077,0,0.416923,,7200,,
0,2,,0.12,0.153333,0.726667,,8900,,
0,2,,0.256667,0.225,0.518333,,10800,,
0,0,,0.45,0.1,0.45,,6900,,
0,1,,0,0.5,0.5,,5700,,
0,0,,0.425,0.275,0.3,,8100,,
0,2,,0.250299,0.280983,0.468718,,4900,,
0,2,,0.3,0.3,0.4,,6500,,
0,0,,0.425,0.35,0.225,,5500,,
0,1,,0.145833,0.754167,0.1,,7000,,
0,1,,0.026667,0.503333,0.47,,5100,,
0,1,,0.4,0.6,0,,5900,,
0,2,,0,0.4,0.6,,7500,,
0,2,,0.2,0.32,0.48,,5400,,
0,1,,0.005882,0.636471,0.357647,,6800,,
0,2,,0.03125,0.20625,0.7625,,6700,,
0,2,,0.168571,0.342857,0.488571,,5600,,
0,1,,0.005556,0.572222,0.422222,,7000,,
0,1,,0.22,0.6,0.18,,7000,,
0,0,,0.633333,0.1,0.266667,,7100,,
0,1,,0.1,0.5,0.4,,6500,,
0,2,,0.025,0.305,0.67,,5000,,
0,1,,0.230769,0.520513,0.248718,,6300,,
0,2,,0.022222,0.40641,0.571368,,7900,,
0,1,,0.3,0.4,0.3,,5900,,
0,2,,0.344444,0.122222,0.533333,,5600,,
0,1,,0.2,0.6,0.2,,7500,,
0,2,,0.4,0.1,0.5,,4800,,
0,0,,0.413095,0.321429,0.265476,,6700,,
0,1,,0,0.7,0.3,,8300,,
0,2,,0.135,0.426667,0.438333,,8200,,
0,0,,0.65,0.35,0,,5000,,
0,2,,0.17451,0.184314,0.641176,,7100,,
0,2,,0.093182,0.381818,0.525,,5700,,
0,2,,0.328571,0.2,0.471429,,4300,,
0,0,,0.5,0.3625,0.1375,,6000,,
0,1,,0.021429,0.507143,0.471429,,7100,,
0,0,,0.377619,0.285714,0.336667,,4700,,
0,0,,0.5,0.04,0.46,,4000,,
0,2,,0.039286,0,0.960714,,5700,,
0,0,,0.473077,0.15,0.376923,,3800,,
0,2,,0.307692,0.145055,0.547253,,6900,,
0,2,,0.22,0.3,0.48,,5500,,
0,2,,0.2,0.35,0.45,,5500,,
0,1,,0.35,0.45,0.2,,6400,,
0,1,,0.12,0.48,0.4,,9300,,
0,2,,0.25,0.3,0.45,,7900,,
0,1,,0.3,0.6,0.1,,5400,,
0,1,,0.1,0.45,0.45,,5500,,
0,1,,0.269697,0.366667,0.363636,,4800,,
0,0,,0.5,0.3,0.2,,6300,,
0,2,,0.080952,0.385714,0.533333,,6600,,
0,2,,0.1,0.1,0.8,,6000,,
0,2,,0.329808,0.26238,0.407813,,4900,,
0,0,,0.455556,0.311111,0.233333,,7600,,
0,2,,0.1,0.42,0.48,,10500,,
0,1,,0.064444,0.616667,0.318889,,12100,,
0,2,,0.1,0.35,0.55,,5400,,
0,2,,0,0.15,0.85,,5700,,
0,2,,0.399351,0.034488,0.566162,,7700,,
0,2,,0.3,0.288889,0.411111,,7300,,
0,2,,0.282222,0.244444,0.473333,,6600,,
0,2,,0.01875,0.015625,0.965625,,5200,,
0,0,,0.5,0.4,0.1,,6800,,
0,2,,0.20314,0.245217,0.551643,,6400,,
0,0,,0.5,0.3,0.2,,6600,,
0,2,,0.2,0.15,0.65,,5900,,
0,2,,0.2,0.3,0.5,,7700,,
0,2,,0,0.342857,0.657143,,5200,,
0,2,,0.32,0.229091,0.450909,,7000,,
0,1,,0.14,0.54,0.32,,7700,,
0,2,,0.3,0.1,0.6,,7400,,
0,2,,0.385,0.1,0.515,,8200,,
0,1,,0,0.5,0.5,,6100,,
0,2,,0.132372,0.419119,0.44851,,4400,,
0,2,,0.15,0.1,0.75,,7100,,
0,2,,0.144444,0.2,0.655556,,5900,,
0,2,,0.333333,0.2,0.466667,,6100,,
0,2,,0.35625,0.06875,0.575,,4300,,
0,2,,0.085,0.37,0.545,,6200,,
0,2,,0.233333,0.053333,0.713333,,7000,,
0,1,,0.24,0.54,0.22,,8300,,
0,2,,0,0.4,0.6,,6500,,
0,2,,0.1,0.3,0.6,,6500,,
0,1,,0.25,0.525,0.225,,7600,,
0,2,,0.056667,0.113333,0.83,,4600,,
0,2,,0.3125,0.325,0.3625,,5600,,
0,2,,0.2,0.3,0.5,,3400,,
0,2,,0.238462,0.223077,0.538462,,6900,,
0,2,,0.1,0.388095,0.511905,,5000,,
0,2,,0.351562,0.05625,0.592187,,5200,,
0,0,,0.505455,0.185455,0.309091,,8200,,
0,0,,0.429412,0.262745,0.307843,,5800,,
0,2,,0.135,0.28,0.585,,8100,,
0,2,,0.18,0.386667,0.433333,,8000,,
0,2,,0,0.35,0.65,,7300,,
0,1,,0.336364,0.363636,0.3,,8600,,
0,1,,0.2,0.4,0.4,,7700,,
0,0,,0.4,0.2,0.4,,5400,,
0,2,,0.1,0.3,0.6,,6700,,
0,2,,0,0.3,0.7,,5100,,
0,2,,0.305263,0.315789,0.378947,,5300,,
0,1,,0.009756,0.560976,0.429268,,6700,,
0,2,,0.2,0.14,0.66,,4400,,
0,1,,0.221429,0.421429,0.357143,,6100,,
0,2,,0.079167,0.241667,0.679167,,6700,,
0,2,,0.3,0.2,0.5,,5400,,
0,2,,0.1,0.277778,0.622222,,3700,,
0,2,,0.438333,0.045833,0.515833,,6800,,
0,2,,0,0.4,0.6,,5000,,
0,2,,0.2,0.325,0.475,,6100,,
0,2,,0.017788,0.0125,0.969712,,6200,,
0,2,,0.218182,0.04,0.741818,,7400,,
0,1,,0.138571,0.631429,0.23,,4700,,
0,1,,0.25,0.6,0.15,,5400,,
0,2,,0,0.3,0.7,,6200,,
0,0,,0.425,0.15,0.425,,5000,,
0,2,,0.156667,0.1,0.743333,,7800,,
0,2,,0.025,0,0.975,,6100,,
0,2,,0.133333,0.352632,0.514035,,6900,,
0,2,,0.133333,0.1,0.766667,,7000,,
0,0,,0.4425,0.1375,0.42,,6500,,
0,0,,0.458333,0.441667,0.1,,6200,,
0,1,,0.3,0.36,0.34,,6100,,
0,2,,0,0.2,0.8,,6000,,
0,2,,0.2,0.3,0.5,,5200,,
0,2,,0.2,0.35,0.45,,4600,,
0,1,,0,0.75,0.25,,9500,,
0,2,,0.125,0.396978,0.478022,,7200,,
0,2,,0.058333,0.166667,0.775,,7100,,
0,2,,0.15,0.1625,0.6875,,7400,,
0,0,,0.4,0.3,0.3,,6000,,
0,0,,0.451667,0.183333,0.365,,4100,,
0,2,,0.033333,0,0.966667,,6300,,
0,2,,0.241667,0.1375,0.620833,,5900,,
0,1,,0.3,0.5,0.2,,7800,,
0,2,,0.07,0.17381,0.75619,,7200,,
0,2,,0.107143,0.007143,0.885714,,5000,,
0,2,,0.25,0.3,0.45,,5200,,
0,2,,0.01381,0.445238,0.540952,,5700,,
0,2,,0,0.016667,0.983333,,4600,,
0,1,,0.269444,0.441667,0.288889,,6100,,
0,2,,0.1,0.333333,0.566667,,7700,,
0,0,,0.535714,0.359286,0.105,,5400,,
0,0,,0.4,0.3,0.3,,6100,,
0,2,,0.025,0.3,0.675,,3900,,
0,2,,0.05,0.35,0.6,,5600,,
0,2,,0.291,0.312,0.397,,7000,,
0,2,,0.316206,0.254739,0.429055,,3900,,
0,2,,0.208333,0.245833,0.545833,,7500,,
0,2,,0.166667,0.3,0.533333,,5200,,
0,2,,0.1,0,0.9,,5700,,
0,2,,0.16,0.2,0.64,,4800,,
0,2,,0,0.2,0.8,,6800,,
0,2,,0.1,0,0.9,,6400,,
0,2,,0.248571,0.14,0.611429,,6700,,
0,0,,0.4,0.4,0.2,,6200,,
0,2,,0.325,0.25,0.425,,5600,,
0,2,,0.265,0,0.735,,5400,,
0,2,,0.271667,0.1,0.628333,,6000,,
0,1,,0.345455,0.512121,0.142424,,4000,,
0,2,,0.00625,0.10125,0.8925,,7000,,
0,2,,0.2,0.225,0.575,,3900,,
0,2,,0.114286,0.337662,0.548052,,4800,,
0,2,,0.433333,0,0.566667,,6500,,
0,1,,0.133333,0.766667,0.1,,6000,,
0,2,,0.31,0.113636,0.576364,,6400,,
0,2,,0.2,0.32,0.48,,8600,,
0,2,,0.4,0.12,0.48,,6100,,
0,2,,0.1,0,0.9,,7100,,
0,1,,0.22,0.393333,0.386667,,7200,,
0,2,,0.2,0.263636,0.536364,,7500,,
0,2,,0.113043,0.343478,0.543478,,5700,,
0,2,,0.1,0,0.9,,5800,,
0,2,,0.333333,0.133333,0.533333,,7900,,
0,2,,0.1,0.4,0.5,,5600,,
0,2,,0.1,0.266667,0.633333,,6300,,
0,2,,0.255556,0.1,0.644444,,5200,,
0,2,,0.2,0,0.8,,6100,,
0,2,,0.133333,0.422222,0.444444,,4400,,
0,2,,0.009524,0.263192,0.727284,,4400,,
0,2,,0.156759,0.29787,0.54537,,6300,,
0,2,,0,0.242857,0.757143,,7900,,
0,1,,0.3,0.5,0.2,,6000,,
0,2,,0,0.2,0.8,,6700,,
0,2,,0.113333,0.373333,0.513333,,6100,,
0,0,,0.725,0.075,0.2,,6300,,
0,1,,0.1,0.8,0.1,,8300,,
0,2,,0.053333,0.27,0.676667,,6000,,
0,2,,0.3,0.233333,0.466667,,5900,,
0,0,,0.572857,0.2,0.227143,,7500,,
0,2,,0.2,0.12,0.68,,8800,,
0,2,,0.166667,0.25,0.583333,,5400,,
0,0,,0.65,0.1,0.25,,5800,,
0,0,,0.436538,0.174199,0.389263,,5800,,
0,0,,0.505181,0,0.494819,,5100,,
0,2,,0.033333,0.1,0.866667,,5400,,
0,2,,0,0.3,0.7,,5100,,
0,0,,0.625,0.2,0.175,,5200,,
0,2,,0.045455,0.416162,0.538384,,5700,,
0,2,,0.226039,0.13617,0.637791,,5000,,
0,2,,0,0,1,,6600,,
0,2,,0.066667,0.269697,0.663636,,5100,,
0,1,,0.1,0.5,0.4,,5100,,
0,0,,0.6,0.3,0.1,,8200,,
0,1,,0.466667,0.533333,0,,5400,,
0,2,,0.014286,0.191429,0.794286,,5300,,
0,2,,0.4,0.1,0.5,,5300,,
0,2,,0.333333,0.206667,0.46,,6000,,
0,2,,0.01,0.398182,0.591818,,5100,,
0,1,,0.3,0.393333,0.306667,,5300,,
0,2,,0.05,0.4,0.55,,6600,,
0,1,,0.260606,0.539394,0.2,,6100,,
0,1,,0.2,0.7,0.1,,7800,,
0,2,,0.225,0.175,0.6,,7000,,
0,0,,0.55,0.208824,0.241176,,5100,,
0,1,,0.109091,0.731818,0.159091,,6400,,
0,2,,0,0.3,0.7,,6600,,
0,1,,0.4,0.44,0.16,,7200,,
0,1,,0.145,0.671667,0.183333,,8700,,
0,1,,0.1,0.5,0.4,,5700,,
0,2,,0,0.4,0.6,,8000,,
0,2,,0.17,0.39,0.44,,8200,,
0,2,,0.1,0.1,0.8,,6600,,
0,1,,0.1,0.7,0.2,,4300,,
0,0,,0.5,0.3,0.2,,5600,,
0,1,,0.2,0.6,0.2,,5100,,
0,1,,0.266667,0.375,0.358333,,4400,,
0,0,,0.566667,0.283333,0.15,,5200,,
0,2,,0,0.033333,0.966667,,7200,,
0,1,,0.3,0.5,0.2,,6400,,
0,2,,0.215311,0.223898,0.560791,,5700,,
0,1,,0.026087,0.652174,0.321739,,6300,,
0,2,,0.24951,0.252451,0.498039,,5000,,
0,2,,0.16,0.3,0.54,,5900,,
0,2,,0.2,0.3,0.5,,6300,,
0,2,,0.080797,0.071377,0.847826,,5500,,
0,2,,0.1,0.2,0.7,,4900,,
0,1,,0,0.9,0.1,,6900,,
0,2,,0,0.283333,0.716667,,5100,,
0,2,,0.1,0,0.9,,5600,,
0,2,,0.2125,0.383929,0.403571,,5600,,
0,1,,0.3,0.5,0.2,,5400,,
0,2,,0.442857,0.061905,0.495238,,5600,,
0,0,,0.575,0.1125,0.3125,,4100,,
0,2,,0.39,0.12,0.49,,6200,,
0,0,,0.42,0.4,0.18,,4600,,
0,2,,0.12,0.193333,0.686667,,6500,,
0,2,,0.321429,0.1,0.578571,,2400,,
0,1,,0.1,0.52,0.38,,6000,,
0,0,,0.6,0.2,0.2,,3500,,
0,2,,0.1,0.15,0.75,,5800,,
0,1,,0.3,0.5,0.2,,5700,,
0,2,,0.25,0.025,0.725,,5100,,
0,2,,0.1,0.1,0.8,,4500,,
0,2,,0.022222,0.022222,0.955556,,4000,,
0,2,,0.21,0.17,0.62,,5100,,
0,2,,0,0.3,0.7,,6500,,
0,2,,0.297143,0.3,0.402857,,4500,,
0,1,,0.021429,0.707143,0.271429,,6600,,
0,2,,0.221944,0.111111,0.666944,,5100,,
0,2,,0.2,0.25,0.55,,6200,,
0,2,,0,0.4,0.6,,6600,,
0,2,,0,0.14,0.86,,5600,,
0,2,,0.033333,0.052991,0.913675,,5000,,
0,0,,0.525,0.175,0.3,,4200,,
0,2,,0.25,0.15,0.6,,5800,,
0,0,,0.4,0.3,0.3,,5000,,
0,2,,0.1,0.4,0.5,,5500,,
0,0,,0.428571,0.3,0.271429,,6400,,
0,2,,0.022222,0.422222,0.555556,,6000,,
0,2,,0.1,0.1,0.8,,6700,,
0,1,,0.125,0.525,0.35,,6700,,
0,2,,0.140603,0.029268,0.830129,,4900,,
0,2,,0.2,0.1,0.7,,5600,,
0,2,,0.133333,0.333333,0.533333,,6600,,
0,2,,0.1,0.1,0.8,,4000,,
0,2,,0.1,0.383333,0.516667,,4700,,
0,1,,0.075,0.651667,0.273333,,5400,,
0,2,,0.285,0.325,0.39,,6400,,
0,0,,0.5,0.1,0.4,,4800,,
0,2,,0.057143,0.367702,0.575155,,5500,,
0,2,,0.2,0.333333,0.466667,,5300,,
0,1,,0.2,0.5,0.3,,4700,,
0,1,,0.075,0.525,0.4,,6700,,
0,2,,0.2,0.2,0.6,,5300,,
0,2,,0.2,0.1,0.7,,6700,,
0,2,,0.026316,0.113158,0.860526,,7300,,
0,2,,0.016667,0,0.983333,,5400,,
0,0,,0.7,0.1,0.2,,4600,,
0,2,,0.022222,0.455556,0.522222,,5600,,
0,2,,0.175,0.325,0.5,,9700,,
0,0,,0.4,0.2625,0.3375,,4500,,
0,2,,0.1,0.3,0.6,,6100,,
0,2,,0.225,0.1,0.675,,5000,,
0,2,,0.3,0.1,0.6,,5400,,
0,2,,0,0.3,0.7,,4700,,
0,1,,0,0.6,0.4,,5700,,
0,2,,0.250565,0.137367,0.612068,,6100,,
0,2,,0.047826,0.271739,0.680435,,5500,,
0,2,,0,0.4,0.6,,6700,,
0,2,,0.235714,0.121429,0.642857,,3400,,
0,2,,0.1,0.2,0.7,,4300,,
0,2,,0.1625,0.1,0.7375,,4600,,
0,2,,0.240523,0.322222,0.437255,,5100,,
0,0,,0.45,0.216667,0.333333,,5600,,
0,2,,0.208333,0.10625,0.685417,,5100,,
0,0,,0.472727,0.3,0.227273,,6100,,
0,2,,0.233333,0.216667,0.55,,5400,,
0,2,,0.1,0.3,0.6,,6700,,
0,1,,0.2,0.5,0.3,,4600,,
0,1,,0.0125,0.855,0.1325,,4700,,
0,2,,0.1,0.4,0.5,,4800,,
0,2,,0.2,0.108333,0.691667,,6100,,
0,2,,0.14,0.333333,0.526667,,4700,,
0,1,,0.34,0.36,0.3,,6300,,
0,2,,0.3,0.066667,0.633333,,3600,,
0,0,,0.65,0.2875,0.0625,,3600,,
0,0,,0.605714,0.175,0.219286,,5100,,
0,1,,0.3,0.471429,0.228571,,5100,,
0,2,,0.1,0.2,0.7,,6900,,
0,2,,0.445,0,0.555,,3400,,
0,1,,0.05,0.5,0.45,,3300,,
0,2,,0.412222,0,0.587778,,6400,,
0,2,,0.3,0.1,0.6,,5100,,
0,2,,0.133333,0.4,0.466667,,6900,,
0,2,,0.43,0.03,0.54,,4900,,
0,1,,0,0.5,0.5,,5600,,
0,2,,0.318033,0.232377,0.44959,,4300,,
0,0,,0.44,0.36,0.2,,5500,,
0,1,,0.004,0.524,0.472,,5100,,
0,2,,0.2,0.02,0.78,,5100,,
0,2,,0.214286,0,0.785714,,5900,,
0,2,,0,0.426667,0.573333,,6800,,
0,1,,0.38,0.62,0,,6100,,
0,2,,0.228571,0.264286,0.507143,,4900,,
0,2,,0.22,0.2,0.58,,6200,,
0,0,,0.4,0.4,0.2,,3900,,
0,2,,0.076263,0.192105,0.731632,,4500,,
0,2,,0.05,0.381579,0.568421,,6200,,
0,2,,0.173864,0.3,0.526136,,3400,,
0,2,,0.257143,0.292143,0.450714,,4600,,
0,2,,0.3,0.111111,0.588889,,4200,,
0,1,,0.1,0.45,0.45,,5700,,
0,0,,0.5125,0.1,0.3875,,4800,,
0,2,,0.1,0.24697,0.65303,,8200,,
0,2,,0.0375,0.1,0.8625,,6100,,
0,2,,0.15035,0.146154,0.703497,,7000,,
0,2,,0.2,0.1,0.7,,5200,,
0,2,,0.4625,0,0.5375,,4500,,
0,2,,0.206667,0.32,0.473333,,5100,,
0,2,,0.120455,0.022727,0.856818,,5500,,
0,2,,0.203333,0.22,0.576667,,5600,,
0,2,,0.215789,0.138596,0.645614,,5300,,
0,2,,0.116667,0.4,0.483333,,6500,,
0,2,,0,0.2,0.8,,6500,,
0,1,,0.1,0.56,0.34,,4700,,
0,1,,0.1,0.533333,0.366667,,6000,,
0,2,,0,0.25,0.75,,6100,,
0,2,,0.2,0.157143,0.642857,,6000,,
0,2,,0.475,0.025,0.5,,3900,,
0,2,,0.146667,0.24,0.613333,,4400,,
0,1,,0.256061,0.412121,0.331818,,5000,,
0,1,,0.270238,0.605952,0.12381,,4100,,
0,1,,0,0.74,0.26,,5600,,
0,2,,0.048077,0.275,0.676923,,4300,,
0,2,,0.1,0.2,0.7,,4300,,
0,2,,0.1,0.3,0.6,,4600,,
0,1,,0.251515,0.384848,0.363636,,6100,,
0,2,,0.2,0.05,0.75,,5400,,
0,0,,0.7,0.18,0.12,,5100,,
0,1,,0.241667,0.433333,0.325,,3300,,
0,2,,0.436364,0.1,0.463636,,6000,,
0,2,,0.033333,0.222222,0.744444,,6300,,
0,2,,0.1,0.325,0.575,,5400,,
0,2,,0,0,1,,5000,,
0,2,,0.116667,0.2,0.683333,,6400,,
0,2,,0.4,0.1,0.5,,6100,,
0,0,,0.819643,0.066071,0.114286,,5500,,
0,2,,0.282778,0.172222,0.545,,4500,,
0,0,,0.424,0.16,0.416,,3900,,
0,2,,0.4,0.1,0.5,,4700,,
0,2,,0.325,0.258333,0.416667,,5900,,
0,0,,0.488333,0.086667,0.425,,6400,,
0,1,,0.2,0.8,0,,6400,,
0,1,,0.3,0.68,0.02,,5100,,
0,0,,0.545833,0.366667,0.0875,,3500,,
0,1,,0.254113,0.501299,0.244589,,5900,,
0,2,,0,0.26,0.74,,4300,,
0,2,,0.27,0.33,0.4,,5200,,
0,0,,0.7,0.016667,0.283333,,3500,,
0,1,,0.294872,0.421538,0.28359,,5100,,
0,2,,0.3,0.1,0.6,,4600,,
0,2,,0.026738,0.470267,0.502995,,5000,,
0,1,,0.133333,0.666667,0.2,,5400,,
0,0,,0.5,0.3,0.2,,2000,,
0,2,,0.2,0.1,0.7,,5400,,
0,0,,0.466667,0.433333,0.1,,4200,,
0,1,,0.313333,0.345,0.341667,,7000,,
0,2,,0.481818,0,0.518182,,3400,,
0,2,,0,0.4,0.6,,4000,,
0,2,,0.125,0.225,0.65,,6600,,
0,0,,0.5,0.28,0.22,,5700,,
0,2,,0.05,0.3,0.65,,7600,,
0,2,,0.1,0.2,0.7,,5800,,
0,2,,0.1,0.233333,0.666667,,5600,,
0,2,,0.1,0.357778,0.542222,,5800,,
0,0,,0.426667,0.286667,0.286667,,5200,,
0,2,,0.1,0.1,0.8,,3700,,
0,1,,0.017647,0.5,0.482353,,5200,,
0,2,,0.016333,0.110333,0.873333,,5000,,
0,2,,0.166667,0.1,0.733333,,5200,,
0,2,,0,0.4,0.6,,5800,,
0,2,,0.367449,0.1739,0.458651,,6800,,
0,2,,0.366667,0.02,0.613333,,5600,,
0,2,,0,0.25,0.75,,4700,,
0,2,,0,0.1,0.9,,4700,,
0,1,,0.2,0.466667,0.333333,,4900,,
0,2,,0.125,0.4,0.475,,5400,,
0,2,,0.2,0.216667,0.583333,,5200,,
0,2,,0.117241,0.236207,0.646552,,3700,,
0,2,,0.118182,0.318182,0.563636,,4700,,
0,0,,0.389762,0.316667,0.293571,,5800,,
0,2,,0.266667,0.25,0.483333,,6500,,
0,0,,0.66,0,0.34,,3000,,
0,2,,0.25,0.3,0.45,,5300,,
0,1,,0.066667,0.7,0.233333,,4100,,
0,2,,0.14,0.24,0.62,,4800,,
0,1,,0.111111,0.866667,0.022222,,5000,,
0,0,,0.6,0.2,0.2,,5200,,
0,2,,0.3,0.233333,0.466667,,5700,,
0,2,,0.3,0,0.7,,4100,,
0,1,,0.2,0.45,0.35,,4700,,
0,0,,0.4,0.3,0.3,,5000,,
0,2,,0.302496,0.120677,0.576827,,4100,,
0,1,,0.12,0.61619,0.26381,,4600,,
0,2,,0.295833,0.304167,0.4,,5600,,
0,2,,0.1,0,0.9,,3300,,
0,2,,0.1,0,0.9,,6600,,
0,1,,0,0.902143,0.097857,,4600,,
0,2,,0.1,0.1,0.8,,4200,,
0,2,,0,0.3,0.7,,4800,,
0,0,,0.466667,0.225,0.308333,,5100,,
0,2,,0.2,0.06,0.74,,7000,,
0,2,,0.325,0,0.675,,3000,,
0,2,,0.23,0.22,0.55,,5300,,
0,1,,0.118182,0.518182,0.363636,,4800,,
0,2,,0.2,0.1,0.7,,4900,,
0,2,,0.176923,0.215385,0.607692,,6500,,
0,1,,0.1,0.7,0.2,,2600,,
0,2,,0.016667,0.025,0.958333,,5100,,
0,0,,0.55,0.316667,0.133333,,4500,,
0,2,,0.233333,0.316667,0.45,,4400,,
0,2,,0,0.3,0.7,,7200,,
0,1,,0,0.5,0.5,,9000,,
0,2,,0.018182,0.15,0.831818,,5400,,
0,2,,0.295,0.24,0.465,,6700,,
0,2,,0,0,1,,4800,,
0,1,,0.129605,0.582895,0.2875,,3400,,
0,2,,0.3,0.1,0.6,,5200,,
0,2,,0.233333,0.333333,0.433333,,7100,,
0,2,,0.1,0.35,0.55,,6100,,
0,0,,0.35,0.333333,0.316667,,4900,,
0,2,,0.18,0.073333,0.746667,,5000,,
0,0,,0.6,0.033333,0.366667,,3900,,
0,1,,0.1,0.5,0.4,,5700,,
0,2,,0.1,0.1,0.8,,4700,,
0,1,,0.3,0.7,0,,4700,,
0,0,,0.4,0.3,0.3,,4100,,
0,2,,0,0.127273,0.872727,,4200,,
0,2,,0.166667,0.133333,0.7,,4300,,
0,2,,0.3,0,0.7,,4000,,
0,2,,0.1,0.1,0.8,,6100,,
0,2,,0.1,0.1,0.8,,5200,,
0,2,,0.347475,0.258586,0.393939,,4800,,
0,2,,0.1,0.416667,0.483333,,5700,,
0,2,,0.2,0,0.8,,7200,,
0,2,,0.1,0.382222,0.517778,,5000,,
0,2,,0,0.1,0.9,,6000,,
0,1,,0.033333,0.766667,0.2,,4500,,
0,2,,0.1,0.4,0.5,,4900,,
0,2,,0.22,0.23,0.55,,4700,,
0,2,,0.15,0,0.85,,5000,,
0,1,,0.2,0.4,0.4,,5200,,
0,2,,0.22,0.31,0.47,,3800,,
0,2,,0.1,0.175,0.725,,5400,,
0,1,,0.383333,0.416667,0.2,,5800,,
0,1,,0.1,0.526667,0.373333,,6700,,
0,2,,0.317391,0.039565,0.643043,,5800,,
0,2,,0.1,0.3,0.6,,6500,,
0,2,,0.133333,0.245833,0.620833,,6200,,
0,0,,0.7,0.2,0.1,,7000,,
0,0,,1,0,0,,4300,,
0,1,,0.3,0.5,0.2,,4300,,
0,2,,0.09,0.2,0.71,,4100,,
0,2,,0.1,0.3,0.6,,5600,,
0,2,,0,0.3,0.7,,7000,,
0,0,,0.8,0.1,0.1,,4500,,
0,2,,0.2925,0.3075,0.4,,4100,,
0,2,,0.11,0.245,0.645,,7600,,
0,2,,0.2,0,0.8,,5200,,
0,2,,0.22,0.029091,0.750909,,5300,,
0,2,,0.133333,0.3,0.566667,,4700,,
0,0,,0.566667,0.2,0.233333,,6100,,
0,2,,0.2,0.2,0.6,,6100,,
0,1,,0.014286,0.582143,0.403571,,4100,,
0,1,,0.025,0.725,0.25,,4900,,
0,1,,0.335714,0.521429,0.142857,,3600,,
0,2,,0.1,0.16993,0.73007,,4500,,
0,0,,0.5,0.45,0.05,,4300,,
0,2,,0.37,0.07,0.56,,4300,,
0,2,,0.32,0,0.68,,6400,,
0,0,,0.45,0.2,0.35,,4400,,
0,0,,0.4375,0.2625,0.3,,5900,,
0,2,,0.22,0.256667,0.523333,,4100,,
0,0,,0.5,0.171429,0.328571,,4600,,
0,2,,0,0.2,0.8,,5600,,
0,2,,0,0.2,0.8,,6300,,
0,2,,0.214286,0.2,0.585714,,4000,,
0,2,,0,0.45,0.55,,6100,,
0,2,,0.21,0.1625,0.6275,,5200,,
0,1,,0.2,0.5,0.3,,5800,,
0,0,,0.5,0.4,0.1,,6100,,
0,2,,0.164516,0.382796,0.452688,,5100,,
0,2,,0.2,0.2,0.6,,5400,,
0,0,,0.511111,0.016667,0.472222,,3800,,
0,2,,0,0.48,0.52,,4600,,
0,1,,0.3,0.366667,0.333333,,6400,,
0,2,,0.013253,0.325301,0.661446,,3900,,
0,1,,0.306469,0.386155,0.307376,,5000,,
0,2,,0.155556,0.416667,0.427778,,5300,,
0,0,,0.422662,0.311667,0.265671,,5500,,
0,2,,0.233333,0.22,0.546667,,4000,,
0,2,,0.2,0.3475,0.4525,,5900,,
0,1,,0,0.9,0.1,,4100,,
0,2,,0,0.1,0.9,,5400,,
0,2,,0.113333,0.184167,0.7025,,4700,,
0,1,,0,0.522222,0.477778,,5200,,
0,2,,0.22,0.365,0.415,,3300,,
0,2,,0.119643,0.180357,0.7,,4800,,
0,0,,0.5,0.5,0,,4100,,
0,1,,0,0.5,0.5,,5400,,
0,1,,0.2,0.7,0.1,,5800,,
0,1,,0.1,0.5,0.4,,6600,,
0,2,,0.31875,0.21875,0.4625,,3900,,
0,2,,0.336667,0.16,0.503333,,4600,,
0,2,,0.416667,0,0.583333,,3100,,
0,1,,0.300173,0.387446,0.312381,,4800,,
0,2,,0.2,0.3,0.5,,3900,,
0,2,,0.228571,0.371429,0.4,,7000,,
0,2,,0.1,0.4,0.5,,5300,,
0,1,,0.145203,0.503634,0.351163,,7700,,
0,2,,0.148571,0.18,0.671429,,4600,,
0,2,,0.1,0.333333,0.566667,,6400,,
0,2,,0.1,0.1,0.8,,5200,,
0,1,,0,0.506667,0.493333,,4000,,
0,1,,0.2,0.46,0.34,,4900,,
0,2,,0.114286,0.1,0.785714,,4900,,
0,0,,0.4,0.3,0.3,,5000,,
0,0,,0.5,0.1,0.4,,3700,,
0,0,,0.425,0.2,0.375,,6200,,
0,2,,0.2,0.3,0.5,,5200,,
0,1,,0.314815,0.431111,0.254074,,5800,,
0,1,,0.1,0.522222,0.377778,,3500,,
0,0,,0.343333,0.319762,0.336905,,3900,,
0,2,,0.1,0.4,0.5,,3600,,
0,2,,0,0.185714,0.814286,,4900,,
0,0,,0.5,0.3,0.2,,5000,,
0,2,,0.2,0.272727,0.527273,,4100,,
0,2,,0.095,0.2,0.705,,6100,,
0,2,,0.1,0.1,0.8,,6100,,
0,2,,0.25,0.316667,0.433333,,6000,,
0,0,,0.65,0.166667,0.183333,,5100,,
0,1,,0.24,0.42,0.34,,4400,,
0,2,,0.130769,0.323077,0.546154,,7000,,
0,2,,0.2,0.242857,0.557143,,5700,,
0,0,,0.65,0.26,0.09,,4500,,
0,2,,0,0.1,0.9,,4400,,
0,2,,0,0.2,0.8,,6500,,
0,0,,0.53,0.045,0.425,,5200,,
0,2,,0.393333,0.066667,0.54,,3900,,
0,1,,0,0.633333,0.366667,,4100,,
0,2,,0.1125,0.16875,0.71875,,6000,,
0,2,,0.233333,0.372727,0.393939,,5400,,
0,2,,0.266667,0.233333,0.5,,4300,,
0,2,,0.49,0,0.51,,4100,,
0,1,,0.3,0.4,0.3,,4300,,
0,0,,0.9,0.1,0,,4400,,
0,0,,0.606897,0.081609,0.311494,,3200,,
0,2,,0,0.15,0.85,,4900,,
0,1,,0,0.65,0.35,,7800,,
0,2,,0.116667,0.05,0.833333,,6300,,
0,2,,0.258333,0.283333,0.458333,,4000,,
0,2,,0.166667,0.4,0.433333,,5700,,
0,2,,0.236667,0.025,0.738333,,4100,,
0,2,,0.2125,0.1375,0.65,,5200,,
0,2,,0.03125,0.3225,0.64625,,6900,,
0,2,,0.407692,0.153846,0.438462,,5600,,
0,0,,0.490476,0.138095,0.371429,,4800,,
0,2,,0,0.37125,0.62875,,5700,,
0,2,,0.3,0.13,0.57,,6500,,
0,1,,0.1,0.657143,0.242857,,6600,,
0,2,,0,0.2,0.8,,5300,,
0,1,,0.104762,0.461905,0.433333,,5200,,
0,2,,0.2,0,0.8,,3100,,
0,1,,0.377778,0.409722,0.2125,,5400,,
0,2,,0.2,0.086667,0.713333,,3400,,
0,2,,0.2,0.366667,0.433333,,4700,,
0,1,,0.1,0.504167,0.395833,,5400,,
0,2,,0.416667,0,0.583333,,4900,,
0,2,,0.266667,0.1,0.633333,,3700,,
0,1,,0.354545,0.4,0.245455,,4400,,
0,2,,0.3,0.025,0.675,,4500,,
0,0,,0.4,0.2,0.4,,5200,,
0,1,,0.4,0.5,0.1,,6000,,
0,2,,0,0.2,0.8,,4600,,
0,2,,0.1,0.1,0.8,,4200,,
0,1,,0,0.8,0.2,,4500,,
0,1,,0,0.7,0.3,,3300,,
0,0,,0.366667,0.266667,0.366667,,3900,,
0,1,,0.318571,0.478571,0.202857,,6100,,
0,2,,0.1,0.2,0.7,,5700,,
0,2,,0.025,0.475,0.5,,3400,,
0,1,,0.366667,0.4,0.233333,,2800,,
0,2,,0.237799,0.156194,0.606007,,5300,,
0,1,,0,0.5,0.5,,4000,,
0,0,,0.507692,0.357692,0.134615,,3600,,
0,2,,0.2,0.2,0.6,,2400,,
0,1,,0.1,0.458333,0.441667,,4300,,
0,2,,0,0.485714,0.514286,,4900,,
0,2,,0.1,0.4,0.5,,5700,,
0,2,,0.1,0.15303,0.74697,,4200,,
0,0,,0.624821,0.194534,0.180645,,4200,,
0,2,,0.302196,0.112145,0.585659,,4000,,
0,2,,0.066667,0.25,0.683333,,5100,,
0,0,,0.413376,0.322293,0.264331,,5000,,
0,2,,0.2,0.363095,0.436905,,6300,,
0,2,,0.1,0.2,0.7,,4700,,
0,2,,0,0.4,0.6,,4900,,
0,0,,0.590541,0.398649,0.010811,,5700,,
0,2,,0,0.1,0.9,,4300,,
0,2,,0.178571,0.05,0.771429,,3200,,
0,2,,0.1,0.2,0.7,,5600,,
0,2,,0,0.2,0.8,,3900,,
0,2,,0.1,0.3,0.6,,4900,,
0,2,,0.07381,0.35,0.57619,,4000,,
0,2,,0.2,0.366667,0.433333,,4800,,
0,0,,0.414872,0.398462,0.186667,,5400,,
0,0,,0.5,0.5,0,,3000,,
0,2,,0.375,0.225,0.4,,5500,,
0,0,,0.4,0.4,0.2,,7400,,
0,2,,0.015625,0.48125,0.503125,,6500,,
0,1,,0.2625,0.5375,0.2,,5500,,
0,2,,0.15,0.1,0.75,,5100,,
0,2,,0.4,0.1,0.5,,4800,,
0,2,,0.2,0.1,0.7,,5500,,
0,1,,0.325,0.483333,0.191667,,4500,,
0,2,,0.225,0.125,0.65,,4100,,
0,1,,0.275,0.6,0.125,,3200,,
0,0,,0.666667,0,0.333333,,5100,,
0,2,,0.175,0.4,0.425,,4300,,
0,2,,0.234783,0.043478,0.721739,,3900,,
0,2,,0.149462,0.26129,0.589247,,4600,,
0,2,,0.3,0.1,0.6,,5700,,
0,2,,0.3,0.3,0.4,,3200,,
0,2,,0,0.27,0.73,,5300,,
0,0,,0.6125,0.20625,0.18125,,4100,,
0,2,,0.016667,0.2,0.783333,,4700,,
0,2,,0.02,0.17,0.81,,5700,,
0,1,,0.3,0.455,0.245,,13400,,
0,2,,0.2,0.175,0.625,,6000,,
0,2,,0.2375,0.285,0.4775,,6000,,
0,2,,0,0.253846,0.746154,,5400,,
0,0,,0.333333,0.333333,0.333333,,6000,,
0,2,,0.2,0.38,0.42,,5400,,
0,2,,0.1,0.1,0.8,,5700,,
0,0,,0.753333,0.226667,0.02,,4600,,
0,2,,0.266667,0.133333,0.6,,5200,,
0,2,,0.3,0.25,0.45,,4100,,
0,2,,0,0.2,0.8,,6300,,
0,2,,0.3,0.196154,0.503846,,5000,,
0,2,,0.422222,0.011111,0.566667,,4300,,
0,2,,0,0.4,0.6,,4800,,
0,2,,0.02,0.32,0.66,,4800,,
0,2,,0.2,0,0.8,,4800,,
0,2,,0.011111,0.315873,0.673016,,6800,,
0,1,,0.1,0.5,0.4,,5600,,
0,1,,0.125,0.5,0.375,,7900,,
0,2,,0.1,0.334091,0.565909,,6300,,
0,2,,0.235714,0.292857,0.471429,,6700,,
0,2,,0.1,0.44,0.46,,5200,,
0,2,,0.236667,0.22,0.543333,,4500,,
0,2,,0.4,0,0.6,,3800,,
0,2,,0.0375,0,0.9625,,4800,,
0,1,,0.2,0.5,0.3,,4500,,
0,0,,0.4,0.2,0.4,,4700,,
0,0,,0.5,0.35,0.15,,5800,,
0,2,,0.331667,0,0.668333,,4400,,
0,2,,0.211111,0.388889,0.4,,5200,,
0,2,,0.1,0.425,0.475,,4700,,
0,2,,0.1,0.4,0.5,,6100,,
0,1,,0.366667,0.4,0.233333,,3800,,
0,1,,0.3,0.4,0.3,,4000,,
0,2,,0.2,0.138095,0.661905,,4900,,
0,2,,0.2,0.1,0.7,,5300,,
0,0,,0.441667,0.402083,0.15625,,5000,,
0,2,,0.1,0.2,0.7,,6800,,
0,2,,0.2,0.1,0.7,,5100,,
0,2,,0.4,0.1,0.5,,6100,,
0,2,,0,0.314286,0.685714,,4800,,
0,0,,0.6,0.3,0.1,,3800,,
0,2,,0.009091,0.1,0.890909,,4700,,
0,2,,0.2,0.1,0.7,,3600,,
0,2,,0.1,0.2,0.7,,4100,,
0,1,,0.4,0.6,0,,5000,,
0,0,,0.404348,0.304348,0.291304,,4200,,
0,2,,0.3,0.2,0.5,,3800,,
0,1,,0.35,0.4,0.25,,4900,,
0,1,,0.111111,0.522222,0.366667,,6300,,
0,1,,0.232222,0.45,0.317778,,3200,,
0,2,,0.1,0.1,0.8,,5100,,
0,2,,0.34,0.271429,0.388571,,5100,,
0,1,,0,0.8,0.2,,6700,,
0,2,,0.323077,0.125385,0.551538,,4700,,
0,0,,0.56359,0.093077,0.343333,,4900,,
0,1,,0,0.8,0.2,,3700,,
0,2,,0.116667,0,0.883333,,4100,,
0,2,,0,0.1,0.9,,5100,,
0,1,,0.12,0.545,0.335,,4200,,
0,1,,0.1,0.766667,0.133333,,4800,,
0,2,,0.3,0.1,0.6,,3400,,
0,2,,0.166667,0,0.833333,,5700,,
0,2,,0.438077,0.007692,0.554231,,2800,,
0,2,,0.3,0.1,0.6,,5200,,
0,2,,0.313333,0.066667,0.62,,4100,,
0,1,,0.153907,0.56672,0.279373,,6000,,
0,2,,0.203448,0.077586,0.718966,,4700,,
0,1,,0,0.62,0.38,,4500,,
0,2,,0.2,0.3,0.5,,6500,,
0,2,,0.3,0.1,0.6,,4000,,
0,1,,0.22,0.48,0.3,,4700,,
0,0,,0.454815,0.207407,0.337778,,4000,,
0,1,,0,0.55,0.45,,4200,,
0,0,,0.458333,0.136667,0.405,,4600,,
0,2,,0,0.4,0.6,,3400,,
0,2,,0.4,0.1,0.5,,4200,,
0,1,,0.028571,0.503095,0.468333,,6700,,
0,2,,0.1,0.4,0.5,,4600,,
0,2,,0,0.44,0.56,,3400,,
0,2,,0.1,0.354545,0.545455,,5900,,
0,2,,0.1,0.2,0.7,,4900,,
0,1,,0.1,0.5,0.4,,4900,,
0,2,,0.202381,0.135714,0.661905,,4900,,
0,1,,0.014286,0.65,0.335714,,6000,,
0,0,,0.510714,0.057143,0.432143,,3700,,
0,2,,0,0.06,0.94,,6100,,
0,0,,0.5,0,0.5,,4600,,
0,2,,0.2,0.125,0.675,,4900,,
0,0,,0.4,0.3,0.3,,4700,,
0,0,,0.7,0.1,0.2,,4200,,
0,0,,0.7,0.036364,0.263636,,3100,,
0,1,,0.04,0.6,0.36,,4100,,
0,2,,0.2,0.3,0.5,,6600,,
0,1,,0.330256,0.456667,0.213077,,6500,,
0,2,,0.25,0.0125,0.7375,,3100,,
0,2,,0.1,0.2,0.7,,4100,,
0,0,,0.54,0.12,0.34,,7300,,
0,2,,0.475,0,0.525,,4500,,
0,2,,0.224,0.26,0.516,,4200,,
0,2,,0.2,0,0.8,,5100,,
0,2,,0.35,0.025,0.625,,3800,,
0,2,,0.435343,0.085013,0.479644,,5000,,
0,0,,0.4875,0.3625,0.15,,4200,,
0,2,,0,0,1,,4100,,
0,2,,0.349068,0.208696,0.442236,,4400,,
0,2,,0.35,0.205,0.445,,5000,,
0,2,,0.057143,0,0.942857,,3600,,
0,2,,0.2,0,0.8,,5100,,
0,0,,0.403846,0.205769,0.390385,,4100,,
0,2,,0,0.3,0.7,,4600,,
0,1,,0,0.575,0.425,,5400,,
0,2,,0.1,0.033333,0.866667,,5100,,
0,2,,0.255556,0.144444,0.6,,3800,,
0,1,,0.15,0.6,0.25,,5000,,
0,1,,0.164423,0.514423,0.321154,,5500,,
0,1,,0.3,0.383333,0.316667,,4100,,
0,0,,0.56125,0.1125,0.32625,,7300,,
0,2,,0.322222,0.011111,0.666667,,3700,,
0,2,,0.2,0.2,0.6,,4300,,
0,0,,0.45,0.25,0.3,,3000,,
0,2,,0.074286,0.2,0.725714,,5200,,
0,0,,0.583333,0.116667,0.3,,5100,,
0,2,,0.1625,0.2,0.6375,,7000,,
0,1,,0.311111,0.488889,0.2,,3700,,
0,1,,0.1,0.6,0.3,,4700,,
0,2,,0.05,0.25,0.7,,5000,,
0,2,,0.075,0.225,0.7,,5700,,
0,1,,0,0.775641,0.224359,,4800,,
0,0,,0.393096,0.377453,0.229451,,3000,,
0,2,,0.341667,0.185,0.473333,,3500,,
0,2,,0.216667,0,0.783333,,5400,,
0,2,,0.254167,0.25,0.495833,,5500,,
0,0,,0.52,0.1,0.38,,6100,,
0,2,,0,0.225,0.775,,3900,,
0,1,,0,0.5,0.5,,5400,,
0,2,,0,0,1,,3200,,
0,1,,0.25,0.6,0.15,,4600,,
0,2,,0.308333,0.2,0.491667,,6600,,
0,2,,0.064103,0.382051,0.553846,,5500,,
0,2,,0.253333,0.166667,0.58,,5900,,
0,1,,0.007143,0.573599,0.419258,,5300,,
0,2,,0,0.1,0.9,,4500,,
0,2,,0.2,0.1,0.7,,5100,,
0,2,,0.1,0.4,0.5,,4800,,
0,1,,0.1,0.7,0.2,,5400,,
0,1,,0.2,0.4,0.4,,3500,,
0,2,,0.4,0.044444,0.555556,,3200,,
0,1,,0.123016,0.547222,0.329762,,5000,,
0,1,,0,0.514286,0.485714,,4900,,
0,1,,0.009091,0.559091,0.431818,,3200,,
0,2,,0,0.36,0.64,,6400,,
0,2,,0.4,0.1,0.5,,4500,,
0,2,,0.2,0.1,0.7,,4500,,
0,2,,0.005594,0.100699,0.893706,,4800,,
0,1,,0.133333,0.766667,0.1,,5000,,
0,1,,0.15,0.525,0.325,,4500,,
0,2,,0.185455,0.327273,0.487273,,4000,,
0,2,,0,0.07,0.93,,6500,,
0,1,,0.389091,0.424545,0.186364,,3900,,
0,0,,0.38,0.26,0.36,,5400,,
0,0,,0.447826,0.2,0.352174,,4700,,
0,1,,0.3,0.4,0.3,,3800,,
0,2,,0.1,0.22,0.68,,5700,,
0,2,,0.329167,0.133333,0.5375,,5900,,
0,1,,0.3,0.4,0.3,,4700,,
0,2,,0.1,0.3,0.6,,5200,,
0,0,,0.5,0.133333,0.366667,,4800,,
0,1,,0,0.5,0.5,,5800,,
0,2,,0.384783,0.229842,0.385375,,4100,,
0,2,,0.257018,0.234211,0.508772,,4200,,
0,0,,0.4,0.4,0.2,,6000,,
0,2,,0.016667,0.354167,0.629167,,5200,,
0,1,,0.1,0.471429,0.428571,,6800,,
0,2,,0.04,0.022727,0.937273,,5000,,
0,0,,0.5,0.133333,0.366667,,5500,,
0,2,,0.1,0.1,0.8,,4400,,
0,1,,0,0.7,0.3,,5400,,
0,1,,0.304,0.372,0.324,,6000,,
0,0,,0.45,0.12,0.43,,5200,,
0,0,,0.475,0.134286,0.390714,,5000,,
0,0,,0.422222,0.2,0.377778,,4000,,
0,0,,0.4525,0.32,0.2275,,6700,,
0,2,,0.14,0.066667,0.793333,,5200,,
0,0,,0.5,0,0.5,,3800,,
0,2,,0.4,0,0.6,,5000,,
0,2,,0.4,0.042857,0.557143,,5400,,
0,2,,0.282424,0.251667,0.465909,,4700,,
0,2,,0.1,0.4,0.5,,4000,,
0,2,,0.15,0.1,0.75,,4600,,
0,2,,0,0.1,0.9,,6300,,
0,1,,0.015476,0.647619,0.336905,,6700,,
0,1,,0.1,0.5,0.4,,3900,,
0,2,,0,0,1,,5200,,
0,0,,0.389286,0.348214,0.2625,,3700,,
0,2,,0.2,0.1,0.7,,8200,,
0,2,,0.22,0.346667,0.433333,,5200,,
0,2,,0,0.216667,0.783333,,6200,,
0,1,,0.1,0.583333,0.316667,,3800,,
0,1,,0.3,0.4,0.3,,2900,,
0,1,,0.333333,0.4,0.266667,,4600,,
0,2,,0.033333,0.4125,0.554167,,4100,,
0,2,,0.35,0.1,0.55,,3900,,
0,2,,0.1,0.1,0.8,,6800,,
0,0,,0.5,0,0.5,,3400,,
0,2,,0.033333,0.233333,0.733333,,4300,,
0,2,,0.42,0,0.58,,6000,,
0,1,,0.266667,0.5,0.233333,,4800,,
0,2,,0.2,0.3,0.5,,6400,,
0,0,,0.591176,0.017647,0.391176,,5200,,
0,2,,0.125,0.341667,0.533333,,6300,,
0,1,,0.05,0.81,0.14,,6200,,
0,2,,0,0.22,0.78,,3400,,
0,0,,0.605769,0.132692,0.261538,,6600,,
0,2,,0.15,0.333333,0.516667,,3800,,
0,2,,0.3,0.142857,0.557143,,4800,,
0,2,,0.138624,0.202037,0.659339,,5900,,
0,1,,0.2,0.4,0.4,,3900,,
0,1,,0,0.5,0.5,,5900,,
0,1,,0.1,0.5,0.4,,3800,,
0,2,,0.1,0.3,0.6,,6000,,
0,1,,0.364286,0.478571,0.157143,,4900,,
0,2,,0.1,0.4,0.5,,3800,,
0,0,,0.516667,0.183333,0.3,,4800,,
0,0,,0.82381,0,0.17619,,4600,,
0,1,,0.207051,0.471795,0.321154,,5800,,
0,1,,0.1,0.6,0.3,,4800,,
0,2,,0.25,0.37,0.38,,5500,,
0,2,,0,0,1,,4400,,
0,2,,0.2,0.2,0.6,,5000,,
0,0,,0.433333,0.366667,0.2,,5300,,
0,2,,0.46,0.04,0.5,,4700,,
0,1,,0.316667,0.56,0.123333,,4000,,
0,2,,0.15,0.308333,0.541667,,3500,,
0,2,,0.3,0.26,0.44,,5400,,
0,2,,0.2,0.307143,0.492857,,3900,,
0,2,,0.009608,0,0.990392,,6400,,
0,2,,0.1,0.411111,0.488889,,5000,,
0,2,,0.242857,0.3,0.457143,,5600,,
0,1,,0.35,0.4,0.25,,6000,,
0,2,,0,0.3,0.7,,4800,,
0,1,,0.1,0.5,0.4,,4700,,
0,1,,0.2,0.4,0.4,,7000,,
0,2,,0.016667,0.479167,0.504167,,4100,,
0,2,,0.1,0.166667,0.733333,,6400,,
0,2,,0.171667,0.231667,0.596667,,4600,,
0,2,,0.2,0.2,0.6,,4500,,
0,2,,0.416484,0.114286,0.469231,,3900,,
0,2,,0.3,0.3,0.4,,5200,,
0,2,,0.3,0.2,0.5,,4800,,
0,1,,0,0.5,0.5,,4300,,
0,1,,0.2,0.5,0.3,,3600,,
0,1,,0.3,0.4,0.3,,4100,,
0,1,,0.133333,0.633333,0.233333,,5200,,
0,2,,0.283333,0.325,0.391667,,5500,,
0,2,,0.1,0.4,0.5,,3800,,
0,1,,0.22,0.5,0.28,,5300,,
0,1,,0.35,0.55,0.1,,3400,,
0,1,,0.25,0.45,0.3,,4400,,
0,0,,0.452,0.28,0.268,,5300,,
0,2,,0.3,0.3,0.4,,4500,,
0,2,,0.414286,0.1,0.485714,,5700,,
0,2,,0,0.34,0.66,,5300,,
0,0,,0.4,0.2,0.4,,3800,,
0,0,,0.475,0.075,0.45,,3600,,
0,2,,0.2,0.2,0.6,,4600,,
0,2,,0,0.4,0.6,,4900,,
0,0,,0.5,0.333333,0.166667,,4600,,
0,2,,0.3,0.059091,0.640909,,3600,,
0,2,,0.1,0.313333,0.586667,,3300,,
0,2,,0.161111,0.35,0.488889,,5300,,
0,1,,0.05,0.828571,0.121429,,4900,,
0,2,,0.283333,0.2,0.516667,,4400,,
0,1,,0.2,0.6,0.2,,4300,,
0,0,,0.546154,0.446154,0.007692,,6000,,
0,0,,0.508333,0.2,0.291667,,4100,,
0,2,,0.2,0.228571,0.571429,,5700,,
0,1,,0,0.9,0.1,,3400,,
0,1,,0,0.6,0.4,,3700,,
0,2,,0.091667,0.006667,0.901667,,4900,,
0,2,,0.25,0.2,0.55,,5000,,
0,2,,0.1,0.1,0.8,,3900,,
0,0,,0.696667,0,0.303333,,3700,,
0,1,,0.435334,0.468954,0.095711,,3800,,
0,2,,0.125,0.2,0.675,,3800,,
0,2,,0.327273,0.154545,0.518182,,6400,,
0,1,,0.05,0.761538,0.188462,,5200,,
0,2,,0.269597,0.061538,0.668864,,6400,,
0,2,,0.2,0.2,0.6,,5400,,
0,2,,0.031111,0.452222,0.516667,,5000,,
0,2,,0.228571,0.319048,0.452381,,4500,,
0,2,,0,0.334615,0.665385,,11200,,
0,2,,0.1,0.05,0.85,,5300,,
0,1,,0.104762,0.619048,0.27619,,5700,,
0,2,,0.1,0.333333,0.566667,,4900,,
0,0,,0.47069,0.134483,0.394828,,4900,,
0,2,,0.21875,0.191667,0.589583,,6000,,
0,0,,0.436364,0.285859,0.277778,,5400,,
0,2,,0.228571,0,0.771429,,4500,,
0,2,,0.244444,0.011111,0.744444,,4500,,
0,1,,0.2,0.4,0.4,,5500,,
0,1,,0.2,0.5,0.3,,6500,,
0,2,,0.028571,0,0.971429,,5100,,
0,2,,0,0.2,0.8,,4900,,
0,1,,0.2,0.6625,0.1375,,3700,,
0,2,,0.2,0.314286,0.485714,,5000,,
0,2,,0.135788,0.131664,0.732548,,4400,,
0,1,,0.2,0.4,0.4,,5600,,
0,2,,0.033333,0.466667,0.5,,4300,,
0,2,,0.061304,0.281739,0.656957,,4100,,
0,2,,0.033333,0.1,0.866667,,5200,,
0,2,,0.1,0.3,0.6,,5500,,
0,2,,0.1,0.325,0.575,,5400,,
0,2,,0.1,0.2,0.7,,4600,,
0,2,,0.145,0.145,0.71,,4800,,
0,2,,0.12,0.106667,0.773333,,5100,,
0,2,,0,0.15,0.85,,6600,,
0,2,,0.02,0.12,0.86,,5400,,
0,2,,0.125,0.1625,0.7125,,4000,,
0,1,,0.1,0.6,0.3,,4600,,
0,1,,0.414286,0.457143,0.128571,,3700,,
0,1,,0.1,0.6,0.3,,5500,,
0,1,,0.2,0.5,0.3,,5500,,
0,0,,0.4,0.3,0.3,,5200,,
0,2,,0,0.1,0.9,,3900,,
0,2,,0.401111,0.131481,0.467407,,5500,,
0,2,,0.316667,0,0.683333,,5600,,
0,2,,0.008571,0.137656,0.853773,,5700,,
0,2,,0.19881,0.221429,0.579762,,6600,,
0,0,,0.6,0.1,0.3,,5300,,
0,2,,0.02,0.4,0.58,,5700,,
0,1,,0,0.9,0.1,,4800,,
0,2,,0.308333,0.133333,0.558333,,4600,,
0,2,,0.2,0.178571,0.621429,,5900,,
0,2,,0.268182,0.309091,0.422727,,4800,,
0,2,,0,0.35,0.65,,5700,,
0,2,,0.113889,0.084524,0.801587,,3500,,
0,1,,0.145455,0.433333,0.421212,,5700,,
0,2,,0.022222,0.2,0.777778,,3800,,
0,2,,0.1,0.227273,0.672727,,5700,,
0,1,,0.212963,0.730556,0.056481,,5000,,
0,2,,0.31,0.28,0.41,,4800,,
0,2,,0.45,0.05,0.5,,4000,,
0,2,,0,0.04,0.96,,5900,,
0,2,,0,0.2,0.8,,4200,,
0,2,,0,0.35,0.65,,6000,,
0,1,,0,0.6,0.4,,4500,,
0,2,,0.1,0.166667,0.733333,,5000,,
0,2,,0.266667,0,0.733333,,3500,,
0,2,,0.194805,0.163074,0.642121,,4800,,
0,2,,0.126667,0.02,0.853333,,6100,,
0,2,,0.3,0.1,0.6,,4900,,
0,2,,0,0.357143,0.642857,,4300,,
0,2,,0.211111,0.011111,0.777778,,5800,,
0,1,,0.3,0.666667,0.033333,,5000,,
0,1,,0.32,0.58,0.1,,6900,,
0,1,,0.1,0.5,0.4,,4600,,
0,2,,0.1,0.116667,0.783333,,5500,,
0,1,,0,0.566667,0.433333,,5500,,
0,1,,0.223077,0.461538,0.315385,,4500,,
0,1,,0.1,0.65,0.25,,5900,,
0,2,,0.177778,0.3,0.522222,,6600,,
0,1,,0,0.5,0.5,,5100,,
0,1,,0,0.725,0.275,,5600,,
0,2,,0.242754,0.073333,0.683913,,4800,,
0,0,,0.347826,0.33913,0.313043,,3500,,
0,2,,0.125,0.05,0.825,,4800,,
0,2,,0.333333,0.166667,0.5,,3600,,
0,2,,0.1125,0.1,0.7875,,4700,,
0,1,,0.1,0.510714,0.389286,,5600,,
0,0,,0.567857,0.403571,0.028571,,3600,,
0,2,,0,0.3,0.7,,7200,,
0,2,,0.1,0,0.9,,5300,,
0,0,,0.675,0.2,0.125,,4100,,
0,2,,0.275,0.25,0.475,,4500,,
0,2,,0,0.1,0.9,,4100,,
0,2,,0.2625,0.1375,0.6,,4700,,
0,2,,0,0,1,,4700,,
0,1,,0.225,0.5375,0.2375,,3900,,
0,0,,0.6,0.3,0.1,,4900,,
0,2,,0.214286,0.209524,0.57619,,5000,,
0,1,,0.1,0.5,0.4,,3100,,
0,1,,0.4,0.5,0.1,,6600,,
0,2,,0.266667,0.016667,0.716667,,6700,,
0,2,,0.1,0.1,0.8,,4200,,
0,2,,0.1,0.191667,0.708333,,6500,,
0,2,,0.2,0.1,0.7,,5600,,
0,2,,0.333333,0.2,0.466667,,4300,,
0,0,,0.408333,0.3,0.291667,,9400,,
0,1,,0.3,0.5,0.2,,4800,,
0,2,,0.110819,0.011637,0.877544,,5100,,
0,2,,0.209091,0.054545,0.736364,,3800,,
0,2,,0.075,0.376667,0.548333,,5300,,
0,2,,0.211538,0.242308,0.546154,,5800,,
0,2,,0,0.3,0.7,,4800,,
0,2,,0.1,0.4,0.5,,3400,,
0,1,,0.386667,0.393333,0.22,,7400,,
0,0,,0.5,0.16,0.34,,4500,,
0,1,,0.12,0.74,0.14,,4700,,
0,2,,0,0.1,0.9,,5200,,
0,2,,0.2125,0.125,0.6625,,4700,,
0,1,,0.307143,0.416667,0.27619,,5900,,
0,2,,0,0.02,0.98,,4500,,
0,2,,0.3,0.2,0.5,,3800,,
0,2,,0.25,0.1,0.65,,2900,,
0,2,,0.233333,0.206667,0.56,,4800,,
0,1,,0.2,0.8,0,,5400,,
0,1,,0.2,0.5,0.3,,5800,,
0,2,,0.137037,0.133333,0.72963,,5300,,
0,1,,0.12,0.54,0.34,,6200,,
0,2,,0.209091,0.333333,0.457576,,4100,,
0,0,,0.565686,0.192437,0.241877,,5100,,
0,1,,0.3,0.5,0.2,,4600,,
0,2,,0.085,0.14,0.775,,3700,,
0,0,,0.381709,0.279487,0.338803,,5400,,
0,1,,0.3,0.4,0.3,,4700,,
0,2,,0.3,0,0.7,,4600,,
0,2,,0,0.05,0.95,,6700,,
0,2,,0.117857,0.414048,0.468095,,5900,,
0,2,,0.047619,0.2,0.752381,,5300,,
0,1,,0.3,0.5,0.2,,5400,,
0,2,,0.1,0.1,0.8,,4600,,
0,1,,0.05,0.55,0.4,,6000,,
0,2,,0.225,0.1,0.675,,4700,,
