contraceptive-method,DStump,test,1,NANOSECONDS,PREDICTIONS, Generated by ClassifierExperiments.java on 2022-05-16 13:47:58.    SYSTEMPROPERTIES:{user.name:matth,os.arch:amd64,os.name:Windows 10},ENDSYSTEMPROPERTIES
No parameter info
0.5101351351351351,13959500,495500,-1,0,3,,-1,-1
0,2,,0.448462,0.035846,0.515692,,7500,,
0,2,,0.291212,0.124848,0.583939,,4400,,
0,0,,0.849769,0.011765,0.138466,,3700,,
0,2,,0.330495,0.285627,0.383878,,4000,,
0,2,,0.278455,0.285024,0.436521,,3500,,
0,0,,0.784347,0.059292,0.156361,,2800,,
0,0,,0.850844,0.022326,0.126829,,3100,,
0,0,,0.675,0,0.325,,2100,,
0,0,,0.603463,0.097403,0.299134,,3400,,
0,0,,0.683636,0.054848,0.261515,,2100,,
0,0,,0.812778,0.048333,0.138889,,2600,,
0,2,,0.198485,0.033333,0.768182,,4000,,
0,2,,0,0.166667,0.833333,,3900,,
0,0,,0.935185,0.02037,0.044444,,1200,,
0,0,,0.938889,0,0.061111,,1400,,
0,0,,0.709438,0.032423,0.258139,,2500,,
0,0,,0.538024,0.239553,0.222423,,1500,,
0,0,,0.580091,0.217213,0.202696,,1800,,
0,1,,0.12013,0.62013,0.25974,,3400,,
0,0,,1,0,0,,1600,,
0,0,,0.971304,0.001739,0.026957,,1200,,
0,0,,0.481488,0.069107,0.449405,,3600,,
0,0,,0.865,0.105,0.03,,2700,,
0,0,,0.50908,0.249129,0.241791,,2600,,
0,0,,0.728,0.268,0.004,,1600,,
0,0,,0.807143,0.059524,0.133333,,3000,,
0,0,,0.477082,0.141091,0.381828,,2700,,
0,0,,0.41077,0.337292,0.251939,,2600,,
0,2,,0.033333,0.111111,0.855556,,3000,,
0,0,,0.50641,0.068478,0.425112,,2200,,
0,2,,0,0,1,,3900,,
0,0,,0.659776,0.015385,0.32484,,1700,,
0,1,,0.1,0.5,0.4,,1100,,
0,1,,0.274444,0.465,0.260556,,2400,,
0,0,,0.886324,0,0.113676,,1400,,
0,1,,0.278706,0.519605,0.201689,,2200,,
0,0,,0.971429,0.014286,0.014286,,1000,,
0,0,,0.95,0,0.05,,1300,,
0,0,,0.8,0.2,0,,800,,
0,2,,0.341795,0.270769,0.387436,,1800,,
0,2,,0.125,0.34,0.535,,3200,,
0,0,,0.778312,0.057249,0.16444,,2000,,
0,0,,0.508904,0.257903,0.233194,,2700,,
0,1,,0.057168,0.716528,0.226304,,1700,,
0,0,,0.451613,0.206452,0.341935,,1900,,
0,0,,0.62082,0.063266,0.315913,,2400,,
0,0,,0.928571,0.057143,0.014286,,800,,
0,1,,0.244875,0.466341,0.288784,,3700,,
0,1,,0.06299,0.804248,0.132762,,1600,,
0,1,,0.02856,0.698936,0.272504,,2400,,
0,0,,0.943077,0.032308,0.024615,,1100,,
0,0,,0.42,0.24,0.34,,2300,,
0,2,,0.431781,0.128595,0.439624,,1100,,
0,0,,0.9,0,0.1,,900,,
0,0,,0.933333,0,0.066667,,1400,,
0,0,,0.510833,0.304167,0.185,,1600,,
0,0,,0.663333,0.085556,0.251111,,1600,,
0,2,,0.2375,0.2875,0.475,,3500,,
0,0,,0.625,0.158333,0.216667,,2800,,
0,2,,0.274444,0.165,0.560556,,1500,,
0,0,,0.606609,0.158824,0.234568,,3200,,
0,0,,0.7875,0.2,0.0125,,1700,,
0,0,,0.860193,0.01285,0.126957,,1300,,
0,0,,1,0,0,,700,,
0,0,,0.813746,0.02,0.166254,,1300,,
0,0,,0.825811,0.133481,0.040708,,1000,,
0,0,,0.82063,0.095224,0.084146,,1100,,
0,0,,0.684445,0.143822,0.171733,,2700,,
0,0,,0.8,0.1,0.1,,1000,,
0,0,,0.688889,0,0.311111,,700,,
0,0,,0.608333,0.066667,0.325,,2000,,
0,0,,0.932639,0,0.067361,,600,,
0,0,,0.7,0,0.3,,2400,,
0,0,,0.828889,0,0.171111,,2100,,
0,2,,0.29,0.12,0.59,,2900,,
0,0,,0.726724,0.135446,0.13783,,2600,,
0,2,,0,0.033333,0.966667,,2500,,
0,0,,0.600139,0.19309,0.206771,,2300,,
0,0,,1,0,0,,1500,,
0,0,,0.868382,0.021324,0.110294,,2100,,
0,0,,0.925465,0.007326,0.067209,,1400,,
0,1,,0.390548,0.494299,0.115153,,900,,
0,0,,0.771627,0.1,0.128373,,600,,
0,0,,0.791558,0,0.208442,,900,,
0,0,,0.485625,0.211752,0.302624,,2100,,
0,1,,0.028571,0.628571,0.342857,,2100,,
0,1,,0.126724,0.734437,0.138839,,2000,,
0,1,,0,1,0,,1900,,
0,0,,0.915079,0,0.084921,,1300,,
0,0,,0.405336,0.350389,0.244276,,2400,,
0,0,,0.611272,0.056693,0.332035,,1400,,
0,0,,0.493462,0.433077,0.073462,,900,,
0,2,,0,0,1,,2200,,
0,2,,0.378571,0.125,0.496429,,2100,,
0,0,,0.930128,0.001739,0.068133,,600,,
0,2,,0.221192,0.091084,0.687724,,1500,,
0,0,,0.888095,0.025,0.086905,,2200,,
0,0,,0.496429,0.225952,0.277619,,1700,,
0,2,,0.1,0,0.9,,3600,,
0,0,,0.788889,0,0.211111,,700,,
0,2,,0.085714,0.071429,0.842857,,1800,,
0,0,,0.733824,0.113655,0.152522,,1100,,
0,0,,0.819231,0.007692,0.173077,,2000,,
0,0,,0.652115,0,0.347885,,2700,,
0,2,,0.199773,0.268939,0.531288,,1800,,
0,1,,0.02856,0.698936,0.272504,,700,,
0,0,,0.963636,0.018182,0.018182,,1400,,
0,0,,0.544444,0.248611,0.206944,,1500,,
0,0,,0.935714,0,0.064286,,800,,
0,0,,0.61875,0.04375,0.3375,,1100,,
0,0,,0.89302,0.035846,0.071133,,700,,
0,0,,0.404573,0.201736,0.393692,,1400,,
0,0,,0.878107,0.032,0.089893,,800,,
0,0,,0.972222,0,0.027778,,700,,
0,0,,0.937802,0.025966,0.036232,,800,,
0,0,,0.576958,0.174184,0.248858,,1100,,
0,2,,0.377778,0.102778,0.519444,,1700,,
0,2,,0.02,0.116667,0.863333,,3300,,
0,0,,0.878107,0.032,0.089893,,700,,
0,0,,0.66381,0.077619,0.258571,,2400,,
0,0,,0.8,0,0.2,,800,,
0,0,,0.866667,0.006667,0.126667,,600,,
0,2,,0.026786,0.057143,0.916071,,2200,,
0,1,,0.1,0.6,0.3,,1500,,
0,1,,0.117512,0.498041,0.384447,,2600,,
0,0,,0.8,0.2,0,,1900,,
1,2,,0.334783,0.213043,0.452174,,2800,,
1,2,,0.266266,0.172896,0.560838,,1400,,
1,1,,0.193829,0.612288,0.193883,,1600,,
1,1,,0.272039,0.376272,0.351689,,1800,,
1,1,,0.058666,0.737594,0.20374,,1700,,
1,1,,0,1,0,,2700,,
1,2,,0.265,0.1,0.635,,1500,,
1,0,,0.497059,0.109314,0.393627,,1800,,
1,1,,0.255455,0.661545,0.083,,1500,,
1,0,,0.530803,0.394372,0.074825,,1800,,
1,2,,0.337879,0.168182,0.493939,,1600,,
1,1,,0.180584,0.524964,0.294453,,1400,,
1,2,,0,0.483333,0.516667,,1100,,
1,0,,0.8,0,0.2,,1100,,
1,2,,0.172857,0.02,0.807143,,1500,,
1,1,,0.191916,0.477987,0.330097,,2900,,
1,2,,0.114286,0.37696,0.508755,,2700,,
1,1,,0.292857,0.4,0.307143,,1700,,
1,2,,0.118695,0.075214,0.806091,,1700,,
1,2,,0.189042,0.009674,0.801284,,1500,,
1,1,,0,0.9,0.1,,900,,
1,1,,0.025,0.975,0,,2000,,
1,2,,0.218579,0.23606,0.545361,,2100,,
1,2,,0.20119,0.280952,0.517857,,2000,,
1,2,,0,0.1,0.9,,1400,,
1,1,,0,0.5,0.5,,700,,
1,2,,0.333333,0,0.666667,,1900,,
1,0,,0.622498,0.104123,0.273379,,3600,,
1,2,,0.440917,0.062541,0.496543,,1800,,
1,1,,0.086103,0.50661,0.407287,,1500,,
1,1,,0.318333,0.534487,0.147179,,1400,,
1,0,,0.785931,0.037662,0.176407,,1900,,
1,2,,0.108333,0.058333,0.833333,,1300,,
1,1,,0.194643,0.736786,0.068571,,2100,,
1,2,,0.48,0,0.52,,1700,,
1,0,,0.451613,0.206452,0.341935,,800,,
1,0,,0.475,0.1,0.425,,2100,,
1,0,,0.841069,0.10566,0.053272,,2500,,
1,1,,0.121939,0.828606,0.049455,,1200,,
1,0,,0.463462,0.279179,0.257359,,1600,,
1,0,,0.43303,0.143131,0.423838,,1300,,
1,1,,0.072857,0.82,0.107143,,900,,
1,1,,0.227059,0.590028,0.182913,,1300,,
1,0,,0.447145,0.400466,0.152389,,1300,,
1,0,,0.649167,0.065556,0.285278,,1500,,
1,1,,0.160833,0.6275,0.211667,,3300,,
1,0,,0.459568,0.150031,0.390401,,1500,,
1,1,,0.178,0.818,0.004,,900,,
1,2,,0.449115,0.052442,0.498443,,2100,,
1,2,,0.34881,0.067857,0.583333,,1300,,
1,0,,0.619561,0.104788,0.275651,,1700,,
1,1,,0.247669,0.534033,0.218298,,1800,,
1,2,,0.257661,0.262569,0.479769,,1300,,
1,1,,0.485,0.515,0,,2100,,
1,0,,0.727593,0.103795,0.168612,,1100,,
1,2,,0.387567,0.201211,0.411222,,1500,,
1,0,,0.435,0.356667,0.208333,,1600,,
1,2,,0.175,0,0.825,,1500,,
1,0,,0.807143,0.042857,0.15,,1100,,
1,1,,0.208333,0.528333,0.263333,,2100,,
1,0,,0.533382,0.274657,0.191961,,1700,,
1,0,,0.484615,0.249738,0.265647,,1000,,
1,2,,0.114787,0.31609,0.569123,,2600,,
1,1,,0.005263,0.753947,0.240789,,1600,,
1,0,,0.940193,0.03285,0.026957,,600,,
1,2,,0.31098,0.284691,0.404329,,2200,,
1,2,,0.409942,0.154133,0.435925,,1500,,
2,0,,0.585867,0.066103,0.34803,,1500,,
2,2,,0.186667,0.015556,0.797778,,1900,,
2,2,,0.304667,0.186222,0.509111,,1500,,
2,2,,0.303453,0.330769,0.365778,,1600,,
2,2,,0.458033,0.021053,0.520915,,1900,,
2,2,,0.111111,0,0.888889,,1800,,
2,0,,0.8,0,0.2,,1400,,
2,2,,0.043462,0.074423,0.882115,,1100,,
2,2,,0.1,0,0.9,,1600,,
2,1,,0,0.9,0.1,,2400,,
2,2,,0.072857,0.353333,0.57381,,1000,,
2,1,,0.2276,0.538651,0.233749,,1500,,
2,0,,0.515503,0.084751,0.399746,,1100,,
2,2,,0.156643,0.240397,0.60296,,700,,
2,2,,0.077778,0.33,0.592222,,1300,,
2,2,,0.290476,0.228571,0.480952,,2200,,
2,2,,0.395833,0.1,0.504167,,1000,,
2,1,,0.401555,0.433867,0.164579,,1700,,
2,1,,0.024242,0.842424,0.133333,,800,,
2,1,,0.139787,0.53609,0.324123,,1700,,
2,0,,0.444656,0.150082,0.405262,,1600,,
2,0,,0.636724,0.166728,0.196548,,700,,
2,0,,0.733333,0.156667,0.11,,900,,
2,1,,0.033333,0.9,0.066667,,3000,,
2,0,,0.5,0.075,0.425,,1600,,
2,2,,0.109764,0.278907,0.611329,,1700,,
2,2,,0.2,0.1,0.7,,1800,,
2,2,,0.262476,0.100397,0.637127,,1200,,
2,2,,0.267266,0.297213,0.435521,,1800,,
2,2,,0.39,0.17,0.44,,1200,,
2,2,,0.360606,0.079545,0.559848,,1300,,
2,0,,0.45,0.367857,0.182143,,1000,,
2,1,,0.018462,0.836923,0.144615,,1400,,
2,2,,0.39803,0.078131,0.523838,,1200,,
2,0,,0.745833,0.125,0.129167,,2300,,
2,1,,0.093333,0.61,0.296667,,1400,,
2,0,,0.447049,0.145028,0.407924,,1300,,
2,2,,0.06627,0.026984,0.906746,,1700,,
2,2,,0.276571,0.108286,0.615143,,1900,,
2,2,,0.1,0,0.9,,2000,,
2,1,,0,1,0,,900,,
2,0,,0.733333,0.016667,0.25,,1400,,
2,0,,0.658333,0.108333,0.233333,,900,,
2,0,,1,0,0,,1500,,
2,0,,0.602115,0,0.397885,,1100,,
2,1,,0.2276,0.538651,0.233749,,700,,
2,1,,0.220833,0.416667,0.3625,,700,,
2,1,,0,0.983333,0.016667,,1800,,
2,2,,0,0.216667,0.783333,,1000,,
2,0,,0.593663,0.130429,0.275908,,1000,,
2,0,,0.372039,0.326272,0.301689,,1200,,
2,2,,0.25,0,0.75,,1100,,
2,0,,0.565706,0.240295,0.193999,,1700,,
2,0,,0.883333,0.1,0.016667,,1200,,
2,0,,0.818889,0.016667,0.164444,,1000,,
2,2,,0.332668,0.025806,0.641526,,1700,,
2,2,,0.266488,0.144207,0.589305,,1400,,
2,0,,0.844444,0.044444,0.111111,,1300,,
2,2,,0.155075,0.260464,0.584461,,1100,,
2,1,,0.241667,0.558333,0.2,,1800,,
2,2,,0.1,0.166667,0.733333,,1200,,
2,2,,0.425397,0,0.574603,,1000,,
2,0,,0.696627,0,0.303373,,1100,,
2,0,,0.45,0.1,0.45,,1100,,
2,0,,0.5,0.075,0.425,,800,,
2,1,,0.043462,0.789006,0.167532,,1000,,
2,0,,0.429722,0.17164,0.398638,,1200,,
2,0,,0.52,0,0.48,,2100,,
2,2,,0.255994,0.25,0.494006,,1300,,
2,2,,0.3543,0.180881,0.464819,,1400,,
2,0,,0.64053,0.212879,0.146591,,800,,
2,1,,0.215404,0.411364,0.373232,,1400,,
2,2,,0.116429,0,0.883571,,1200,,
2,0,,0.495833,0.2,0.304167,,800,,
2,0,,0.739059,0.14578,0.115161,,1100,,
2,2,,0.316667,0,0.683333,,1200,,
2,0,,0.614677,0.05049,0.334832,,900,,
2,0,,0.692991,0.0125,0.294509,,800,,
2,0,,0.475,0.1,0.425,,1000,,
2,0,,0.675,0.1,0.225,,1400,,
2,2,,0.2875,0,0.7125,,2000,,
2,0,,0.486667,0.273333,0.24,,1000,,
2,0,,0.522222,0.333333,0.144444,,1200,,
2,0,,0.738462,0.030769,0.230769,,900,,
2,0,,0.686227,0.164788,0.148985,,800,,
2,2,,0.245809,0.100397,0.653793,,700,,
2,0,,0.709769,0.011765,0.278466,,800,,
2,1,,0.295,0.43,0.275,,1800,,
2,0,,0.732692,0.015385,0.251923,,900,,
2,0,,0.589394,0.027273,0.383333,,1000,,
2,0,,0.866667,0.033333,0.1,,900,,
2,2,,0.059259,0.17037,0.77037,,1000,,
2,2,,0.091429,0.087619,0.820952,,1100,,
2,2,,0.333309,0.092064,0.574627,,900,,
2,2,,0.264328,0.177185,0.558487,,1100,,
2,1,,0.316203,0.388667,0.29513,,1800,,
2,2,,0.225397,0,0.774603,,800,,
2,2,,0,0.34,0.66,,1500,,
2,0,,0.466667,0.102778,0.430556,,900,,
2,1,,0.029268,0.943902,0.026829,,900,,
2,0,,0.616667,0.066667,0.316667,,800,,
2,0,,0.667736,0.076074,0.256191,,1300,,
2,1,,0.127273,0.677273,0.195455,,900,,