cardiotocography-10clases,CWE,test,4,NANOSECONDS,PREDICTIONS, Generated by ClassifierExperiments.java on 2022-05-17 03:09:15.    SYSTEMPROPERTIES:{user.name:matth,os.arch:amd64,os.name:Windows 10},ENDSYSTEMPROPERTIES
No parameter info
0.5279069767441861,289012600,309207900,-1,0,10,,-1,-1
0,1,,0.16075,0.350942,0.013132,0.058734,0.035468,0.169278,0.052273,0.014179,0.052254,0.09299,,1030500,,
0,0,,0.23406,0.208471,0.020978,0.033839,0.049652,0.06402,0.112328,0.027562,0.075483,0.173607,,729900,,
0,0,,0.25406,0.18968,0.020978,0.032743,0.049652,0.08152,0.113692,0.028585,0.055483,0.173607,,724900,,
0,0,,0.227333,0.222424,0.018735,0.042734,0.0463,0.109326,0.084608,0.024221,0.056722,0.167598,,760900,,
0,1,,0.181772,0.31795,0.015046,0.060535,0.033548,0.183392,0.063017,0.020061,0.033921,0.090758,,714600,,
0,0,,0.255878,0.149708,0.031569,0.055754,0.046599,0.108236,0.12915,0.051495,0.044184,0.127427,,714800,,
0,0,,0.242212,0.225283,0.020402,0.043981,0.060123,0.115114,0.088837,0.026198,0.046345,0.131506,,708200,,
0,0,,0.250567,0.192792,0.021642,0.03399,0.050295,0.087308,0.117716,0.030561,0.051256,0.163873,,712900,,
0,0,,0.259338,0.171344,0.021841,0.032743,0.049315,0.08152,0.113898,0.028585,0.077466,0.163949,,708600,,
0,0,,0.222233,0.209344,0.02081,0.032743,0.049315,0.08152,0.113692,0.028585,0.081045,0.160712,,714800,,
0,0,,0.242233,0.188134,0.02081,0.033839,0.052173,0.06402,0.112328,0.027562,0.083902,0.174998,,712600,,
0,0,,0.251537,0.192237,0.025598,0.061656,0.041722,0.134898,0.100341,0.034622,0.040946,0.116443,,712500,,
0,0,,0.260589,0.12605,0.021044,0.032709,0.047038,0.087424,0.130302,0.088057,0.059525,0.147262,,730900,,
0,1,,0.181772,0.31795,0.015046,0.060535,0.033548,0.183392,0.063017,0.020061,0.033921,0.090758,,709100,,
0,0,,0.197892,0.174285,0.021031,0.047657,0.042227,0.127741,0.176725,0.048974,0.043663,0.119805,,713000,,
0,1,,0.194201,0.276512,0.01621,0.051388,0.040395,0.143898,0.068483,0.019521,0.047313,0.142078,,709500,,
0,1,,0.202072,0.20376,0.025184,0.042199,0.040026,0.126928,0.144462,0.04435,0.064514,0.106506,,710900,,
0,0,,0.233166,0.225871,0.019567,0.043981,0.04728,0.115114,0.088631,0.026198,0.046933,0.153259,,710400,,
0,0,,0.205184,0.137505,0.020897,0.033835,0.042773,0.114914,0.158447,0.082186,0.056855,0.147405,,709400,,
0,0,,0.238786,0.205611,0.020343,0.032592,0.050829,0.058232,0.108305,0.025586,0.078281,0.181435,,751900,,
0,1,,0.144315,0.294061,0.01263,0.057704,0.026486,0.233201,0.111852,0.043479,0.019265,0.057006,,745100,,
0,0,,0.284449,0.131423,0.022529,0.032652,0.048033,0.078174,0.115271,0.07351,0.061519,0.15244,,717800,,
0,0,,0.27322,0.178396,0.026445,0.035237,0.050293,0.093097,0.125279,0.032538,0.04787,0.137625,,756200,,
0,0,,0.269886,0.195063,0.023112,0.035237,0.04696,0.093097,0.121945,0.032538,0.04787,0.134292,,722300,,
0,0,,0.238663,0.227942,0.021531,0.041798,0.042907,0.129637,0.105465,0.03684,0.039649,0.115567,,718200,,
0,0,,0.23586,0.199058,0.019958,0.045275,0.047837,0.111367,0.134974,0.038387,0.04345,0.123834,,719200,,
0,0,,0.224733,0.209344,0.02081,0.032743,0.049315,0.08152,0.113692,0.028585,0.061045,0.178212,,719100,,
0,0,,0.202427,0.187391,0.01953,0.039733,0.044115,0.115668,0.147388,0.043647,0.05051,0.149591,,715900,,
0,0,,0.238131,0.187991,0.020801,0.033436,0.049421,0.085495,0.116077,0.030288,0.079877,0.158483,,715400,,
0,0,,0.251178,0.197728,0.021742,0.032686,0.052121,0.071377,0.088868,0.025412,0.060908,0.197981,,716900,,
0,0,,0.260589,0.12605,0.021044,0.012709,0.047038,0.087424,0.130302,0.108057,0.059525,0.147262,,717300,,
0,0,,0.255904,0.193659,0.021107,0.032534,0.053299,0.048089,0.083481,0.022412,0.083706,0.205809,,714700,,
0,1,,0.215131,0.256631,0.021295,0.054609,0.045566,0.168936,0.079342,0.025403,0.034336,0.098752,,718500,,
0,0,,0.241565,0.224518,0.024557,0.044674,0.047385,0.119089,0.091016,0.027901,0.045765,0.133531,,716300,,
0,1,,0.222652,0.24766,0.019708,0.037328,0.049452,0.088648,0.07678,0.021405,0.075017,0.16135,,716300,,
0,0,,0.243537,0.205402,0.024455,0.047202,0.050293,0.140152,0.099489,0.03208,0.040946,0.116443,,716900,,
0,0,,0.24187,0.18757,0.029932,0.061656,0.045055,0.134898,0.103675,0.034622,0.040946,0.119776,,715900,,
0,0,,0.188827,0.172373,0.022274,0.047893,0.042557,0.127101,0.170621,0.044598,0.051143,0.132614,,719100,,
0,0,,0.25241,0.19798,0.02177,0.032686,0.053942,0.071377,0.068868,0.025412,0.05948,0.216076,,715200,,
0,0,,0.246959,0.205275,0.020175,0.032592,0.050493,0.058232,0.108305,0.025586,0.083843,0.16854,,719300,,
0,0,,0.223848,0.184744,0.020528,0.034917,0.047283,0.096187,0.132768,0.037525,0.055861,0.16634,,729400,,
0,0,,0.198002,0.18249,0.025717,0.044666,0.038564,0.157591,0.160451,0.052504,0.031153,0.108862,,712300,,
0,0,,0.254447,0.174217,0.022298,0.03399,0.047959,0.086415,0.108306,0.041935,0.074311,0.15612,,727100,,
0,0,,0.246959,0.205275,0.020175,0.032592,0.050493,0.058232,0.108305,0.025586,0.083843,0.16854,,721300,,
0,1,,0.220731,0.22107,0.018726,0.043427,0.046406,0.113301,0.086992,0.025924,0.075554,0.147869,,717400,,
0,1,,0.194252,0.271973,0.022775,0.053244,0.035218,0.165219,0.097454,0.036367,0.031131,0.092367,,728000,,
0,1,,0.206517,0.257951,0.023855,0.070486,0.036597,0.164718,0.08051,0.028812,0.033443,0.097112,,724700,,
0,0,,0.268772,0.160336,0.027495,0.057211,0.044558,0.102882,0.118959,0.047817,0.044913,0.127057,,729000,,
0,0,,0.246565,0.224518,0.019557,0.044674,0.047385,0.119089,0.091016,0.027901,0.045765,0.133531,,719200,,
0,0,,0.269553,0.169589,0.030372,0.012533,0.05,0.11177,0.118497,0.045613,0.049583,0.14249,,718900,,
0,0,,0.237125,0.180251,0.022209,0.033933,0.050607,0.077166,0.092892,0.027388,0.083672,0.194757,,719100,,
0,1,,0.182261,0.2971,0.016406,0.051388,0.042552,0.143898,0.068483,0.019521,0.060322,0.118069,,733900,,
0,0,,0.231557,0.191305,0.022801,0.037904,0.045178,0.107749,0.130752,0.038147,0.046119,0.148487,,718100,,
0,0,,0.263812,0.194553,0.021435,0.01399,0.048295,0.086415,0.1081,0.041935,0.059185,0.162278,,723600,,
0,1,,0.178127,0.196435,0.024278,0.042172,0.040583,0.126015,0.152404,0.048551,0.062311,0.129124,,719700,,
0,0,,0.257544,0.166375,0.023235,0.015754,0.043266,0.128236,0.125816,0.071495,0.044184,0.124094,,721300,,
0,0,,0.255292,0.189932,0.021006,0.032743,0.051472,0.08152,0.113692,0.028585,0.054054,0.171702,,717500,,
0,1,,0.224733,0.228134,0.02081,0.033839,0.049315,0.06402,0.112328,0.027562,0.061045,0.178212,,719400,,
0,0,,0.259211,0.171358,0.020632,0.032743,0.049137,0.080627,0.104077,0.039959,0.067545,0.174712,,722000,,
0,0,,0.269612,0.192203,0.027477,0.03399,0.048138,0.087308,0.117922,0.030561,0.050668,0.14212,,720100,,
0,1,,0.147784,0.235704,0.020592,0.069553,0.035086,0.201358,0.154369,0.039406,0.02283,0.073317,,722400,,
0,1,,0.204761,0.2771,0.016406,0.051388,0.042552,0.143898,0.068483,0.019521,0.040322,0.135569,,732000,,
0,1,,0.227414,0.262704,0.02121,0.052635,0.042551,0.149686,0.076046,0.021497,0.036936,0.10932,,712100,,
0,1,,0.196747,0.298888,0.016548,0.044735,0.044725,0.117432,0.056632,0.014728,0.048407,0.161159,,709700,,
0,0,,0.237125,0.180251,0.022209,0.033933,0.050607,0.077166,0.092892,0.027388,0.083672,0.194757,,746900,,
0,6,,0.178789,0.184186,0.028379,0.05645,0.038013,0.163947,0.19731,0.05665,0.023741,0.072536,,716000,,
0,0,,0.293599,0.177391,0.022605,0.032686,0.051785,0.071377,0.089075,0.025412,0.061748,0.174323,,716900,,
0,0,,0.256835,0.170969,0.026521,0.037904,0.053413,0.116321,0.130959,0.038147,0.044102,0.124829,,712800,,
0,0,,0.240631,0.187991,0.020801,0.033436,0.049421,0.085495,0.116077,0.030288,0.059877,0.175983,,723000,,
0,0,,0.26991,0.17798,0.02177,0.032686,0.053942,0.071377,0.088868,0.025412,0.07948,0.178576,,714500,,
0,0,,0.242233,0.169344,0.02081,0.032743,0.052173,0.08152,0.113692,0.028585,0.083902,0.174998,,711800,,
0,0,,0.264886,0.195063,0.028112,0.035237,0.04696,0.093097,0.121945,0.032538,0.04787,0.134292,,713800,,
0,0,,0.2562,0.180416,0.02224,0.033933,0.051111,0.077166,0.092892,0.027388,0.08309,0.175564,,711100,,
0,0,,0.243341,0.195651,0.022277,0.035237,0.049117,0.093097,0.121739,0.032538,0.068459,0.138545,,711900,,
0,0,,0.247823,0.168693,0.023739,0.017177,0.042123,0.129679,0.135184,0.075916,0.041455,0.118212,,711500,,
0,0,,0.274447,0.174217,0.022298,0.03399,0.047959,0.086415,0.108306,0.041935,0.054311,0.15612,,720100,,
0,0,,0.209187,0.187281,0.021754,0.038896,0.045353,0.110031,0.139714,0.038716,0.057828,0.151239,,711400,,
1,1,,0.094341,0.373168,0.011444,0.096388,0.026819,0.233103,0.065337,0.032319,0.016496,0.050584,,711500,,
1,1,,0.097136,0.361284,0.011524,0.083219,0.029882,0.237977,0.083407,0.028183,0.016444,0.050944,,713900,,
1,1,,0.18553,0.314971,0.013214,0.056067,0.038127,0.161137,0.048342,0.012202,0.03926,0.13115,,712200,,
1,1,,0.145391,0.356033,0.013652,0.067731,0.047672,0.186347,0.06318,0.020061,0.025569,0.074365,,720800,,
1,1,,0.144557,0.367665,0.012449,0.067931,0.049055,0.185401,0.054906,0.016523,0.025679,0.075833,,713200,,
1,1,,0.146242,0.342694,0.013125,0.062156,0.03345,0.204798,0.054652,0.016523,0.046966,0.079395,,710200,,
1,1,,0.152208,0.290571,0.016278,0.056676,0.037125,0.17667,0.076416,0.027072,0.045684,0.121301,,710800,,
1,1,,0.113913,0.384713,0.011377,0.073474,0.029842,0.209772,0.072131,0.024574,0.020525,0.059678,,709800,,
1,1,,0.137569,0.381187,0.0125,0.080215,0.034523,0.175035,0.028244,0.012843,0.030932,0.106952,,734200,,
1,1,,0.07648,0.336193,0.010064,0.111449,0.027138,0.260515,0.090774,0.033197,0.012793,0.041396,,717300,,
1,1,,0.040077,0.33513,0.012605,0.121437,0.024928,0.286168,0.126868,0.041103,0.001601,0.010082,,715500,,
1,1,,0.158659,0.369019,0.017458,0.067238,0.03395,0.181426,0.052522,0.01482,0.026847,0.078061,,707800,,
1,1,,0.096215,0.302185,0.012147,0.077431,0.028433,0.233695,0.129821,0.031222,0.023265,0.065587,,709400,,
1,1,,0.130672,0.342498,0.016869,0.066943,0.027356,0.228897,0.07902,0.027967,0.015664,0.064113,,727900,,
1,1,,0.080777,0.3581,0.012368,0.083259,0.023182,0.272877,0.100277,0.041464,0.00685,0.020845,,717100,,
1,1,,0.184691,0.297581,0.019174,0.057106,0.041491,0.200291,0.066777,0.025173,0.026986,0.080731,,712200,,
1,1,,0.171707,0.315936,0.013709,0.058184,0.037089,0.166554,0.060094,0.018326,0.035363,0.123039,,715300,,
1,1,,0.132314,0.361735,0.009546,0.089006,0.034421,0.187517,0.057455,0.016715,0.028722,0.08257,,710700,,
1,1,,0.093989,0.332545,0.012782,0.083678,0.029756,0.241983,0.113845,0.033198,0.0138,0.044425,,707800,,
1,1,,0.177407,0.317614,0.015909,0.060535,0.048212,0.183392,0.063223,0.020061,0.029047,0.0846,,711100,,
1,1,,0.135284,0.263204,0.015592,0.074553,0.037586,0.203858,0.134369,0.039406,0.02283,0.073317,,710300,,
1,1,,0.148659,0.369019,0.012458,0.067238,0.04895,0.181426,0.052522,0.01482,0.026847,0.078061,,706000,,
1,1,,0.168582,0.337494,0.014713,0.057314,0.036613,0.166925,0.052571,0.014179,0.034446,0.117163,,707800,,
1,1,,0.140047,0.308744,0.013571,0.058616,0.032719,0.186432,0.079491,0.030752,0.041718,0.107911,,713100,,
1,1,,0.140047,0.268744,0.013571,0.058616,0.032719,0.190069,0.115854,0.030752,0.041718,0.107911,,713200,,
1,1,,0.067416,0.302376,0.013277,0.067575,0.018776,0.276707,0.141792,0.095247,0.003468,0.013366,,713600,,
1,5,,0.102863,0.2474,0.011413,0.060165,0.027474,0.2575,0.106029,0.084217,0.026278,0.07666,,711400,,
1,1,,0.08585,0.335948,0.010738,0.085543,0.028993,0.250087,0.110612,0.033197,0.014079,0.044953,,710800,,
1,1,,0.09024,0.311815,0.011435,0.097081,0.026924,0.237077,0.127722,0.034022,0.015328,0.048355,,705700,,
1,1,,0.142057,0.347665,0.012449,0.087931,0.034055,0.205401,0.034906,0.016523,0.025679,0.093333,,721200,,
1,1,,0.171649,0.349589,0.018122,0.059427,0.035573,0.173253,0.054658,0.015882,0.031086,0.090762,,711700,,
1,1,,0.146159,0.349019,0.012458,0.087238,0.03395,0.201426,0.032522,0.01482,0.026847,0.095561,,711300,,
1,1,,0.165898,0.296061,0.024128,0.057717,0.038468,0.211761,0.08479,0.031817,0.022233,0.067128,,716200,,
1,1,,0.128166,0.346671,0.011348,0.0643,0.031411,0.221984,0.076601,0.02482,0.024448,0.070251,,732000,,
1,1,,0.146394,0.361307,0.013696,0.083436,0.046122,0.191501,0.038896,0.018725,0.025533,0.074389,,712900,,
1,1,,0.166762,0.335223,0.013242,0.056067,0.039948,0.161137,0.048342,0.012202,0.037832,0.129245,,709600,,
1,1,,0.106225,0.360683,0.023082,0.074415,0.031705,0.24458,0.089021,0.035105,0.00866,0.026523,,713100,,
1,1,,0.136025,0.353801,0.013767,0.059981,0.034291,0.175066,0.056297,0.016155,0.069456,0.085162,,720700,,
1,1,,0.161292,0.353054,0.01182,0.063262,0.037251,0.164093,0.048504,0.012202,0.033765,0.114757,,711600,,
1,1,,0.124557,0.367665,0.012449,0.087931,0.049055,0.205401,0.034906,0.016523,0.025679,0.075833,,711700,,
1,1,,0.146159,0.349019,0.012458,0.087238,0.03395,0.201426,0.032522,0.01482,0.026847,0.095561,,712300,,
1,1,,0.157569,0.361187,0.0125,0.060215,0.034523,0.175035,0.048244,0.012843,0.030932,0.106952,,783600,,
1,1,,0.14649,0.31602,0.014821,0.063467,0.034807,0.195437,0.078387,0.02431,0.031817,0.094444,,953700,,
1,1,,0.098338,0.339148,0.012047,0.076712,0.029333,0.244841,0.09689,0.034038,0.016598,0.052053,,722900,,
1,1,,0.152844,0.364047,0.013135,0.061462,0.033345,0.180823,0.052267,0.01482,0.028134,0.099123,,721400,,
1,1,,0.126327,0.256469,0.015406,0.06886,0.032824,0.197384,0.131984,0.037703,0.037656,0.095389,,715500,,
1,1,,0.138899,0.309051,0.017419,0.065523,0.028501,0.226545,0.079111,0.027967,0.025435,0.081549,,708900,,
1,0,,0.268772,0.180336,0.027495,0.037211,0.044558,0.102882,0.118959,0.047817,0.044913,0.127057,,711000,,
1,1,,0.099734,0.34667,0.010549,0.100848,0.029468,0.235115,0.074555,0.028972,0.018795,0.055293,,713600,,
1,1,,0.139279,0.320255,0.012746,0.071266,0.049194,0.205636,0.078637,0.027612,0.023459,0.071914,,741600,,
1,1,,0.172749,0.315377,0.013736,0.058618,0.051597,0.181963,0.063712,0.018972,0.03095,0.092325,,709200,,
1,1,,0.163792,0.292076,0.018994,0.06361,0.038435,0.212312,0.087153,0.032352,0.022014,0.069263,,712800,,
1,1,,0.075355,0.334685,0.013966,0.117489,0.021072,0.287277,0.08657,0.038905,0.005252,0.019429,,717000,,
1,1,,0.143659,0.369019,0.012458,0.087238,0.03395,0.181426,0.032522,0.01482,0.046847,0.078061,,719000,,
1,1,,0.152844,0.364047,0.013135,0.061462,0.033345,0.180823,0.052267,0.01482,0.028134,0.099123,,733100,,
1,1,,0.129107,0.35523,0.01197,0.070736,0.032668,0.201343,0.059774,0.016452,0.032231,0.090489,,721500,,
1,1,,0.120297,0.317664,0.01451,0.071217,0.031032,0.206718,0.08527,0.028215,0.034921,0.090157,,718900,,
1,1,,0.066947,0.347385,0.013279,0.090532,0.024282,0.27324,0.126706,0.041103,0.002887,0.013639,,719800,,
1,1,,0.177685,0.319932,0.021413,0.061958,0.032069,0.184834,0.072591,0.024481,0.026318,0.078718,,719900,,
1,1,,0.131888,0.359123,0.014664,0.066639,0.029232,0.205689,0.063949,0.02228,0.041842,0.064693,,715300,,
1,1,,0.099289,0.344628,0.009724,0.069444,0.026252,0.255804,0.091345,0.033518,0.018042,0.051954,,725100,,
1,1,,0.111331,0.353996,0.013157,0.07465,0.029372,0.221784,0.072811,0.024037,0.025664,0.073197,,711400,,
1,1,,0.090156,0.321894,0.011415,0.113194,0.025888,0.268098,0.072861,0.032702,0.015276,0.048515,,726100,,
1,1,,0.12651,0.344916,0.011036,0.070702,0.034482,0.211069,0.075992,0.026125,0.025185,0.073984,,721900,,
1,1,,0.14885,0.357046,0.012862,0.066626,0.035781,0.174892,0.055229,0.016749,0.028906,0.103059,,718200,,
1,1,,0.105534,0.352431,0.016515,0.098912,0.027488,0.239451,0.065791,0.029886,0.015276,0.048715,,718600,,
1,1,,0.067623,0.31496,0.014266,0.067823,0.018776,0.270107,0.155201,0.074189,0.003688,0.013366,,719300,,
1,1,,0.08813,0.329495,0.013563,0.099353,0.035566,0.250512,0.087892,0.033197,0.015152,0.04714,,719100,,
1,1,,0.166166,0.30218,0.017437,0.056433,0.029829,0.200173,0.066605,0.064946,0.024805,0.071426,,719100,,
1,1,,0.116091,0.335838,0.02235,0.071665,0.034797,0.238583,0.088101,0.034902,0.01441,0.043263,,719300,,
1,1,,0.142485,0.356917,0.010716,0.065782,0.030465,0.20774,0.072572,0.023485,0.023126,0.066713,,727600,,
1,1,,0.133913,0.344713,0.014235,0.073474,0.038413,0.218343,0.072131,0.024574,0.020525,0.059678,,721300,,
1,1,,0.056595,0.351246,0.012946,0.090853,0.018078,0.282386,0.120572,0.056591,0.001927,0.008805,,717600,,
1,1,,0.114812,0.36336,0.011368,0.094167,0.044947,0.213746,0.054516,0.026277,0.019357,0.05745,,729400,,
1,1,,0.133913,0.344713,0.014235,0.073474,0.038413,0.218343,0.072131,0.024574,0.020525,0.059678,,728100,,
1,1,,0.148659,0.369019,0.012458,0.067238,0.04895,0.181426,0.052522,0.01482,0.026847,0.078061,,717300,,
1,1,,0.116481,0.368558,0.01114,0.079149,0.033959,0.213967,0.068917,0.023949,0.021065,0.062817,,719900,,
1,1,,0.084481,0.360206,0.010596,0.08437,0.028984,0.25329,0.081873,0.037349,0.014115,0.044734,,725200,,
1,1,,0.093978,0.288104,0.012248,0.089384,0.032277,0.241122,0.147257,0.039351,0.01226,0.044017,,727800,,
1,1,,0.154435,0.339953,0.013687,0.06413,0.031227,0.215476,0.061281,0.020428,0.027223,0.07216,,721500,,
1,1,,0.134814,0.361735,0.009546,0.069006,0.034421,0.187517,0.057455,0.016715,0.028722,0.10007,,757600,,
1,1,,0.097136,0.321284,0.011524,0.083219,0.029882,0.237977,0.123407,0.028183,0.016444,0.050944,,716400,,
1,5,,0.113831,0.135857,0.018052,0.032408,0.027049,0.291166,0.219923,0.095881,0.014238,0.051596,,715300,,
1,1,,0.073556,0.303303,0.008886,0.092962,0.023247,0.279014,0.126016,0.040911,0.012522,0.039582,,725100,,
1,1,,0.104483,0.355171,0.010954,0.076938,0.044711,0.228773,0.079163,0.02598,0.017877,0.05595,,715400,,
1,1,,0.074452,0.343848,0.010699,0.092817,0.028461,0.256188,0.114798,0.035174,0.009995,0.033568,,715800,,
1,1,,0.118913,0.364713,0.011377,0.073474,0.044842,0.209772,0.072131,0.024574,0.020525,0.059678,,714000,,
1,1,,0.094841,0.374403,0.010334,0.088249,0.031701,0.225731,0.079815,0.030455,0.015981,0.04849,,716200,,
1,1,,0.113981,0.361058,0.01114,0.094149,0.031459,0.211467,0.048917,0.023949,0.041065,0.062817,,710900,,
1,1,,0.076186,0.355577,0.009984,0.089618,0.026575,0.258141,0.092705,0.037333,0.012845,0.041036,,715600,,
1,1,,0.089729,0.337582,0.009512,0.083903,0.029257,0.233248,0.121761,0.027588,0.016561,0.050859,,757400,,
1,1,,0.071377,0.339944,0.010599,0.089835,0.024361,0.277808,0.101867,0.040847,0.009995,0.033368,,730600,,
1,1,,0.079178,0.320989,0.010064,0.11157,0.029638,0.2504,0.110774,0.033197,0.012793,0.041396,,726800,,
1,1,,0.115618,0.261733,0.01338,0.086157,0.026438,0.229816,0.130653,0.065299,0.017066,0.053841,,726500,,
1,1,,0.164536,0.338083,0.013878,0.057314,0.05377,0.166925,0.052365,0.014179,0.035034,0.103916,,725800,,
1,1,,0.16811,0.359834,0.01249,0.060909,0.034628,0.179009,0.050629,0.014546,0.032621,0.087224,,745800,,
1,1,,0.149976,0.313602,0.014792,0.062709,0.048336,0.198058,0.082093,0.029001,0.024452,0.076981,,716000,,
1,1,,0.161394,0.341307,0.016553,0.063436,0.039693,0.200073,0.058896,0.018725,0.025533,0.074389,,713900,,
1,1,,0.107531,0.365818,0.011701,0.081123,0.031735,0.224645,0.075545,0.027855,0.018464,0.055582,,712800,,
1,1,,0.214359,0.281689,0.01838,0.054059,0.038075,0.151129,0.082081,0.025918,0.034207,0.100105,,713500,,
1,1,,0.063999,0.343243,0.012515,0.090147,0.023222,0.278226,0.131553,0.042216,0.002769,0.01211,,718000,,
1,1,,0.136525,0.299096,0.017116,0.058922,0.035057,0.189083,0.083558,0.03251,0.040651,0.107482,,713700,,
1,1,,0.113913,0.344713,0.014235,0.093474,0.038413,0.218343,0.072131,0.024574,0.020525,0.059678,,715900,,
1,1,,0.078554,0.365201,0.010709,0.092124,0.028356,0.252214,0.092413,0.033471,0.011163,0.035796,,720700,,
1,1,,0.118913,0.344713,0.014235,0.093474,0.053413,0.218343,0.052131,0.024574,0.020525,0.059678,,713600,,
1,1,,0.159926,0.32102,0.018591,0.070573,0.031932,0.201662,0.076458,0.025909,0.024039,0.069889,,715700,,
1,1,,0.093555,0.364915,0.014024,0.10271,0.023279,0.256958,0.079165,0.037792,0.008015,0.019587,,723600,,
1,1,,0.097136,0.361284,0.011524,0.083219,0.029882,0.237977,0.083407,0.028183,0.016444,0.050944,,717300,,
1,1,,0.163385,0.342694,0.013125,0.062156,0.03345,0.204798,0.054652,0.016523,0.029823,0.079395,,716500,,
1,1,,0.095921,0.361569,0.012067,0.0756,0.02787,0.23132,0.091752,0.035358,0.01665,0.051893,,716000,,
1,1,,0.085863,0.339197,0.012753,0.100216,0.025635,0.265381,0.071118,0.033839,0.022753,0.043245,,716500,,
1,1,,0.111255,0.349134,0.01161,0.069711,0.02753,0.226818,0.08023,0.028968,0.019632,0.075111,,711900,,
1,1,,0.15778,0.343792,0.01697,0.06486,0.039296,0.201109,0.059213,0.019593,0.02464,0.072748,,722000,,
1,1,,0.130088,0.364594,0.010181,0.070253,0.033243,0.193305,0.061479,0.018692,0.025924,0.092241,,717600,,
1,1,,0.078624,0.351307,0.011374,0.10179,0.025315,0.253375,0.094636,0.035174,0.011281,0.037125,,718500,,
1,1,,0.146159,0.349019,0.012458,0.087238,0.03395,0.201426,0.032522,0.01482,0.026847,0.095561,,717700,,
2,0,,0.218488,0.214314,0.027479,0.0472,0.044608,0.123126,0.128236,0.042895,0.038654,0.114999,,718400,,
2,1,,0.19041,0.216167,0.022298,0.053402,0.039494,0.150556,0.147831,0.052423,0.030378,0.09704,,717000,,
2,0,,0.232707,0.197883,0.022162,0.042987,0.062498,0.104378,0.128622,0.036444,0.044572,0.127748,,717100,,
2,0,,0.247114,0.193287,0.024167,0.039328,0.043699,0.109192,0.140326,0.042567,0.041372,0.118947,,719000,,
2,0,,0.254253,0.197294,0.025854,0.042987,0.053913,0.112949,0.108828,0.036444,0.043983,0.123495,,717900,,
2,0,,0.229318,0.164892,0.034479,0.064316,0.048305,0.14051,0.14737,0.04692,0.032017,0.091874,,716900,,
2,0,,0.243202,0.200035,0.022435,0.041013,0.047565,0.093699,0.1222,0.032538,0.066584,0.13073,,714800,,
2,0,,0.241419,0.174245,0.035631,0.063623,0.039629,0.127964,0.144985,0.045217,0.033185,0.094102,,717300,,
2,0,,0.260937,0.192322,0.023673,0.037211,0.044737,0.103775,0.128574,0.036444,0.04527,0.127057,,718200,,
2,0,,0.220555,0.141836,0.028205,0.042175,0.040957,0.135748,0.197896,0.047414,0.036898,0.108318,,720200,,
2,0,,0.252204,0.15972,0.033287,0.038424,0.041691,0.115061,0.130157,0.074339,0.040493,0.114625,,720500,,
3,1,,0.110863,0.387453,0.010816,0.0915,0.032065,0.199094,0.045502,0.020668,0.027126,0.074913,,717600,,
3,1,,0.070977,0.342079,0.01025,0.14866,0.028886,0.243209,0.060528,0.031166,0.015981,0.048263,,720700,,
3,1,,0.098455,0.351918,0.012774,0.106826,0.040669,0.233266,0.059498,0.029588,0.016874,0.05013,,725200,,
3,5,,0.034455,0.277444,0.011427,0.122829,0.018536,0.308783,0.16811,0.048817,0.00133,0.008267,,713300,,
3,1,,0.099483,0.335171,0.010954,0.116938,0.029711,0.248773,0.059163,0.02598,0.017877,0.05595,,716100,,
3,1,,0.085477,0.298519,0.009919,0.089586,0.024884,0.293425,0.098996,0.03883,0.014936,0.045429,,761100,,
3,1,,0.129812,0.36336,0.011368,0.074167,0.029947,0.213746,0.074516,0.026277,0.019357,0.05745,,716000,,
3,1,,0.065429,0.338933,0.009503,0.129475,0.029362,0.249837,0.084146,0.029291,0.015393,0.048631,,716900,,
3,1,,0.10763,0.385251,0.008769,0.075637,0.035926,0.198153,0.062276,0.020026,0.027525,0.078808,,718300,,
3,1,,0.037577,0.30763,0.015462,0.176437,0.030999,0.29224,0.086868,0.041103,0.001601,0.010082,,714200,,
3,1,,0.129812,0.34336,0.014225,0.074167,0.038519,0.222318,0.074516,0.026277,0.019357,0.05745,,715400,,
3,1,,0.109812,0.36336,0.011368,0.094167,0.029947,0.213746,0.074516,0.026277,0.019357,0.05745,,715400,,
3,1,,0.121261,0.3936,0.010807,0.077193,0.034671,0.205568,0.047887,0.022371,0.021958,0.064684,,717300,,
3,1,,0.060275,0.332426,0.012605,0.116559,0.024928,0.273553,0.126868,0.041103,0.001601,0.010082,,718400,,
3,1,,0.126441,0.362751,0.008727,0.085062,0.037517,0.205324,0.046468,0.021362,0.02756,0.078789,,716000,,
3,1,,0.113913,0.32757,0.011377,0.130617,0.029842,0.229772,0.052131,0.024574,0.020525,0.059678,,718800,,
3,1,,0.108808,0.331215,0.009365,0.104037,0.031716,0.240158,0.070485,0.023979,0.020643,0.059593,,717600,,
4,0,,0.232512,0.191662,0.021314,0.034166,0.048173,0.082962,0.12306,0.033006,0.078315,0.15483,,717500,,
4,0,,0.226959,0.185275,0.020175,0.032592,0.05335,0.058232,0.108305,0.025586,0.1067,0.182826,,712700,,
4,1,,0.196974,0.215293,0.016317,0.047053,0.043421,0.136243,0.104912,0.032886,0.071714,0.135187,,715400,,
4,0,,0.23406,0.210471,0.020978,0.033839,0.049652,0.06402,0.112328,0.027562,0.059483,0.187607,,725800,,
4,1,,0.196858,0.230784,0.017874,0.055959,0.044927,0.143147,0.108274,0.035726,0.037959,0.128491,,716300,,
4,1,,0.133674,0.285356,0.014835,0.072579,0.037653,0.19318,0.10774,0.0355,0.032421,0.087062,,727300,,
4,0,,0.232792,0.209932,0.021006,0.032743,0.051472,0.08152,0.113692,0.028585,0.074054,0.154202,,720900,,
4,1,,0.169743,0.278624,0.014898,0.055917,0.042178,0.138713,0.064714,0.017544,0.088825,0.128845,,721100,,
4,0,,0.222233,0.209344,0.02081,0.032743,0.049315,0.08152,0.113692,0.028585,0.081045,0.160712,,723400,,
4,0,,0.215549,0.214316,0.020134,0.038519,0.04992,0.082123,0.113946,0.028585,0.079759,0.15715,,746400,,
4,1,,0.206482,0.250843,0.01889,0.049756,0.047884,0.115717,0.088886,0.026198,0.045647,0.149697,,716600,,
4,1,,0.148946,0.315849,0.013256,0.081275,0.040293,0.13888,0.076331,0.02237,0.045103,0.117696,,717500,,
4,0,,0.214375,0.201004,0.018392,0.038158,0.046436,0.090937,0.132633,0.036227,0.076037,0.145801,,717900,,
4,1,,0.1901,0.275158,0.016201,0.052081,0.0405,0.147873,0.070868,0.021224,0.046145,0.13985,,717400,,
4,1,,0.208943,0.242682,0.019311,0.045946,0.046344,0.096837,0.085946,0.025769,0.069098,0.159123,,719300,,
5,5,,0.07843,0.271932,0.009099,0.072756,0.023084,0.276657,0.161173,0.050665,0.013956,0.042249,,718200,,
5,5,,0.035014,0.288458,0.010838,0.05336,0.016593,0.378638,0.150631,0.057617,0.00183,0.007022,,716600,,
5,1,,0.086749,0.288324,0.01043,0.068836,0.024983,0.260519,0.154272,0.04375,0.015367,0.04677,,716400,,
5,5,,0.056497,0.253539,0.011381,0.065862,0.01708,0.300542,0.167054,0.118038,0.002036,0.007971,,716700,,
5,1,,0.114035,0.303842,0.011606,0.067966,0.029356,0.249137,0.104834,0.039274,0.019415,0.060536,,717200,,
5,1,,0.15952,0.271821,0.021954,0.033364,0.02987,0.200082,0.119589,0.069818,0.024027,0.069956,,717000,,
5,5,,0.053358,0.306007,0.008886,0.077841,0.023247,0.31163,0.126016,0.040911,0.012522,0.039582,,716900,,
5,5,,0.068317,0.265653,0.009182,0.077316,0.021524,0.296576,0.173236,0.04717,0.009784,0.031242,,719800,,
5,1,,0.097574,0.321597,0.011261,0.069731,0.025807,0.284111,0.093649,0.034729,0.015395,0.046145,,717500,,
5,1,,0.107747,0.325713,0.023834,0.041111,0.024098,0.234142,0.089108,0.089498,0.016469,0.048279,,716400,,
5,1,,0.145063,0.241674,0.018844,0.05846,0.025041,0.234513,0.115978,0.089816,0.017505,0.053106,,717600,,
5,5,,0.042701,0.248068,0.012363,0.045741,0.01854,0.362976,0.183657,0.063861,0.002339,0.019753,,717200,,
5,1,,0.091974,0.309339,0.014469,0.071638,0.023025,0.278069,0.125704,0.046868,0.008581,0.030333,,716300,,
5,5,,0.085923,0.257802,0.015309,0.068592,0.023978,0.264451,0.178046,0.069846,0.008673,0.027379,,713000,,
5,1,,0.106347,0.293193,0.010593,0.06674,0.02699,0.260642,0.114229,0.043058,0.019404,0.058803,,717200,,
5,5,,0.037947,0.254968,0.013874,0.118532,0.025894,0.336164,0.144853,0.055533,0.00261,0.009625,,746800,,
5,5,,0.085701,0.261072,0.016174,0.063347,0.021159,0.288815,0.139874,0.076896,0.011869,0.035095,,723200,,
5,1,,0.077922,0.28983,0.011056,0.070776,0.023911,0.270282,0.160681,0.047429,0.011401,0.036713,,717500,,
5,1,,0.114699,0.268356,0.016998,0.065712,0.026807,0.235042,0.161822,0.05221,0.013869,0.044485,,717400,,
5,1,,0.073358,0.306007,0.008886,0.077841,0.023247,0.29163,0.126016,0.040911,0.012522,0.039582,,717100,,
5,1,,0.073556,0.323303,0.008886,0.072962,0.023247,0.279014,0.126016,0.040911,0.012522,0.039582,,716500,,
5,5,,0.114013,0.202195,0.01813,0.053865,0.02816,0.238143,0.202242,0.083348,0.015344,0.044559,,719600,,
5,1,,0.136492,0.275959,0.015987,0.05846,0.033612,0.243085,0.115978,0.049816,0.017505,0.053106,,715700,,
5,1,,0.094509,0.339586,0.010057,0.071399,0.02554,0.264203,0.092375,0.035096,0.017149,0.050087,,717300,,
5,1,,0.085902,0.307735,0.015227,0.063388,0.030775,0.27734,0.100746,0.066557,0.01325,0.039081,,714500,,
5,5,,0.054455,0.277444,0.011427,0.102829,0.018536,0.314783,0.16211,0.048817,0.00133,0.008267,,716300,,
5,1,,0.099498,0.2819,0.014439,0.06866,0.036058,0.262228,0.1254,0.04134,0.017658,0.052818,,712200,,
5,5,,0.069521,0.295051,0.008207,0.067234,0.020846,0.297086,0.138853,0.05555,0.011905,0.035747,,716000,,
5,1,,0.073358,0.306007,0.008886,0.077841,0.023247,0.29163,0.126016,0.040911,0.012522,0.039582,,715200,,
5,5,,0.034161,0.276828,0.011347,0.100998,0.017973,0.306409,0.190041,0.052953,0.001382,0.007907,,718800,,
5,5,,0.057947,0.294968,0.013874,0.078532,0.025894,0.310164,0.150853,0.055533,0.00261,0.009625,,716700,,
5,5,,0.076766,0.265213,0.013312,0.061626,0.031191,0.272786,0.161836,0.069536,0.011891,0.035841,,716300,,
5,1,,0.099135,0.334924,0.009159,0.068491,0.027452,0.261027,0.092054,0.034189,0.018552,0.055017,,715600,,
5,1,,0.117682,0.257256,0.012752,0.085316,0.026228,0.234214,0.152083,0.041395,0.017903,0.055171,,717600,,
5,1,,0.054043,0.309746,0.013865,0.068801,0.025999,0.306658,0.150453,0.061596,0.001442,0.007396,,718200,,
5,5,,0.034455,0.277444,0.011427,0.102829,0.018536,0.308783,0.18811,0.048817,0.00133,0.008267,,719000,,
5,5,,0.05912,0.255421,0.014288,0.109093,0.031842,0.263757,0.150337,0.06673,0.012162,0.037251,,723700,,
5,1,,0.053358,0.306007,0.008886,0.097841,0.023247,0.28563,0.132016,0.040911,0.012522,0.039582,,716100,,
5,5,,0.061861,0.22783,0.012101,0.04391,0.017794,0.294434,0.160764,0.159143,0.002769,0.019392,,716500,,
5,5,,0.080764,0.236392,0.00956,0.038922,0.022505,0.291281,0.14467,0.111237,0.01396,0.050707,,720900,,
5,1,,0.05648,0.316193,0.010064,0.151449,0.027138,0.280515,0.070774,0.033197,0.012793,0.041396,,718500,,
5,1,,0.078943,0.312441,0.009438,0.06965,0.023629,0.264884,0.137976,0.046383,0.013896,0.04276,,716100,,
5,5,,0.07904,0.275761,0.009518,0.07636,0.024193,0.305873,0.130046,0.042247,0.013844,0.04312,,715800,,
5,1,,0.201721,0.213612,0.024258,0.050072,0.033903,0.1797,0.10304,0.079778,0.028665,0.08525,,716700,,
5,5,,0.080764,0.236392,0.00956,0.038922,0.022505,0.271281,0.14467,0.131237,0.01396,0.050707,,759200,,
5,5,,0.111031,0.235984,0.012337,0.034827,0.027187,0.262751,0.171499,0.060934,0.020836,0.062614,,726700,,
5,1,,0.122359,0.301498,0.010808,0.064708,0.030209,0.240714,0.100277,0.036336,0.023291,0.0698,,726700,,
5,1,,0.112535,0.277937,0.015469,0.081549,0.033909,0.245866,0.113941,0.049449,0.017037,0.052307,,725000,,
5,1,,0.079814,0.316403,0.009871,0.079068,0.023792,0.274125,0.122621,0.037127,0.013961,0.04322,,722100,,
5,5,,0.059361,0.26783,0.014958,0.06391,0.026366,0.297324,0.177128,0.080962,0.002769,0.009392,,723300,,
5,1,,0.094971,0.287956,0.015364,0.092829,0.022186,0.263716,0.148631,0.046868,0.005491,0.021988,,720100,,
5,1,,0.107568,0.347619,0.010719,0.067259,0.027194,0.246986,0.086528,0.030339,0.019361,0.056428,,720000,,
5,1,,0.063199,0.298785,0.01278,0.074517,0.020196,0.287478,0.161928,0.064504,0.003385,0.013227,,715900,,
5,1,,0.104816,0.324678,0.009791,0.06701,0.028398,0.255271,0.096084,0.035525,0.019874,0.058555,,717400,,
5,1,,0.078351,0.31857,0.014567,0.073768,0.031453,0.275777,0.127919,0.038737,0.009409,0.031449,,714300,,
5,1,,0.058557,0.318797,0.011437,0.082136,0.018431,0.310808,0.139725,0.047114,0.002498,0.010496,,716400,,
5,1,,0.13972,0.301921,0.013389,0.059917,0.026333,0.229159,0.10912,0.046138,0.018234,0.056069,,750300,,
5,1,,0.073358,0.306007,0.008886,0.077841,0.023247,0.29163,0.126016,0.040911,0.012522,0.039582,,716300,,
5,5,,0.078139,0.287054,0.008854,0.096651,0.023749,0.319983,0.089295,0.040911,0.013595,0.041768,,719000,,
5,1,,0.09087,0.281367,0.017153,0.075812,0.028125,0.217542,0.138029,0.068012,0.02163,0.06146,,716100,,
5,1,,0.114574,0.246324,0.012935,0.063603,0.029025,0.240921,0.154593,0.050431,0.021504,0.066089,,716400,,
5,1,,0.147039,0.253078,0.015159,0.051778,0.030268,0.230174,0.12797,0.048821,0.024554,0.071159,,718500,,
5,1,,0.081913,0.281976,0.00982,0.060379,0.023798,0.258049,0.130454,0.07605,0.02189,0.05567,,719000,,
5,5,,0.082241,0.288407,0.008863,0.075957,0.023644,0.316009,0.106911,0.039208,0.014763,0.043997,,719000,,
5,1,,0.112774,0.349303,0.01092,0.068087,0.028992,0.241387,0.077838,0.027094,0.021188,0.062417,,715000,,
5,1,,0.143003,0.311072,0.012656,0.064855,0.047489,0.210309,0.083322,0.028726,0.024627,0.073942,,752100,,
5,5,,0.080764,0.236392,0.00956,0.038922,0.022505,0.273099,0.181034,0.093056,0.01396,0.050707,,714200,,
6,0,,0.217236,0.142181,0.028794,0.019291,0.042991,0.155204,0.161649,0.086843,0.036984,0.108828,,714500,,
6,6,,0.117178,0.117999,0.018416,0.043639,0.031496,0.213349,0.263964,0.102223,0.02423,0.067507,,714100,,
6,6,,0.169901,0.174423,0.02036,0.045764,0.03758,0.172734,0.195705,0.057321,0.032124,0.094089,,714300,,
6,5,,0.117879,0.196112,0.016119,0.055503,0.033493,0.228708,0.190538,0.055769,0.027266,0.078613,,711600,,
6,6,,0.164987,0.115972,0.027218,0.025382,0.03003,0.191324,0.235151,0.130147,0.020711,0.059077,,716000,,
6,6,,0.166924,0.142063,0.022116,0.043155,0.042611,0.187319,0.213161,0.071982,0.028904,0.081764,,712600,,
6,6,,0.154734,0.16341,0.018012,0.045512,0.036326,0.174734,0.214799,0.071278,0.031967,0.089227,,710700,,
6,0,,0.182565,0.178551,0.01937,0.044642,0.040881,0.16952,0.170184,0.055656,0.035637,0.102994,,713400,,
6,6,,0.107727,0.123717,0.019687,0.026133,0.029141,0.227783,0.277726,0.117604,0.018634,0.05185,,709300,,
6,6,,0.107727,0.123717,0.019687,0.026133,0.029141,0.207783,0.257726,0.157604,0.018634,0.05185,,719700,,
6,5,,0.126853,0.220639,0.016542,0.082578,0.02776,0.228556,0.174996,0.054211,0.016427,0.051438,,715200,,
6,5,,0.085313,0.232808,0.017746,0.059442,0.03144,0.267124,0.170025,0.100807,0.008786,0.026508,,714400,,
6,5,,0.14663,0.15228,0.017146,0.021144,0.033851,0.199954,0.199554,0.116451,0.029826,0.083164,,714600,,
6,5,,0.129394,0.184181,0.015249,0.025589,0.031015,0.23197,0.180936,0.103257,0.025859,0.07255,,713600,,
6,5,,0.080989,0.198267,0.012089,0.050139,0.026287,0.286754,0.194788,0.076579,0.019249,0.054859,,717600,,
6,6,,0.151178,0.161679,0.018185,0.046205,0.036613,0.184877,0.222007,0.061836,0.030422,0.086998,,717500,,
6,6,,0.150697,0.15848,0.017667,0.044433,0.035889,0.183142,0.215589,0.077491,0.030125,0.086487,,711800,,
6,6,,0.17522,0.167244,0.019811,0.046148,0.037426,0.169081,0.202708,0.058656,0.031708,0.091998,,713400,,
6,6,,0.111794,0.149917,0.020208,0.049421,0.031178,0.226295,0.251683,0.085397,0.018933,0.055173,,725000,,
6,6,,0.151178,0.161679,0.018185,0.046205,0.036613,0.178877,0.228007,0.061836,0.030422,0.086998,,712000,,
6,5,,0.151138,0.130594,0.020641,0.025382,0.030367,0.237006,0.198581,0.108329,0.022728,0.075235,,712500,,
6,6,,0.150573,0.15848,0.017485,0.044433,0.035707,0.176597,0.203407,0.077128,0.037704,0.098487,,712800,,
6,6,,0.169901,0.174423,0.02036,0.045764,0.03758,0.172734,0.195705,0.057321,0.032124,0.094089,,714500,,
6,5,,0.154577,0.122207,0.023505,0.021698,0.032568,0.223586,0.217556,0.098543,0.028196,0.077564,,714500,,
6,1,,0.165011,0.204334,0.01948,0.057002,0.043405,0.148,0.149969,0.083073,0.033884,0.095842,,714300,,
6,1,,0.146828,0.198852,0.015558,0.053529,0.035716,0.19803,0.18391,0.051863,0.029867,0.085847,,714300,,
6,6,,0.175859,0.171816,0.019752,0.044517,0.040578,0.160946,0.197681,0.055345,0.033493,0.100013,,718400,,
6,5,,0.150148,0.19093,0.01654,0.052592,0.032307,0.202921,0.186075,0.065527,0.026211,0.07675,,713400,,
6,5,,0.090657,0.232561,0.020344,0.037985,0.021576,0.265725,0.193246,0.106303,0.008057,0.023545,,714100,,
6,5,,0.175096,0.15026,0.019819,0.020592,0.035943,0.199201,0.175772,0.094806,0.033332,0.095181,,715200,,
6,0,,0.221659,0.189486,0.020353,0.041673,0.0452,0.125431,0.153796,0.047326,0.039553,0.115524,,719000,,
6,6,,0.150317,0.118843,0.017664,0.044433,0.035886,0.177867,0.260381,0.077263,0.030859,0.086487,,712300,,
6,6,,0.160127,0.12442,0.017623,0.044231,0.038836,0.174199,0.255379,0.05793,0.033022,0.094233,,715800,,
6,6,,0.150697,0.11848,0.017667,0.044433,0.035889,0.177142,0.261589,0.077491,0.030125,0.086487,,714300,,
6,0,,0.186098,0.173755,0.025529,0.046022,0.03959,0.161519,0.165812,0.067337,0.029566,0.104773,,716000,,
6,5,,0.130234,0.184419,0.015511,0.02742,0.03176,0.234513,0.209829,0.067975,0.02543,0.07291,,713600,,
6,0,,0.23583,0.140557,0.02569,0.017585,0.048938,0.152747,0.146744,0.080763,0.039123,0.112021,,713900,,
6,5,,0.198778,0.185183,0.021653,0.024371,0.038329,0.20139,0.151451,0.055499,0.031164,0.092182,,717000,,
6,5,,0.139974,0.103676,0.019855,0.026133,0.029477,0.25023,0.208289,0.132848,0.020273,0.069245,,713800,,
6,6,,0.160886,0.134619,0.027209,0.026075,0.030136,0.195298,0.237535,0.11185,0.019543,0.056849,,714800,,
6,0,,0.244733,0.189344,0.02081,0.032743,0.049315,0.08152,0.113692,0.028585,0.061045,0.178212,,716500,,
6,1,,0.082647,0.286971,0.010421,0.069529,0.025088,0.264494,0.156657,0.045453,0.014199,0.044541,,719700,,
6,0,,0.190267,0.121787,0.018867,0.019456,0.036178,0.169692,0.180051,0.118815,0.036806,0.108083,,726000,,
6,6,,0.151178,0.161679,0.018185,0.046205,0.036613,0.184877,0.222007,0.061836,0.030422,0.086998,,711900,,
6,0,,0.221659,0.189486,0.020353,0.041673,0.0452,0.125431,0.153796,0.047326,0.039553,0.115524,,716600,,
6,6,,0.151178,0.121679,0.018185,0.046205,0.036613,0.178877,0.268007,0.061836,0.030422,0.086998,,715500,,
6,6,,0.113441,0.105146,0.019687,0.026133,0.019141,0.207783,0.237726,0.197604,0.018634,0.054707,,717600,,
6,6,,0.145252,0.12334,0.020718,0.026133,0.029141,0.204548,0.264859,0.114666,0.018257,0.053087,,712100,,
6,6,,0.150758,0.154759,0.016959,0.056196,0.033416,0.206137,0.220947,0.057108,0.026098,0.077621,,715800,,
6,6,,0.108272,0.12334,0.019869,0.066133,0.029322,0.223275,0.266471,0.093212,0.018257,0.05185,,716900,,
6,6,,0.151233,0.165586,0.018788,0.046262,0.035938,0.199019,0.20931,0.063812,0.028697,0.081356,,716000,,
7,6,,0.107727,0.103717,0.019687,0.026133,0.029141,0.249107,0.249648,0.144357,0.018634,0.05185,,721100,,
7,6,,0.113441,0.105146,0.019687,0.046133,0.019141,0.204925,0.212011,0.206176,0.018634,0.054707,,714800,,
7,5,,0.067575,0.229258,0.012101,0.04391,0.007794,0.294434,0.140764,0.179143,0.002769,0.02225,,715400,,
7,5,,0.067575,0.229258,0.012101,0.04391,0.007794,0.294434,0.140764,0.179143,0.002769,0.02225,,713500,,
7,5,,0.104668,0.14704,0.015885,0.046836,0.029837,0.239577,0.201323,0.127051,0.023061,0.064721,,714800,,
7,1,,0.140157,0.187717,0.023415,0.042751,0.034396,0.158831,0.177061,0.110504,0.038365,0.086802,,714000,,
7,6,,0.13995,0.175133,0.022426,0.042503,0.034396,0.16543,0.183651,0.111562,0.038145,0.086802,,715500,,
7,7,,0.127618,0.096568,0.017781,0.022391,0.022674,0.185743,0.203577,0.218428,0.027028,0.078193,,715300,,
7,5,,0.12913,0.09228,0.017146,0.021144,0.033851,0.207454,0.199554,0.176451,0.029826,0.093164,,714100,,
7,5,,0.090491,0.135618,0.01779,0.030577,0.026304,0.236942,0.193394,0.212981,0.014668,0.041235,,715500,,
7,5,,0.058264,0.256392,0.00956,0.058922,0.022505,0.263781,0.12467,0.151237,0.01396,0.040707,,715400,,
7,1,,0.069238,0.263334,0.012487,0.06408,0.013156,0.253656,0.104562,0.14985,0.014665,0.054973,,713800,,
7,7,,0.167895,0.097802,0.016594,0.018477,0.025969,0.172802,0.17054,0.190843,0.033594,0.105484,,720500,,
7,5,,0.090491,0.155618,0.01779,0.070577,0.026304,0.259799,0.199108,0.124409,0.014668,0.041235,,832900,,
7,6,,0.14913,0.09228,0.017146,0.021144,0.033851,0.187454,0.199554,0.176451,0.029826,0.093164,,720500,,
7,5,,0.096205,0.137047,0.01779,0.050577,0.016304,0.255123,0.17703,0.191163,0.014668,0.044093,,718700,,
7,5,,0.145689,0.105105,0.019855,0.026133,0.019477,0.21023,0.188289,0.192848,0.020273,0.072102,,716200,,
7,5,,0.096205,0.137047,0.01779,0.050577,0.016304,0.255123,0.17703,0.191163,0.014668,0.044093,,715000,,
7,6,,0.124257,0.124183,0.018756,0.044311,0.033324,0.198212,0.236566,0.116346,0.027299,0.076745,,717700,,
7,7,,0.113441,0.105146,0.019687,0.026133,0.019141,0.223107,0.195648,0.224357,0.018634,0.054707,,715400,,
7,6,,0.157435,0.114653,0.021408,0.024444,0.021467,0.185345,0.196145,0.186721,0.022757,0.069626,,715600,,
7,7,,0.157435,0.114653,0.021408,0.024444,0.021467,0.185345,0.176145,0.206721,0.022757,0.069626,,719500,,
8,0,,0.222233,0.208134,0.02081,0.033839,0.049315,0.06402,0.092328,0.027562,0.101045,0.180712,,717300,,
8,0,,0.230367,0.213759,0.021409,0.033782,0.050132,0.053877,0.067505,0.024389,0.108879,0.195903,,716400,,
8,0,,0.235092,0.210899,0.020773,0.032534,0.05131,0.048089,0.063481,0.022412,0.111677,0.203731,,714100,,
8,0,,0.226959,0.185275,0.020175,0.032592,0.05335,0.058232,0.088305,0.025586,0.1067,0.202826,,718000,,
8,0,,0.235092,0.190899,0.020773,0.032534,0.054167,0.048089,0.083481,0.022412,0.114534,0.198017,,714900,,
8,0,,0.235092,0.190899,0.020773,0.032534,0.054167,0.048089,0.083481,0.022412,0.114534,0.198017,,717800,,
