cardiotocography-10clases,CWE,test,1,NANOSECONDS,PREDICTIONS, Generated by ClassifierExperiments.java on 2022-05-17 03:02:19.    SYSTEMPROPERTIES:{user.name:matth,os.arch:amd64,os.name:Windows 10},ENDSYSTEMPROPERTIES
No parameter info
0.6209302325581395,251466800,301160600,-1,0,10,,-1,-1
0,0,,0.3025,0.138181,0.031628,0.02772,0.054078,0.037877,0.156813,0.042793,0.056674,0.151735,,789900,,
0,1,,0.166601,0.250578,0.020605,0.078233,0.032041,0.203173,0.090548,0.057194,0.027474,0.073554,,715000,,
0,0,,0.327715,0.141825,0.03145,0.026106,0.03935,0.051948,0.129305,0.059966,0.049916,0.142419,,698100,,
0,0,,0.31497,0.127112,0.025671,0.018132,0.055774,0.025245,0.086461,0.05523,0.078721,0.212684,,695800,,
0,0,,0.239844,0.167716,0.023376,0.041715,0.074525,0.08338,0.10546,0.030962,0.059511,0.173511,,698200,,
0,0,,0.230971,0.151356,0.031132,0.043127,0.052167,0.072983,0.18591,0.048123,0.048122,0.13611,,701700,,
0,0,,0.287543,0.15255,0.025659,0.049893,0.051098,0.086479,0.109886,0.03289,0.054883,0.149117,,695200,,
0,0,,0.259134,0.147701,0.02442,0.03882,0.059178,0.059829,0.10863,0.031105,0.06641,0.204773,,702400,,
0,0,,0.265901,0.147799,0.026684,0.031838,0.056626,0.04936,0.125243,0.036435,0.061588,0.198525,,695700,,
0,0,,0.213436,0.118932,0.030423,0.040993,0.044905,0.090556,0.187331,0.048123,0.053812,0.171489,,701100,,
0,0,,0.283962,0.121965,0.030337,0.027923,0.053665,0.05091,0.134164,0.089065,0.05407,0.153938,,700200,,
0,0,,0.224576,0.18133,0.025879,0.040768,0.052366,0.088532,0.121253,0.035678,0.053151,0.176467,,701300,,
0,0,,0.291605,0.133416,0.026992,0.020708,0.077896,0.021167,0.09925,0.02823,0.072702,0.228033,,698800,,
0,0,,0.278333,0.135468,0.028365,0.023758,0.052493,0.031331,0.11317,0.033235,0.098932,0.204915,,699800,,
0,0,,0.272396,0.122328,0.024535,0.026707,0.058917,0.054339,0.088271,0.051105,0.090774,0.210627,,700500,,
0,1,,0.15005,0.357485,0.012186,0.06581,0.039521,0.178375,0.05649,0.014855,0.032079,0.093148,,699300,,
0,0,,0.272396,0.126328,0.024535,0.022707,0.058917,0.054339,0.108271,0.031105,0.070774,0.230627,,699400,,
0,0,,0.267449,0.1207,0.024535,0.026707,0.048426,0.054339,0.108271,0.031105,0.111386,0.207081,,701400,,
0,0,,0.272672,0.126347,0.025174,0.020708,0.04556,0.021167,0.098731,0.02823,0.149209,0.212202,,698000,,
0,0,,0.226109,0.138351,0.02762,0.035313,0.047895,0.055826,0.16434,0.04406,0.098343,0.162141,,699400,,
0,0,,0.28582,0.127265,0.023719,0.032504,0.059448,0.034917,0.10863,0.031105,0.089487,0.207105,,699200,,
0,0,,0.288944,0.161595,0.024242,0.02572,0.052903,0.06948,0.102608,0.030348,0.063141,0.181019,,700700,,
0,0,,0.287083,0.140485,0.029895,0.030106,0.050089,0.052342,0.14918,0.039966,0.074527,0.146326,,698800,,
0,0,,0.262703,0.182189,0.02385,0.030422,0.057049,0.058633,0.073056,0.025545,0.086466,0.200086,,707600,,
0,0,,0.272513,0.122563,0.027021,0.002214,0.054163,0.038823,0.103021,0.097503,0.087173,0.195007,,698900,,
0,0,,0.314056,0.139374,0.031271,0.024189,0.048815,0.067916,0.127116,0.039966,0.05687,0.150427,,700200,,
0,0,,0.226021,0.159646,0.031453,0.041408,0.056506,0.058556,0.145734,0.088862,0.051092,0.140721,,701900,,
0,0,,0.227216,0.094785,0.02672,0.027565,0.049789,0.099636,0.163855,0.11574,0.050709,0.143984,,699800,,
0,0,,0.294953,0.1338,0.026739,0.023758,0.042859,0.030936,0.105311,0.030158,0.122485,0.189,,698300,,
0,0,,0.288026,0.131551,0.030637,0.056528,0.052789,0.053619,0.148628,0.039966,0.053408,0.144848,,699600,,
0,1,,0.221199,0.261945,0.020084,0.068201,0.043514,0.134603,0.086779,0.025419,0.03649,0.101766,,700100,,
0,0,,0.277941,0.122999,0.024357,0.02079,0.058702,0.050308,0.106081,0.031105,0.073117,0.2346,,698300,,
0,0,,0.280978,0.108508,0.033868,0.025695,0.047059,0.066431,0.147973,0.115921,0.046747,0.126819,,701100,,
0,6,,0.185617,0.126105,0.029434,0.05038,0.049581,0.112856,0.201856,0.07836,0.043361,0.122451,,703000,,
0,1,,0.204105,0.225084,0.025504,0.046091,0.035405,0.16752,0.091109,0.076039,0.035178,0.093965,,701800,,
0,0,,0.275468,0.15307,0.030955,0.048373,0.0475,0.08991,0.109916,0.064255,0.049071,0.131481,,701100,,
0,0,,0.262477,0.137483,0.024069,0.035662,0.059313,0.037373,0.12863,0.031105,0.087948,0.195939,,697900,,
0,0,,0.26385,0.13399,0.032364,0.003553,0.052256,0.048269,0.124471,0.107338,0.076242,0.157667,,703200,,
0,0,,0.206371,0.124886,0.032214,0.030811,0.048012,0.097726,0.192225,0.088771,0.047346,0.131637,,699500,,
0,0,,0.239648,0.135734,0.026987,0.033105,0.049119,0.069252,0.132707,0.040662,0.102428,0.170356,,703400,,
0,0,,0.248847,0.187202,0.024737,0.042617,0.054474,0.073264,0.101285,0.02842,0.059113,0.180041,,705100,,
0,0,,0.283253,0.136182,0.028666,0.021923,0.075293,0.036441,0.138333,0.03611,0.064261,0.179537,,687300,,
0,0,,0.292089,0.122062,0.033106,0.024875,0.046648,0.05415,0.120892,0.105982,0.05487,0.145327,,681800,,
0,0,,0.238398,0.140945,0.030407,0.039974,0.055497,0.064473,0.183876,0.048123,0.049924,0.148384,,684800,,
0,0,,0.265901,0.143799,0.026684,0.035838,0.056626,0.04936,0.125243,0.036435,0.061588,0.198525,,693100,,
0,0,,0.301671,0.125789,0.031561,0.050313,0.048015,0.054838,0.130109,0.061512,0.053549,0.142642,,686100,,
0,0,,0.26582,0.127265,0.023719,0.032504,0.059448,0.054917,0.10863,0.031105,0.089487,0.207105,,688000,,
0,0,,0.206771,0.132119,0.026482,0.039054,0.054325,0.083739,0.183979,0.054188,0.071323,0.148022,,692300,,
0,0,,0.239648,0.135734,0.026987,0.033105,0.049119,0.069252,0.132707,0.040662,0.102428,0.170356,,682100,,
0,0,,0.248035,0.162553,0.023193,0.038557,0.075306,0.080924,0.10546,0.030962,0.059679,0.175331,,685600,,
0,1,,0.18357,0.302508,0.016248,0.048108,0.035297,0.127225,0.062229,0.014992,0.038945,0.170879,,684500,,
0,1,,0.200456,0.257817,0.01925,0.049656,0.066631,0.141866,0.080252,0.022911,0.042343,0.118818,,675600,,
0,0,,0.22152,0.160409,0.030009,0.053004,0.072745,0.078639,0.166551,0.055358,0.042617,0.119149,,683600,,
0,0,,0.3025,0.138181,0.031628,0.02772,0.054078,0.037877,0.156813,0.042793,0.056674,0.151735,,687200,,
0,0,,0.268354,0.122328,0.024535,0.026707,0.056789,0.054339,0.108271,0.031105,0.09737,0.210202,,693900,,
0,0,,0.260324,0.158627,0.026662,0.027333,0.037755,0.074561,0.099455,0.060745,0.086485,0.168053,,691900,,
0,0,,0.291949,0.169837,0.028433,0.031026,0.046476,0.091822,0.114402,0.034818,0.051873,0.139364,,694700,,
0,0,,0.272396,0.126328,0.024535,0.022707,0.078917,0.034339,0.128271,0.031105,0.070774,0.210627,,684200,,
0,0,,0.284876,0.128771,0.027132,0.00242,0.043468,0.041713,0.103825,0.099049,0.081585,0.18716,,684700,,
0,1,,0.198113,0.294674,0.018394,0.0497,0.028975,0.165353,0.051347,0.019463,0.077083,0.0969,,686900,,
0,0,,0.299284,0.131331,0.029715,0.02784,0.05242,0.040909,0.10973,0.079508,0.059787,0.169475,,691000,,
0,1,,0.16267,0.253512,0.018086,0.057736,0.04537,0.151857,0.101466,0.025698,0.040442,0.143162,,685200,,
0,0,,0.278303,0.13987,0.027844,0.023758,0.058344,0.031331,0.112653,0.033235,0.064907,0.229755,,683100,,
0,1,,0.189114,0.299179,0.01607,0.04619,0.045082,0.143193,0.04004,0.014992,0.066288,0.139851,,749400,,
0,0,,0.279526,0.131716,0.025352,0.022625,0.059932,0.025198,0.10092,0.02823,0.072061,0.254439,,692000,,
0,0,,0.271174,0.134482,0.027027,0.02384,0.077329,0.040472,0.140003,0.03611,0.06362,0.185943,,1168600,,
0,0,,0.296956,0.14151,0.031806,0.029637,0.054293,0.041909,0.139003,0.062793,0.05433,0.147762,,946600,,
0,0,,0.283315,0.131681,0.029812,0.028029,0.053794,0.041039,0.141464,0.03611,0.082291,0.172465,,702000,,
0,0,,0.307936,0.136644,0.025703,0.029783,0.04645,0.047654,0.08092,0.02823,0.100105,0.196574,,695300,,
0,0,,0.278922,0.155133,0.030539,0.033162,0.038388,0.077685,0.152579,0.041894,0.064992,0.126707,,699100,,
0,0,,0.267128,0.125676,0.025352,0.026625,0.045775,0.045198,0.08092,0.02823,0.126866,0.228229,,752800,,
0,0,,0.26642,0.162778,0.024192,0.035918,0.053994,0.082803,0.1051,0.030962,0.060798,0.177033,,707900,,
0,0,,0.223379,0.180533,0.025486,0.042617,0.057782,0.074123,0.117852,0.035102,0.081833,0.161293,,711300,,
0,0,,0.269313,0.138242,0.027844,0.023758,0.055725,0.031331,0.112653,0.033235,0.077115,0.230784,,688700,,
0,1,,0.184568,0.266377,0.017929,0.045039,0.045004,0.132039,0.053066,0.01902,0.089182,0.147775,,689500,,
0,0,,0.20818,0.150595,0.031029,0.052279,0.04952,0.09363,0.199456,0.054235,0.041728,0.119347,,688200,,
0,0,,0.278931,0.127357,0.026354,0.026707,0.057096,0.034339,0.12879,0.031105,0.069072,0.220249,,691700,,
1,1,,0.118654,0.332383,0.017105,0.094863,0.036329,0.208734,0.075091,0.022683,0.024137,0.070021,,691300,,
1,1,,0.109279,0.362055,0.014198,0.081816,0.037012,0.211771,0.069379,0.020873,0.024337,0.069278,,687000,,
1,1,,0.181708,0.275181,0.01989,0.084134,0.03834,0.174393,0.084971,0.026137,0.030379,0.084867,,685100,,
1,1,,0.141858,0.342648,0.012369,0.088968,0.03874,0.200832,0.03649,0.014855,0.031911,0.091329,,682900,,
1,1,,0.050956,0.301315,0.008633,0.097981,0.024636,0.288215,0.133853,0.046659,0.012724,0.035028,,692100,,
1,1,,0.107933,0.371144,0.015111,0.103248,0.02358,0.215044,0.076809,0.024032,0.013652,0.049448,,698500,,
1,1,,0.141011,0.359267,0.014433,0.066547,0.040184,0.17509,0.055478,0.01424,0.033281,0.100468,,698500,,
1,5,,0.03471,0.286162,0.008713,0.098996,0.010843,0.336984,0.155984,0.047435,0.002558,0.017615,,699900,,
1,1,,0.043836,0.325604,0.034679,0.088757,0.007932,0.29736,0.125571,0.065415,0.002566,0.00828,,714800,,
1,1,,0.102789,0.374149,0.011698,0.071897,0.020974,0.245961,0.067926,0.029767,0.017398,0.057441,,709700,,
1,1,,0.14202,0.335321,0.017801,0.064243,0.037941,0.173046,0.08121,0.026393,0.031876,0.090148,,708200,,
1,1,,0.156176,0.342611,0.014086,0.052892,0.038684,0.152977,0.058231,0.014849,0.051959,0.117535,,706700,,
1,1,,0.165097,0.231064,0.019773,0.056421,0.027526,0.19537,0.114064,0.047343,0.039712,0.10363,,708900,,
1,1,,0.084156,0.299031,0.014737,0.103835,0.030307,0.262597,0.102524,0.028782,0.018367,0.055664,,708400,,
1,1,,0.088524,0.348343,0.011736,0.075142,0.029633,0.264527,0.075066,0.032397,0.01915,0.055482,,705800,,
1,1,,0.07929,0.287791,0.011171,0.090437,0.01242,0.284731,0.157034,0.045549,0.007095,0.024482,,709400,,
1,1,,0.163554,0.338931,0.013229,0.059887,0.035364,0.178375,0.057333,0.014855,0.040041,0.098432,,705300,,
1,1,,0.134933,0.360882,0.010095,0.066209,0.027204,0.175915,0.058907,0.017633,0.03595,0.112272,,711700,,
1,1,,0.144103,0.314187,0.01545,0.07992,0.04252,0.155478,0.084231,0.018979,0.035134,0.109996,,700200,,
1,1,,0.092421,0.283173,0.017643,0.082177,0.016929,0.239921,0.093072,0.086261,0.025671,0.062732,,701800,,
1,1,,0.154998,0.335901,0.015924,0.083394,0.034105,0.188275,0.062893,0.018711,0.028401,0.077397,,696900,,
1,1,,0.065827,0.305554,0.015071,0.081741,0.019575,0.270171,0.09479,0.097916,0.013758,0.035597,,698500,,
1,5,,0.057934,0.23338,0.010375,0.061344,0.022758,0.304226,0.185795,0.067964,0.015141,0.041084,,715200,,
1,1,,0.139902,0.354825,0.011911,0.056213,0.035322,0.178529,0.060473,0.017115,0.043222,0.10249,,699900,,
1,1,,0.175724,0.315785,0.017296,0.052399,0.063784,0.135418,0.066103,0.01692,0.039564,0.117007,,700900,,
1,1,,0.160948,0.298406,0.017809,0.065026,0.063401,0.164937,0.068016,0.018883,0.038026,0.104548,,701000,,
1,1,,0.054159,0.317817,0.009419,0.123077,0.032319,0.275347,0.09845,0.023584,0.01629,0.049539,,699900,,
1,1,,0.141858,0.362648,0.012369,0.088968,0.02874,0.200832,0.03649,0.014855,0.026911,0.086329,,700400,,
1,1,,0.045153,0.343934,0.010813,0.125343,0.019564,0.286822,0.106198,0.02744,0.005605,0.029128,,698200,,
1,1,,0.074087,0.312204,0.014656,0.106444,0.018026,0.274023,0.102492,0.029368,0.019198,0.049501,,720800,,
1,1,,0.159988,0.331646,0.015983,0.065829,0.04304,0.163095,0.06288,0.014998,0.037418,0.105123,,698600,,
1,1,,0.16501,0.349505,0.013229,0.08581,0.025151,0.198375,0.037525,0.014855,0.026743,0.083796,,698100,,
1,1,,0.124733,0.369798,0.015609,0.096203,0.02087,0.234125,0.055564,0.024729,0.014292,0.044075,,695600,,
1,1,,0.108139,0.350648,0.015117,0.097142,0.031662,0.216708,0.078566,0.027454,0.019857,0.054708,,697600,,
1,1,,0.118991,0.311265,0.015452,0.097853,0.035963,0.205833,0.090381,0.032773,0.024116,0.067373,,697100,,
1,1,,0.132548,0.249791,0.016853,0.070398,0.040953,0.186178,0.1192,0.033549,0.032999,0.117532,,700200,,
1,1,,0.147129,0.290351,0.013832,0.07184,0.063734,0.17225,0.073442,0.022276,0.037288,0.107859,,697400,,
1,1,,0.034604,0.345965,0.01151,0.126476,0.017257,0.295159,0.112872,0.043368,0.000902,0.011888,,698600,,
1,1,,0.151324,0.283619,0.017683,0.090207,0.036016,0.191963,0.0951,0.032952,0.02702,0.074115,,711200,,
1,1,,0.141858,0.382648,0.012369,0.068968,0.02874,0.200832,0.03649,0.014855,0.026911,0.086329,,699700,,
1,1,,0.118265,0.321219,0.014171,0.088272,0.035671,0.201301,0.082107,0.02235,0.028663,0.087979,,705500,,
1,1,,0.147502,0.336171,0.015008,0.083494,0.022913,0.224152,0.075348,0.023513,0.016691,0.055207,,698300,,
1,1,,0.117974,0.324102,0.012479,0.086611,0.0356,0.207082,0.081485,0.024119,0.028494,0.082054,,699700,,
1,1,,0.177082,0.319471,0.015445,0.050043,0.044425,0.144909,0.062139,0.016192,0.041395,0.1289,,697400,,
1,1,,0.129389,0.364211,0.010273,0.068126,0.027418,0.199947,0.041097,0.017633,0.033606,0.108299,,699800,,
1,1,,0.121323,0.343859,0.013333,0.094191,0.035405,0.206493,0.074282,0.024018,0.022566,0.06453,,700500,,
1,1,,0.140402,0.352074,0.012369,0.063045,0.038953,0.200832,0.036298,0.014855,0.040209,0.100965,,697000,,
1,1,,0.088662,0.361924,0.011736,0.109085,0.022763,0.230984,0.081311,0.028892,0.01415,0.050492,,699500,,
1,1,,0.124758,0.306747,0.017302,0.08492,0.032514,0.220805,0.089129,0.029894,0.025322,0.068609,,705300,,
1,1,,0.13974,0.332188,0.013162,0.068182,0.039033,0.183283,0.07443,0.024355,0.033509,0.092119,,692100,,
1,1,,0.126931,0.369068,0.016511,0.088764,0.022246,0.225719,0.049894,0.021336,0.018593,0.060937,,690200,,
1,1,,0.159988,0.331646,0.015983,0.065829,0.04304,0.163095,0.06288,0.014998,0.037418,0.105123,,690800,,
1,1,,0.089746,0.348761,0.011736,0.106518,0.032763,0.227515,0.081095,0.026648,0.01915,0.056069,,709000,,
1,1,,0.171558,0.294615,0.016112,0.047444,0.031699,0.132385,0.065224,0.01692,0.077527,0.146517,,689300,,
1,1,,0.086341,0.333468,0.011736,0.093219,0.019633,0.268027,0.086748,0.036772,0.01415,0.049906,,690300,,
1,1,,0.113017,0.36845,0.010304,0.081006,0.036858,0.197474,0.066207,0.020162,0.028083,0.078438,,692500,,
1,1,,0.146131,0.348048,0.014019,0.067045,0.038613,0.180832,0.056818,0.014855,0.033281,0.100359,,686400,,
1,1,,0.112952,0.357819,0.009953,0.077848,0.025455,0.195018,0.066207,0.020162,0.032219,0.102366,,684600,,
1,1,,0.169787,0.302605,0.021606,0.07705,0.035579,0.180067,0.073764,0.022943,0.031701,0.084897,,687600,,
1,1,,0.083971,0.339357,0.01307,0.091682,0.019519,0.250569,0.103187,0.040399,0.013009,0.045236,,704100,,
1,1,,0.133726,0.360241,0.012274,0.069361,0.038695,0.182403,0.061424,0.017633,0.030841,0.093401,,695600,,
1,1,,0.083423,0.329983,0.01366,0.102084,0.019333,0.241386,0.097147,0.031578,0.023163,0.058243,,695500,,
1,1,,0.065252,0.335721,0.012638,0.113921,0.019634,0.254657,0.101265,0.02744,0.019466,0.050006,,684700,,
1,1,,0.174307,0.308404,0.014997,0.057305,0.04363,0.152046,0.059937,0.014998,0.042618,0.131758,,692700,,
1,1,,0.129964,0.248941,0.018803,0.063913,0.033378,0.230583,0.142152,0.049457,0.022748,0.06006,,698000,,
1,1,,0.081566,0.274373,0.010042,0.088332,0.018509,0.264213,0.128992,0.037244,0.027561,0.069169,,691800,,
1,1,,0.178847,0.266413,0.017686,0.058849,0.047417,0.139943,0.078913,0.022297,0.063709,0.125928,,699700,,
1,1,,0.111615,0.309139,0.014309,0.069944,0.034006,0.214861,0.107028,0.046451,0.026021,0.066625,,717600,,
1,1,,0.045153,0.323934,0.010813,0.125343,0.029564,0.286822,0.106198,0.02744,0.010605,0.034128,,701500,,
1,1,,0.062356,0.362031,0.013522,0.076744,0.027908,0.247201,0.107801,0.048319,0.01538,0.038736,,694700,,
1,1,,0.108408,0.320017,0.013035,0.093414,0.022829,0.265115,0.061836,0.021622,0.021395,0.072328,,692000,,
1,1,,0.095914,0.385547,0.012226,0.085558,0.027145,0.215819,0.074604,0.022094,0.018547,0.062546,,698500,,
1,1,,0.14364,0.3291,0.017553,0.06701,0.038192,0.181026,0.082121,0.027004,0.029781,0.084573,,693400,,
1,1,,0.10101,0.330273,0.015435,0.101233,0.022918,0.222972,0.084869,0.026868,0.026696,0.067727,,692700,,
1,1,,0.131028,0.302045,0.017317,0.082569,0.030155,0.219787,0.071146,0.053029,0.02525,0.067674,,703700,,
1,1,,0.044357,0.343056,0.010813,0.125343,0.019884,0.286822,0.106198,0.02744,0.005994,0.030093,,693300,,
1,1,,0.151778,0.253577,0.016107,0.059662,0.036967,0.211066,0.102846,0.042523,0.031592,0.093884,,694700,,
1,1,,0.120101,0.339441,0.013333,0.066816,0.032275,0.223505,0.088253,0.029767,0.022566,0.063943,,693200,,
1,1,,0.187911,0.260159,0.017579,0.037882,0.035139,0.109583,0.073066,0.01902,0.08572,0.173941,,695400,,
1,1,,0.144551,0.357023,0.014713,0.06767,0.040302,0.181925,0.056298,0.014855,0.031911,0.090752,,697300,,
1,1,,0.165717,0.321344,0.020751,0.055481,0.036259,0.174634,0.079401,0.024413,0.032958,0.089042,,692400,,
1,1,,0.099349,0.255165,0.014172,0.101594,0.028691,0.227019,0.109258,0.081955,0.022081,0.060716,,703500,,
1,1,,0.113588,0.281543,0.018737,0.111896,0.022943,0.213671,0.104566,0.027518,0.028694,0.076842,,698000,,
1,1,,0.141858,0.362648,0.012369,0.088968,0.02874,0.200832,0.03649,0.014855,0.026911,0.086329,,698000,,
1,1,,0.164736,0.341826,0.014782,0.058411,0.040944,0.172687,0.060723,0.016198,0.033406,0.096288,,696000,,
1,1,,0.078007,0.296538,0.009618,0.093733,0.018223,0.285741,0.095544,0.037829,0.024504,0.060263,,695300,,
1,1,,0.198612,0.279086,0.018066,0.054274,0.040658,0.159934,0.078167,0.022281,0.038143,0.11078,,696800,,
1,1,,0.054159,0.317817,0.009419,0.123077,0.032319,0.275347,0.09845,0.023584,0.01629,0.049539,,702500,,
1,1,,0.089746,0.368761,0.011736,0.106518,0.022763,0.247515,0.061095,0.026648,0.01415,0.051069,,695400,,
1,1,,0.078481,0.353458,0.011928,0.110463,0.031086,0.239046,0.087256,0.028576,0.01502,0.044686,,700300,,
1,1,,0.152012,0.268494,0.017095,0.06129,0.036461,0.209632,0.098426,0.029999,0.031673,0.094918,,696600,,
1,1,,0.083423,0.349983,0.01366,0.102084,0.019333,0.241386,0.097147,0.031578,0.013163,0.048243,,693100,,
1,1,,0.090977,0.395652,0.01178,0.086309,0.023129,0.240406,0.060257,0.02595,0.01415,0.05139,,693300,,
1,1,,0.141645,0.344742,0.011907,0.062764,0.038077,0.17154,0.055478,0.01424,0.049345,0.110262,,697100,,
1,1,,0.178349,0.336736,0.016336,0.054717,0.043662,0.138651,0.062198,0.015577,0.038405,0.115369,,692900,,
1,1,,0.128146,0.363543,0.010735,0.076407,0.038294,0.189238,0.061917,0.018248,0.029471,0.084002,,695600,,
1,1,,0.157645,0.334067,0.01592,0.082153,0.035101,0.189851,0.065083,0.018711,0.026226,0.075244,,720300,,
1,1,,0.124757,0.347897,0.009145,0.07367,0.041239,0.182445,0.061321,0.017619,0.034166,0.107741,,692500,,
1,1,,0.128146,0.383543,0.010735,0.076407,0.028294,0.209238,0.041917,0.018248,0.024471,0.079002,,693700,,
1,1,,0.144842,0.287176,0.012756,0.069,0.043742,0.168737,0.076913,0.023576,0.057607,0.115651,,696500,,
1,1,,0.145555,0.362867,0.012843,0.085247,0.039503,0.181699,0.034877,0.013506,0.031911,0.091992,,695200,,
1,1,,0.078338,0.327808,0.014185,0.092666,0.026035,0.246234,0.100652,0.047257,0.017368,0.049457,,695000,,
1,1,,0.163466,0.314408,0.014506,0.062719,0.044057,0.167075,0.064111,0.01754,0.038569,0.113548,,693400,,
1,1,,0.116705,0.366345,0.010818,0.078981,0.036262,0.200755,0.070081,0.02209,0.025409,0.072552,,693100,,
1,1,,0.214078,0.27125,0.017627,0.048812,0.049096,0.115897,0.0773,0.020948,0.045415,0.139577,,693400,,
1,1,,0.10278,0.367676,0.011653,0.083481,0.033738,0.216057,0.074793,0.024716,0.022398,0.062707,,692500,,
1,5,,0.039891,0.299205,0.007338,0.07888,0.01222,0.334975,0.151602,0.045507,0.005401,0.024982,,695700,,
1,1,,0.102789,0.354149,0.011698,0.071897,0.030974,0.245961,0.067926,0.029767,0.022398,0.062441,,695200,,
1,1,,0.15917,0.35194,0.014004,0.059887,0.040041,0.178375,0.056818,0.014855,0.032079,0.092831,,700000,,
1,1,,0.052165,0.326829,0.012241,0.126476,0.017257,0.292559,0.130316,0.029368,0.000902,0.011888,,697100,,
1,1,,0.174043,0.314553,0.015925,0.047715,0.042084,0.174359,0.040382,0.016544,0.042927,0.131468,,700500,,
1,1,,0.133454,0.349905,0.01209,0.065922,0.037295,0.173996,0.055478,0.01424,0.049177,0.108443,,707400,,
1,5,,0.072307,0.19227,0.04589,0.064824,0.015302,0.290406,0.191859,0.088853,0.009009,0.029279,,708600,,
1,1,,0.052904,0.328257,0.008589,0.113251,0.029794,0.286563,0.094328,0.036772,0.012714,0.036828,,697300,,
1,1,,0.09807,0.378337,0.013554,0.084595,0.023603,0.227515,0.081422,0.026648,0.014539,0.051717,,693700,,
1,1,,0.135904,0.297028,0.015673,0.084775,0.04038,0.180348,0.089719,0.022255,0.032292,0.101627,,694300,,
2,0,,0.297368,0.141458,0.031162,0.033826,0.051601,0.042053,0.151033,0.039508,0.057339,0.154651,,693300,,
2,0,,0.222894,0.142828,0.030889,0.069658,0.0739,0.066703,0.171142,0.050041,0.046205,0.125739,,696700,,
2,0,,0.214366,0.144832,0.029151,0.042761,0.049297,0.101784,0.204271,0.063035,0.039775,0.110728,,692100,,
2,0,,0.243968,0.132167,0.0293,0.030887,0.047679,0.085866,0.127529,0.100845,0.05288,0.148878,,711000,,
2,1,,0.226411,0.231954,0.021687,0.075922,0.039506,0.153341,0.089034,0.026767,0.036322,0.099055,,694700,,
2,0,,0.272278,0.136781,0.032861,0.055061,0.052942,0.05584,0.166234,0.046649,0.048646,0.132708,,695500,,
2,1,,0.144342,0.256494,0.019351,0.061957,0.038881,0.198205,0.113631,0.032379,0.034697,0.100062,,695300,,
2,0,,0.287686,0.125777,0.034128,0.050313,0.049993,0.055697,0.147196,0.068195,0.048955,0.132062,,697700,,
2,1,,0.190808,0.215329,0.021903,0.07189,0.033246,0.185618,0.103335,0.064358,0.031004,0.08251,,690500,,
2,0,,0.225983,0.127767,0.031397,0.030887,0.048245,0.089107,0.147744,0.120051,0.047346,0.131474,,695100,,
2,0,,0.281268,0.124983,0.034795,0.041819,0.047059,0.056181,0.141426,0.098592,0.047056,0.126819,,693200,,
3,1,,0.129399,0.362124,0.009938,0.090691,0.028421,0.212561,0.046207,0.020162,0.023419,0.077077,,693700,,
3,1,,0.113132,0.365022,0.013516,0.081349,0.034623,0.208949,0.074282,0.024018,0.022398,0.06271,,693600,,
3,1,,0.050263,0.364657,0.008589,0.152874,0.021994,0.273743,0.071922,0.026648,0.005854,0.023457,,693800,,
3,1,,0.049144,0.346672,0.008238,0.128501,0.03059,0.28119,0.074741,0.042892,0.010854,0.027178,,692200,,
3,1,,0.034272,0.302728,0.008016,0.109293,0.014381,0.296718,0.140928,0.053757,0.01354,0.026366,,695100,,
3,1,,0.07691,0.325577,0.010781,0.131423,0.019695,0.273611,0.076558,0.028892,0.011865,0.044688,,709600,,
3,1,,0.117139,0.3593,0.01196,0.079363,0.028902,0.201905,0.068302,0.020162,0.021964,0.091003,,694700,,
3,5,,0.029341,0.261236,0.008035,0.100013,0.009912,0.363313,0.158276,0.061435,0.000698,0.007741,,698800,,
3,1,,0.117955,0.363502,0.009642,0.078279,0.039648,0.188816,0.064487,0.017619,0.02989,0.090163,,693600,,
3,1,,0.049777,0.353655,0.007458,0.128528,0.020942,0.266698,0.101432,0.026964,0.008447,0.036099,,693400,,
3,1,,0.093549,0.328698,0.010242,0.129138,0.024153,0.248798,0.057069,0.025036,0.018837,0.064478,,695300,,
3,1,,0.15005,0.357485,0.012186,0.08581,0.029521,0.198375,0.03649,0.014855,0.027079,0.088148,,696100,,
3,1,,0.104011,0.374567,0.011698,0.103272,0.024104,0.228949,0.053955,0.024018,0.017398,0.058028,,697400,,
3,1,,0.045274,0.336714,0.008155,0.129661,0.019564,0.312436,0.085306,0.028892,0.005605,0.028393,,694700,,
3,1,,0.106704,0.348942,0.014041,0.101974,0.035666,0.210042,0.073763,0.024018,0.022398,0.062451,,696500,,
3,1,,0.045153,0.323934,0.010813,0.125343,0.029564,0.286822,0.106198,0.02744,0.010605,0.034128,,691900,,
3,5,,0.040319,0.283756,0.008016,0.109293,0.015312,0.314118,0.138128,0.039757,0.015401,0.035901,,694300,,
4,0,,0.255251,0.137442,0.031163,0.032882,0.057823,0.037345,0.156293,0.041186,0.080609,0.170007,,694700,,
4,0,,0.268354,0.126328,0.024535,0.022707,0.056789,0.054339,0.108271,0.031105,0.09737,0.210202,,695900,,
4,0,,0.231185,0.127891,0.024038,0.041385,0.060325,0.069962,0.135433,0.043095,0.081233,0.185454,,697300,,
4,1,,0.195691,0.294242,0.016886,0.040393,0.044551,0.142616,0.03968,0.014992,0.047575,0.163373,,695800,,
4,6,,0.175343,0.120353,0.025298,0.043723,0.030682,0.192319,0.204648,0.065248,0.029808,0.112579,,693900,,
4,0,,0.258122,0.132147,0.024652,0.035943,0.06098,0.044182,0.131142,0.041181,0.062453,0.209198,,694400,,
4,0,,0.24543,0.153607,0.027028,0.042161,0.076623,0.052099,0.143306,0.03611,0.058503,0.165134,,692000,,
4,0,,0.200664,0.162236,0.049156,0.055816,0.053347,0.083996,0.180148,0.05196,0.043293,0.119384,,693600,,
4,0,,0.199594,0.16127,0.049838,0.052496,0.045165,0.073995,0.182157,0.05343,0.04046,0.141595,,694800,,
4,0,,0.28582,0.127265,0.023719,0.032504,0.059448,0.034917,0.10863,0.031105,0.089487,0.207105,,695500,,
4,1,,0.152548,0.249791,0.016853,0.070398,0.030953,0.186178,0.1192,0.033549,0.037999,0.102532,,716600,,
4,0,,0.242652,0.132144,0.029249,0.030136,0.055364,0.067799,0.142341,0.04406,0.086827,0.169428,,724400,,
4,0,,0.196076,0.140093,0.02898,0.048938,0.043149,0.080441,0.192626,0.051515,0.067154,0.151027,,700000,,
4,0,,0.25753,0.135855,0.024069,0.035662,0.048822,0.057373,0.10863,0.031105,0.10856,0.192393,,696700,,
4,1,,0.165309,0.26903,0.018319,0.061056,0.046193,0.146517,0.090546,0.025695,0.059623,0.117713,,709100,,
5,5,,0.075083,0.206799,0.03355,0.056523,0.013984,0.287718,0.20119,0.086444,0.009418,0.029289,,701300,,
5,5,,0.032091,0.250416,0.007071,0.085579,0.017699,0.339219,0.145561,0.101759,0.007229,0.013377,,701100,,
5,5,,0.049553,0.265578,0.00729,0.088155,0.022493,0.302947,0.14579,0.070774,0.013133,0.034287,,698800,,
5,1,,0.119034,0.243336,0.013843,0.077293,0.029827,0.229843,0.138998,0.063147,0.022279,0.062401,,697300,,
5,1,,0.067135,0.292672,0.008938,0.064601,0.02541,0.266333,0.142326,0.069737,0.018662,0.044186,,699700,,
5,5,,0.056655,0.269844,0.008923,0.094811,0.026177,0.317944,0.120303,0.051592,0.014314,0.039437,,701400,,
5,5,,0.058876,0.243451,0.011561,0.066432,0.023348,0.284726,0.180187,0.081891,0.013264,0.036264,,712900,,
5,5,,0.058925,0.221448,0.010017,0.060409,0.009055,0.320546,0.183761,0.117395,0.004121,0.014324,,700800,,
5,5,,0.0822,0.207483,0.009459,0.055668,0.022635,0.268736,0.162501,0.132423,0.016389,0.042506,,700700,,
5,5,,0.032069,0.232831,0.007852,0.058973,0.005488,0.317932,0.163431,0.171018,0.002518,0.007887,,702600,,
5,5,,0.075438,0.180315,0.012312,0.080139,0.026129,0.271706,0.215019,0.067854,0.019111,0.051975,,700800,,
5,1,,0.039227,0.335686,0.008155,0.149661,0.018634,0.295036,0.088106,0.042892,0.003744,0.018858,,702700,,
5,5,,0.059676,0.291068,0.007673,0.080655,0.013285,0.343949,0.121493,0.059507,0.004652,0.018043,,701500,,
5,1,,0.109883,0.304273,0.015694,0.091741,0.019765,0.229836,0.134848,0.039711,0.012441,0.041807,,698100,,
5,5,,0.052796,0.211059,0.010439,0.061551,0.010989,0.322799,0.206878,0.09569,0.006676,0.021123,,699100,,
5,5,,0.032432,0.254503,0.007749,0.087468,0.017699,0.332597,0.169445,0.077163,0.007229,0.013716,,699500,,
5,1,,0.06405,0.309307,0.00867,0.081135,0.028983,0.288765,0.116659,0.037561,0.016883,0.047988,,707800,,
5,5,,0.045838,0.25063,0.008102,0.071712,0.007769,0.360625,0.171184,0.075692,0.001107,0.00734,,702600,,
5,5,,0.082042,0.206702,0.01,0.053942,0.021319,0.268812,0.163998,0.135559,0.016316,0.04131,,701100,,
5,1,,0.127802,0.310686,0.01524,0.066723,0.035527,0.212604,0.095135,0.030525,0.028074,0.077685,,699600,,
5,5,,0.1094,0.226414,0.01328,0.078796,0.029949,0.256105,0.142029,0.064632,0.021435,0.05796,,703700,,
5,5,,0.048351,0.235981,0.022104,0.035916,0.007024,0.307193,0.171858,0.154394,0.004185,0.012994,,702000,,
5,5,,0.044926,0.291218,0.007673,0.100655,0.014535,0.341349,0.118693,0.045507,0.006902,0.028543,,709100,,
5,5,,0.071263,0.267992,0.010954,0.092454,0.026734,0.291203,0.131182,0.043975,0.016701,0.047542,,700700,,
5,5,,0.07476,0.184213,0.01299,0.059122,0.016129,0.287977,0.195528,0.087854,0.024111,0.057314,,702200,,
5,5,,0.0622,0.227483,0.009459,0.035668,0.022635,0.268736,0.162501,0.152423,0.016389,0.042506,,701000,,
5,5,,0.080834,0.186714,0.013596,0.057122,0.014524,0.303134,0.199127,0.102385,0.010657,0.031907,,709900,,
5,1,,0.100787,0.339099,0.012554,0.074069,0.031884,0.239263,0.090447,0.028537,0.021831,0.061529,,711000,,
5,1,,0.071712,0.270526,0.011896,0.075811,0.030045,0.257575,0.16788,0.04925,0.017035,0.04827,,699700,,
5,5,,0.03256,0.255679,0.008032,0.089676,0.018361,0.333414,0.167461,0.073025,0.007219,0.014573,,855900,,
5,5,,0.058522,0.258152,0.01053,0.07231,0.025251,0.304736,0.16432,0.050893,0.014506,0.04078,,803200,,
5,5,,0.044143,0.273573,0.006879,0.072327,0.021383,0.328834,0.156235,0.053234,0.011785,0.031608,,693700,,
5,5,,0.045045,0.295994,0.008351,0.079638,0.024215,0.31762,0.139201,0.045507,0.011513,0.032917,,690300,,
5,5,,0.028663,0.265134,0.008713,0.078996,0.009912,0.359584,0.178784,0.061435,0.000698,0.00808,,692600,,
5,5,,0.051165,0.240668,0.005837,0.041043,0.007278,0.337808,0.150822,0.147945,0.004107,0.01333,,694300,,
5,1,,0.093285,0.249434,0.016572,0.072007,0.034317,0.238103,0.147722,0.048903,0.041015,0.058642,,694800,,
5,5,,0.059127,0.226025,0.011323,0.071853,0.025563,0.30513,0.19168,0.052235,0.014721,0.042343,,689800,,
5,5,,0.043788,0.269749,0.006657,0.069559,0.010668,0.328805,0.160279,0.057098,0.016922,0.036474,,695000,,
5,5,,0.051401,0.23395,0.008907,0.034783,0.019332,0.298855,0.165184,0.138466,0.013888,0.035235,,694500,,
5,5,,0.048547,0.262358,0.007829,0.064859,0.020909,0.318571,0.166676,0.062578,0.013259,0.034413,,695300,,
5,1,,0.063102,0.312934,0.010407,0.101821,0.027221,0.280191,0.116955,0.038147,0.012714,0.036508,,694500,,
5,5,,0.062717,0.258204,0.006725,0.087604,0.01173,0.331536,0.133121,0.073759,0.007322,0.027284,,694100,,
5,5,,0.027131,0.248222,0.007087,0.066962,0.007107,0.3735,0.156038,0.106353,0.001117,0.006482,,695400,,
5,1,,0.056301,0.304546,0.007892,0.080688,0.028079,0.297953,0.124436,0.040594,0.015557,0.043953,,692100,,
5,1,,0.090883,0.320436,0.01305,0.096032,0.029852,0.250321,0.09768,0.032397,0.017863,0.051487,,695600,,
5,5,,0.027921,0.246124,0.007149,0.068581,0.007055,0.374997,0.154096,0.105628,0.001243,0.007206,,696600,,
5,5,,0.044852,0.281219,0.007322,0.077861,0.022811,0.328893,0.148147,0.045507,0.011513,0.031876,,702100,,
5,5,,0.049553,0.265578,0.00729,0.108155,0.022493,0.282947,0.14579,0.070774,0.013133,0.034287,,696500,,
5,5,,0.047128,0.219744,0.009203,0.066045,0.021586,0.357059,0.162198,0.076483,0.011943,0.02861,,695000,,
5,5,,0.062555,0.211307,0.009681,0.078436,0.023349,0.264765,0.178457,0.11256,0.016253,0.042639,,694900,,
5,5,,0.059435,0.236131,0.009604,0.035916,0.008274,0.304593,0.169058,0.140394,0.013102,0.023494,,693700,,
5,5,,0.077687,0.298543,0.007892,0.102611,0.018399,0.314453,0.092754,0.036219,0.010946,0.040495,,715300,,
5,1,,0.103189,0.248097,0.016076,0.070044,0.036349,0.227045,0.140489,0.045044,0.044983,0.068684,,704200,,
5,5,,0.038471,0.27422,0.007912,0.066962,0.007932,0.3709,0.149904,0.075687,0.001117,0.006895,,704900,,
5,1,,0.074197,0.301501,0.011669,0.086468,0.022122,0.270186,0.12927,0.051943,0.015014,0.03763,,707400,,
5,5,,0.062556,0.211126,0.009681,0.078799,0.023349,0.272963,0.202146,0.080487,0.016253,0.042639,,694100,,
5,1,,0.197676,0.229005,0.026029,0.046716,0.036448,0.168614,0.090589,0.076039,0.035178,0.093705,,693800,,
5,1,,0.125031,0.261631,0.018077,0.065881,0.022363,0.212848,0.1568,0.048946,0.036597,0.051825,,692100,,
5,5,,0.070255,0.283518,0.007892,0.100688,0.017149,0.320553,0.107236,0.054594,0.008696,0.029418,,720100,,
5,1,,0.101167,0.275972,0.01069,0.061543,0.018196,0.248993,0.151285,0.05978,0.017579,0.054794,,695500,,
5,5,,0.076018,0.25989,0.010966,0.088953,0.012204,0.30657,0.157274,0.064411,0.005213,0.018501,,703900,,
5,5,,0.062987,0.296362,0.007195,0.101478,0.029457,0.308716,0.08888,0.034291,0.018399,0.052236,,707100,,
5,1,,0.137558,0.285719,0.016861,0.063209,0.033496,0.218411,0.114963,0.039126,0.02347,0.067188,,704600,,
5,5,,0.085508,0.185666,0.011583,0.066175,0.031027,0.280319,0.19514,0.052408,0.024387,0.067787,,705200,,
5,1,,0.089205,0.30836,0.009798,0.074295,0.031976,0.262299,0.10086,0.032759,0.023587,0.066861,,705900,,
5,5,,0.078724,0.25342,0.013325,0.096944,0.027737,0.263312,0.171998,0.051178,0.012332,0.03103,,700700,,
5,5,,0.03802,0.270459,0.007068,0.067354,0.009415,0.330342,0.166225,0.061235,0.01582,0.034062,,695100,,
6,6,,0.125652,0.095195,0.021941,0.014912,0.020116,0.221757,0.25107,0.177165,0.019163,0.05303,,695200,,
6,6,,0.147448,0.071709,0.024733,0.032354,0.025069,0.193452,0.259385,0.158927,0.022991,0.063934,,706300,,
6,6,,0.143002,0.105471,0.024474,0.047403,0.040896,0.165754,0.27715,0.076145,0.032138,0.087567,,697000,,
6,5,,0.130937,0.18757,0.01472,0.048125,0.019785,0.212197,0.144477,0.148182,0.023405,0.0706,,693000,,
6,6,,0.205667,0.10892,0.033335,0.054964,0.041958,0.126473,0.206711,0.075408,0.055812,0.090752,,693800,,
6,6,,0.168651,0.080686,0.027542,0.030455,0.026798,0.136857,0.24087,0.187461,0.026507,0.074174,,694100,,
6,5,,0.101438,0.199808,0.015464,0.080697,0.03048,0.241254,0.188017,0.053389,0.023675,0.065777,,693800,,
6,0,,0.252505,0.131784,0.032875,0.029597,0.046594,0.085585,0.199554,0.061103,0.043401,0.117002,,693500,,
6,6,,0.177738,0.12611,0.028649,0.040578,0.045231,0.118818,0.246642,0.070395,0.038574,0.107266,,687800,,
6,6,,0.119736,0.10302,0.021486,0.044024,0.035608,0.227895,0.258341,0.082588,0.028781,0.07852,,699400,,
6,0,,0.285481,0.125449,0.033171,0.024562,0.048437,0.056694,0.144099,0.097993,0.04959,0.134525,,691000,,
6,6,,0.179074,0.125412,0.027657,0.039755,0.045327,0.146308,0.196426,0.0949,0.038771,0.10637,,692700,,
6,0,,0.235097,0.162727,0.028835,0.036921,0.047119,0.108771,0.132711,0.070185,0.048029,0.129605,,690200,,
6,6,,0.12528,0.072655,0.024239,0.03614,0.025192,0.182163,0.298018,0.132397,0.031742,0.072173,,696700,,
6,6,,0.169523,0.091383,0.027893,0.033613,0.028201,0.133511,0.235104,0.179389,0.026507,0.074876,,692100,,
6,6,,0.136848,0.070813,0.023542,0.057913,0.037499,0.170933,0.294719,0.091874,0.031445,0.084414,,692300,,
6,6,,0.140792,0.072457,0.023526,0.054352,0.038091,0.155942,0.291578,0.104397,0.032557,0.086308,,696800,,
6,6,,0.141941,0.086759,0.025717,0.033786,0.025981,0.154182,0.234872,0.209991,0.022918,0.063853,,688300,,
6,6,,0.202048,0.108275,0.026924,0.037668,0.045205,0.124353,0.231714,0.068467,0.041416,0.113931,,692500,,
6,6,,0.150831,0.119809,0.026359,0.039352,0.027231,0.158119,0.262951,0.099079,0.035193,0.081075,,694000,,
6,6,,0.140147,0.089387,0.025865,0.048538,0.027997,0.196446,0.287787,0.092073,0.02799,0.063772,,692100,,
6,6,,0.184891,0.099248,0.026262,0.006928,0.04389,0.100738,0.191989,0.182272,0.044332,0.119449,,691400,,
6,6,,0.197572,0.085424,0.028599,0.031319,0.040475,0.129198,0.229073,0.122682,0.037888,0.09777,,690000,,
6,6,,0.124342,0.121391,0.021248,0.019874,0.035485,0.213585,0.255242,0.098524,0.03003,0.08028,,697800,,
6,6,,0.186744,0.119992,0.027256,0.038312,0.047985,0.107343,0.238894,0.066539,0.044258,0.122677,,695700,,
6,6,,0.135994,0.073195,0.025051,0.009992,0.023494,0.181883,0.282395,0.185646,0.021817,0.060533,,693000,,
6,6,,0.135568,0.100695,0.024709,0.040852,0.028537,0.164567,0.288546,0.097872,0.03555,0.083104,,705500,,
6,6,,0.13617,0.074711,0.02422,0.036896,0.037499,0.187204,0.295228,0.091874,0.031445,0.084753,,693500,,
6,6,,0.149948,0.131857,0.025741,0.051363,0.044787,0.140553,0.257313,0.07316,0.033339,0.091939,,689400,,
6,6,,0.195795,0.12305,0.030706,0.062761,0.048237,0.101389,0.224395,0.063035,0.039775,0.110856,,693200,,
6,0,,0.204919,0.091816,0.02938,0.031109,0.042639,0.114902,0.193418,0.14692,0.039098,0.1058,,699000,,
6,6,,0.124812,0.067979,0.023686,0.011718,0.023985,0.180407,0.287032,0.197177,0.021889,0.061316,,693000,,
6,0,,0.204094,0.09837,0.026262,0.006928,0.034209,0.100738,0.191989,0.182272,0.039722,0.115414,,694200,,
6,6,,0.108718,0.099789,0.021222,0.04106,0.032638,0.222038,0.263115,0.127249,0.024089,0.060083,,689700,,
6,6,,0.129428,0.065773,0.02332,0.01224,0.035855,0.196397,0.278188,0.154333,0.029721,0.074745,,697500,,
6,6,,0.14331,0.078781,0.025932,0.060237,0.035854,0.173758,0.297362,0.089664,0.026732,0.06837,,690900,,
6,0,,0.244607,0.149735,0.033653,0.007471,0.047584,0.071761,0.149459,0.121689,0.048025,0.126017,,694800,,
6,6,,0.125749,0.097917,0.0252,0.040237,0.035854,0.176358,0.299918,0.103664,0.026732,0.06837,,691800,,
6,6,,0.130972,0.06986,0.024017,0.033373,0.035408,0.179534,0.279262,0.142261,0.028739,0.076574,,693500,,
6,6,,0.141809,0.092826,0.023526,0.036894,0.038091,0.16485,0.271265,0.111874,0.032557,0.086308,,691700,,
6,6,,0.125942,0.069201,0.024017,0.055916,0.034477,0.171043,0.301748,0.123737,0.026879,0.06704,,691300,,
6,6,,0.136297,0.076067,0.024503,0.03874,0.038162,0.179822,0.289556,0.099808,0.031435,0.08561,,691100,,
6,6,,0.144253,0.102271,0.02549,0.061988,0.040604,0.145386,0.255302,0.110817,0.030916,0.082974,,692900,,
6,6,,0.135475,0.066801,0.02332,0.03224,0.036785,0.193797,0.255388,0.140333,0.031582,0.08428,,694300,,
6,6,,0.171156,0.13585,0.027064,0.049401,0.067338,0.125995,0.218725,0.064925,0.037307,0.10224,,690500,,
6,6,,0.149948,0.131857,0.025741,0.051363,0.044787,0.140553,0.257313,0.07316,0.033339,0.091939,,698000,,
6,0,,0.25142,0.108342,0.034842,0.029577,0.046723,0.084342,0.159733,0.119053,0.045134,0.120833,,691900,,
6,0,,0.208468,0.107098,0.029223,0.00825,0.033021,0.10524,0.191041,0.152128,0.057257,0.108275,,692300,,
6,6,,0.119608,0.101845,0.021203,0.041816,0.034946,0.227078,0.260325,0.086726,0.028791,0.077662,,689300,,
6,6,,0.170106,0.11687,0.027794,0.040596,0.043527,0.132155,0.258383,0.070395,0.037286,0.102886,,698900,,
6,6,,0.160278,0.088033,0.023845,0.009495,0.036061,0.15179,0.233431,0.179468,0.032621,0.084979,,693400,,
7,6,,0.162793,0.093011,0.026813,0.03024,0.022669,0.145382,0.249546,0.18699,0.022435,0.06012,,690200,,
7,6,,0.134231,0.087005,0.023845,0.009495,0.03513,0.15439,0.236231,0.213468,0.030761,0.075444,,694200,,
7,6,,0.1307,0.088225,0.024226,0.009992,0.0336,0.157883,0.242395,0.209646,0.028677,0.074655,,728700,,
7,6,,0.121583,0.095112,0.020668,0.016638,0.021432,0.220281,0.228795,0.195363,0.025902,0.054225,,694400,,
7,6,,0.129157,0.064139,0.023529,0.008859,0.034047,0.178745,0.241321,0.217718,0.029659,0.072826,,691900,,
7,6,,0.129157,0.064139,0.023529,0.008859,0.034047,0.178745,0.241321,0.217718,0.029659,0.072826,,693400,,
7,6,,0.144812,0.067979,0.023686,0.011718,0.023985,0.180407,0.263698,0.200511,0.021889,0.061316,,692000,,
7,6,,0.164485,0.088343,0.028136,0.029737,0.027554,0.128071,0.235033,0.19617,0.026693,0.07578,,692600,,
7,6,,0.13539,0.096262,0.045541,0.011966,0.023985,0.167906,0.237272,0.197854,0.022508,0.061316,,693000,,
7,6,,0.124654,0.087197,0.024226,0.009992,0.032669,0.180483,0.245195,0.203646,0.026817,0.06512,,691400,,
7,5,,0.057758,0.211864,0.011206,0.054439,0.008752,0.278904,0.176296,0.178404,0.005512,0.016864,,692100,,
7,6,,0.134635,0.156375,0.030628,0.012309,0.034539,0.142933,0.195352,0.187197,0.031098,0.074935,,694000,,
7,5,,0.080676,0.176387,0.013445,0.05001,0.010637,0.261839,0.188256,0.182432,0.009493,0.026824,,697200,,
7,6,,0.140278,0.088033,0.023845,0.009495,0.036061,0.15179,0.233431,0.199468,0.032621,0.084979,,693200,,
7,5,,0.076449,0.175524,0.012713,0.03001,0.010637,0.280439,0.187479,0.183765,0.016159,0.026824,,695800,,
7,6,,0.142215,0.088061,0.024958,0.009992,0.022669,0.157883,0.262639,0.209646,0.021817,0.06012,,696400,,
7,6,,0.183843,0.096127,0.029219,0.031705,0.042708,0.108078,0.192417,0.151799,0.059148,0.104956,,693200,,
7,6,,0.177821,0.085393,0.028769,0.009691,0.027744,0.142306,0.228946,0.192306,0.027843,0.07918,,697400,,
7,6,,0.140278,0.068033,0.023845,0.029495,0.036061,0.15179,0.233431,0.199468,0.032621,0.084979,,692500,,
7,6,,0.177821,0.085393,0.028769,0.009691,0.027744,0.142306,0.212279,0.208973,0.027843,0.07918,,694200,,
7,1,,0.080802,0.273736,0.014787,0.059039,0.020389,0.235757,0.122081,0.14474,0.015905,0.032764,,691900,,
7,6,,0.135994,0.073195,0.025051,0.029992,0.023494,0.157883,0.262395,0.209646,0.021817,0.060533,,693500,,
8,0,,0.26372,0.129264,0.025352,0.022625,0.044236,0.025198,0.10092,0.02823,0.154464,0.205991,,706900,,
8,0,,0.260083,0.131294,0.026333,0.033044,0.044732,0.056904,0.134698,0.036435,0.0822,0.194278,,693300,,
8,0,,0.284476,0.128028,0.026175,0.02079,0.056881,0.030308,0.086601,0.071105,0.091415,0.204222,,692800,,
8,0,,0.164591,0.15325,0.024019,0.053442,0.040747,0.095901,0.157697,0.115173,0.07903,0.11615,,698200,,
8,0,,0.26372,0.125264,0.025352,0.026625,0.044236,0.025198,0.08092,0.04823,0.154464,0.205991,,692100,,
8,0,,0.275483,0.127716,0.025352,0.026625,0.057804,0.045198,0.08092,0.02823,0.118657,0.214014,,698200,,
