cardiotocography-10clases,CWE,test,3,NANOSECONDS,PREDICTIONS, Generated by ClassifierExperiments.java on 2022-05-17 03:06:52.    SYSTEMPROPERTIES:{user.name:matth,os.arch:amd64,os.name:Windows 10},ENDSYSTEMPROPERTIES
No parameter info
0.5720930232558139,402944600,306401200,-1,0,10,,-1,-1
0,0,,0.249704,0.134079,0.022799,0.029217,0.075881,0.032441,0.106306,0.031071,0.147104,0.171397,,861400,,
0,0,,0.30388,0.128989,0.022804,0.029696,0.034331,0.027895,0.129583,0.05509,0.114132,0.1536,,782900,,
0,0,,0.229704,0.124988,0.022799,0.038308,0.055881,0.017441,0.101306,0.031071,0.207104,0.171397,,773900,,
0,6,,0.139838,0.162701,0.022034,0.022323,0.025206,0.145448,0.19302,0.170322,0.026037,0.093071,,777000,,
0,0,,0.30296,0.12398,0.02162,0.036601,0.090428,0.029109,0.089091,0.025031,0.059686,0.221494,,784900,,
0,0,,0.340371,0.144988,0.022799,0.018308,0.035881,0.037441,0.081306,0.031071,0.129771,0.158064,,777400,,
0,0,,0.315263,0.126145,0.023451,0.018929,0.052946,0.053553,0.155602,0.093007,0.041993,0.119113,,783300,,
0,0,,0.373659,0.141659,0.035351,0.039359,0.034496,0.023099,0.128182,0.056321,0.044299,0.123576,,780200,,
0,1,,0.200316,0.279333,0.019894,0.062473,0.047082,0.066828,0.049263,0.012203,0.161274,0.101334,,781600,,
0,0,,0.287118,0.149649,0.02162,0.034869,0.035428,0.025014,0.069091,0.025031,0.202353,0.149827,,776100,,
0,0,,0.22296,0.12398,0.02162,0.036601,0.055428,0.009109,0.089091,0.025031,0.213019,0.20316,,817900,,
0,0,,0.249704,0.134079,0.022799,0.029217,0.055881,0.032441,0.106306,0.031071,0.180437,0.158064,,778100,,
0,0,,0.263118,0.149649,0.02162,0.034869,0.055428,0.005014,0.069091,0.025031,0.206353,0.169827,,785800,,
0,8,,0.243118,0.149649,0.02162,0.034869,0.055428,0.005014,0.069091,0.025031,0.246353,0.149827,,791700,,
0,0,,0.378276,0.124988,0.031371,0.058308,0.055881,0.037441,0.104163,0.031071,0.047104,0.131397,,792800,,
0,0,,0.32296,0.12398,0.02162,0.036601,0.055428,0.029109,0.069091,0.025031,0.166353,0.149827,,794600,,
0,1,,0.172235,0.280324,0.014442,0.046107,0.074743,0.084314,0.055019,0.016258,0.133447,0.123111,,811100,,
0,0,,0.353659,0.145988,0.032017,0.041697,0.054496,0.023099,0.148182,0.032988,0.044299,0.123576,,789000,,
0,0,,0.260371,0.155897,0.022799,0.027399,0.035881,0.017441,0.081306,0.031071,0.229771,0.138064,,795400,,
0,0,,0.373659,0.141659,0.035351,0.039359,0.034496,0.023099,0.128182,0.056321,0.044299,0.123576,,792100,,
0,0,,0.28696,0.14398,0.02162,0.036601,0.055428,0.009109,0.069091,0.025031,0.182353,0.169827,,790900,,
0,0,,0.263118,0.149649,0.02162,0.034869,0.075428,0.005014,0.089091,0.025031,0.166353,0.169827,,797200,,
0,0,,0.334217,0.1919,0.030412,0.030448,0.033183,0.02132,0.112027,0.025665,0.095616,0.125212,,796600,,
0,0,,0.25988,0.128989,0.042804,0.029696,0.054331,0.027895,0.129583,0.03509,0.118132,0.1736,,796600,,
0,0,,0.263118,0.149649,0.02162,0.034869,0.055428,0.005014,0.069091,0.025031,0.206353,0.169827,,791800,,
0,0,,0.26696,0.12398,0.02162,0.036601,0.055428,0.009109,0.089091,0.025031,0.202353,0.169827,,795700,,
0,0,,0.248136,0.127981,0.021625,0.027989,0.053878,0.019563,0.097368,0.02905,0.184047,0.190363,,795100,,
0,1,,0.227179,0.373575,0.011642,0.061009,0.022844,0.135054,0.019068,0.031127,0.038048,0.080452,,793000,,
0,0,,0.373659,0.149235,0.032017,0.01845,0.034496,0.043099,0.108182,0.072988,0.044299,0.123576,,793800,,
0,0,,0.413659,0.128326,0.032017,0.039359,0.034496,0.043099,0.088182,0.052988,0.044299,0.123576,,819700,,
0,0,,0.26296,0.12398,0.02162,0.036601,0.075428,0.029109,0.069091,0.025031,0.153019,0.20316,,797200,,
0,0,,0.42296,0.114889,0.02162,0.045692,0.035428,0.009109,0.089091,0.045031,0.053019,0.16316,,778400,,
0,0,,0.30296,0.154889,0.02162,0.005692,0.055428,0.029109,0.069091,0.045031,0.166353,0.149827,,773400,,
0,0,,0.223131,0.13244,0.019442,0.037641,0.072297,0.080694,0.158335,0.042636,0.092896,0.140486,,778000,,
0,0,,0.318217,0.182809,0.030412,0.039539,0.033183,0.02132,0.132027,0.025665,0.091616,0.125212,,780500,,
0,0,,0.22296,0.12398,0.02162,0.036601,0.055428,0.009109,0.089091,0.025031,0.213019,0.20316,,873700,,
0,0,,0.271695,0.139002,0.024744,0.052849,0.050175,0.064869,0.139972,0.060841,0.092383,0.103471,,720200,,
0,0,,0.357659,0.149235,0.032017,0.01845,0.034496,0.043099,0.108182,0.072988,0.060299,0.123576,,706800,,
0,0,,0.303279,0.154709,0.04996,0.052263,0.032273,0.038805,0.137784,0.06972,0.042789,0.118418,,698900,,
0,1,,0.178275,0.416254,0.017094,0.055643,0.043754,0.085474,0.013312,0.007072,0.095875,0.087246,,702300,,
0,0,,0.22296,0.14398,0.02162,0.036601,0.055428,0.009109,0.069091,0.025031,0.213019,0.20316,,698600,,
0,0,,0.254936,0.24239,0.015093,0.075818,0.043236,0.108426,0.047315,0.102194,0.028337,0.082255,,694800,,
0,6,,0.183629,0.120299,0.070848,0.080032,0.0247,0.093576,0.23652,0.054322,0.024859,0.111213,,697700,,
0,0,,0.28296,0.133071,0.02162,0.02751,0.055428,0.009109,0.089091,0.025031,0.186353,0.169827,,689400,,
0,0,,0.274263,0.149472,0.021194,0.038488,0.054569,0.015661,0.085152,0.023748,0.177755,0.1597,,693400,,
0,0,,0.269704,0.148321,0.022799,0.054975,0.075881,0.017441,0.081306,0.031071,0.140437,0.158064,,701800,,
0,0,,0.330263,0.158563,0.021194,0.029397,0.054569,0.015661,0.105152,0.023748,0.088421,0.173033,,693100,,
0,0,,0.278671,0.115608,0.031619,0.062901,0.053825,0.033506,0.175084,0.03509,0.063621,0.150075,,695000,,
0,0,,0.323279,0.168043,0.053293,0.052263,0.032273,0.038805,0.117784,0.053054,0.042789,0.118418,,690900,,
0,0,,0.389704,0.136079,0.022799,0.029217,0.055881,0.017441,0.103306,0.067071,0.047104,0.131397,,709200,,
0,0,,0.293109,0.143993,0.02356,0.039754,0.051272,0.046083,0.081147,0.090781,0.110604,0.119697,,705000,,
0,0,,0.220438,0.153473,0.021198,0.029876,0.053018,0.026115,0.113429,0.027767,0.199449,0.155236,,700000,,
0,0,,0.336371,0.135897,0.022799,0.007399,0.035881,0.037441,0.081306,0.071071,0.113771,0.158064,,703100,,
0,0,,0.26296,0.14398,0.02162,0.036601,0.055428,0.009109,0.069091,0.025031,0.226353,0.149827,,694600,,
0,6,,0.176499,0.142824,0.025961,0.041933,0.088524,0.098521,0.187405,0.063387,0.075748,0.099197,,699500,,
0,0,,0.219324,0.152887,0.020742,0.049697,0.053658,0.033147,0.090908,0.027804,0.198928,0.152905,,696200,,
0,1,,0.200316,0.280242,0.014894,0.051564,0.047082,0.086828,0.029263,0.012203,0.162941,0.114668,,691200,,
0,0,,0.278829,0.126845,0.022553,0.007291,0.033272,0.052717,0.095297,0.119216,0.133006,0.130975,,693700,,
0,0,,0.36696,0.14398,0.02162,0.036601,0.035428,0.009109,0.069091,0.045031,0.109019,0.16316,,707300,,
0,0,,0.30296,0.154889,0.02162,0.005692,0.055428,0.029109,0.069091,0.045031,0.166353,0.149827,,696600,,
0,0,,0.334263,0.158563,0.021194,0.029397,0.054569,0.035661,0.085152,0.023748,0.104421,0.153033,,686800,,
0,0,,0.30296,0.154889,0.02162,0.005692,0.055428,0.029109,0.069091,0.045031,0.166353,0.149827,,694100,,
0,1,,0.18163,0.360752,0.015942,0.113371,0.042012,0.11274,0.055081,0.009845,0.031699,0.07693,,694200,,
0,0,,0.330263,0.159472,0.021194,0.038488,0.054569,0.015661,0.105152,0.023748,0.078421,0.173033,,694300,,
0,0,,0.38696,0.133071,0.02162,0.02751,0.035428,0.029109,0.089091,0.025031,0.089019,0.16316,,704800,,
0,0,,0.24296,0.12398,0.02162,0.036601,0.055428,0.009109,0.089091,0.025031,0.226353,0.169827,,702100,,
0,0,,0.306754,0.137417,0.023446,0.050268,0.054496,0.023099,0.143658,0.032988,0.104299,0.123576,,693900,,
0,0,,0.333659,0.147806,0.052017,0.059878,0.034496,0.023099,0.128182,0.052988,0.044299,0.123576,,706000,,
0,0,,0.393704,0.124988,0.022799,0.038308,0.035881,0.017441,0.101306,0.051071,0.063104,0.151397,,705000,,
0,0,,0.27796,0.133071,0.02162,0.02751,0.075428,0.009109,0.089091,0.025031,0.166353,0.174827,,700100,,
0,0,,0.26296,0.133071,0.02162,0.02751,0.055428,0.009109,0.089091,0.025031,0.206353,0.169827,,698200,,
0,0,,0.275386,0.145082,0.02099,0.012715,0.031602,0.069212,0.081829,0.071822,0.144779,0.146583,,712100,,
0,0,,0.362276,0.124988,0.031371,0.038308,0.035881,0.017441,0.124163,0.071071,0.063104,0.131397,,702000,,
0,0,,0.243118,0.149649,0.02162,0.034869,0.055428,0.025014,0.069091,0.025031,0.226353,0.149827,,694200,,
0,0,,0.353704,0.134079,0.054799,0.049217,0.055881,0.017441,0.125306,0.031071,0.047104,0.131397,,696600,,
0,8,,0.24296,0.14398,0.02162,0.036601,0.055428,0.009109,0.069091,0.025031,0.246353,0.149827,,695800,,
0,0,,0.30296,0.12398,0.02162,0.036601,0.055428,0.029109,0.069091,0.025031,0.186353,0.149827,,694900,,
1,1,,0.177013,0.392661,0.016589,0.085851,0.040627,0.138398,0.039099,0.011761,0.028894,0.069109,,704600,,
1,1,,0.09309,0.364023,0.00759,0.102274,0.045449,0.178114,0.08872,0.025428,0.016852,0.078459,,700600,,
1,1,,0.11987,0.368635,0.011589,0.118058,0.049198,0.120216,0.059099,0.011761,0.063894,0.07768,,707000,,
1,1,,0.125452,0.354642,0.007833,0.111479,0.036372,0.203726,0.071364,0.025428,0.015675,0.048029,,697600,,
1,1,,0.16163,0.424085,0.015942,0.070038,0.042012,0.11274,0.035081,0.009845,0.051699,0.07693,,700800,,
1,1,,0.124487,0.361863,0.010942,0.12226,0.050583,0.11274,0.055081,0.009845,0.066699,0.085501,,700400,,
1,1,,0.11987,0.388635,0.011589,0.118058,0.049198,0.120216,0.059099,0.011761,0.023894,0.09768,,695500,,
1,1,,0.092282,0.355239,0.008237,0.166961,0.035493,0.165591,0.092739,0.027345,0.014047,0.042067,,700100,,
1,1,,0.064757,0.364372,0.007706,0.151484,0.032544,0.182209,0.063729,0.087921,0.014634,0.030642,,702700,,
1,1,,0.145452,0.334642,0.007833,0.111479,0.036372,0.203726,0.071364,0.025428,0.015675,0.048029,,694400,,
1,1,,0.14163,0.375297,0.010942,0.097007,0.042012,0.114558,0.055081,0.009845,0.043365,0.110263,,701500,,
1,1,,0.079059,0.331663,0.007546,0.168538,0.036129,0.205103,0.093424,0.027345,0.012745,0.038449,,698200,,
1,1,,0.127778,0.436583,0.017882,0.110705,0.017856,0.149714,0.047136,0.015595,0.023283,0.053466,,695400,,
1,1,,0.151805,0.418995,0.015947,0.070517,0.040462,0.143194,0.043358,0.013863,0.029394,0.072466,,693600,,
1,1,,0.161355,0.367576,0.011647,0.052397,0.041294,0.125508,0.047345,0.055146,0.061743,0.075988,,714000,,
1,1,,0.071218,0.310842,0.009126,0.219721,0.013601,0.179377,0.119401,0.029262,0.010065,0.037387,,720300,,
1,1,,0.106724,0.353557,0.007585,0.150684,0.038428,0.18266,0.065443,0.021409,0.019158,0.054352,,698400,,
1,1,,0.16163,0.364994,0.010942,0.099129,0.042012,0.11274,0.035081,0.009845,0.086699,0.07693,,704700,,
1,1,,0.120057,0.419113,0.012585,0.081795,0.038428,0.161506,0.066597,0.021409,0.024158,0.054352,,702300,,
1,1,,0.051601,0.399539,0.013106,0.083135,0.012216,0.222646,0.083419,0.078512,0.021259,0.034566,,698300,,
1,1,,0.071157,0.307099,0.007446,0.162947,0.044631,0.216252,0.097917,0.026207,0.01505,0.051294,,702700,,
1,1,,0.11544,0.426996,0.008232,0.106482,0.017043,0.155137,0.084462,0.023326,0.016352,0.046531,,699200,,
1,1,,0.124487,0.365297,0.010942,0.137007,0.050583,0.114558,0.055081,0.009845,0.026699,0.105501,,699000,,
1,1,,0.063692,0.308525,0.00848,0.220167,0.043558,0.171202,0.095382,0.027345,0.01287,0.04878,,697400,,
1,0,,0.373659,0.148326,0.032017,0.039359,0.034496,0.023099,0.128182,0.052988,0.044299,0.123576,,703200,,
1,1,,0.060175,0.324869,0.010566,0.222316,0.009848,0.19329,0.127887,0.034754,0.003359,0.012937,,849100,,
1,1,,0.083855,0.325244,0.008883,0.188012,0.042679,0.171249,0.096757,0.029262,0.011242,0.042817,,890700,,
1,1,,0.140057,0.345113,0.007585,0.137795,0.038428,0.16766,0.060443,0.025409,0.023158,0.054352,,867300,,
1,1,,0.086724,0.44578,0.007585,0.078462,0.038428,0.14766,0.080443,0.021409,0.019158,0.074352,,861900,,
1,1,,0.125607,0.382361,0.008285,0.077009,0.03926,0.141975,0.064431,0.022692,0.060507,0.077874,,863200,,
1,1,,0.152395,0.391973,0.012235,0.059109,0.043241,0.165874,0.063117,0.013678,0.021088,0.077287,,867200,,
1,1,,0.086724,0.44578,0.007585,0.078462,0.038428,0.14766,0.080443,0.021409,0.019158,0.074352,,862500,,
1,1,,0.137013,0.41809,0.011589,0.110422,0.020627,0.138398,0.039099,0.011761,0.023894,0.089109,,864200,,
1,1,,0.197013,0.381241,0.014922,0.072604,0.040627,0.126398,0.039099,0.035095,0.023894,0.069109,,864300,,
1,1,,0.088473,0.321906,0.008237,0.166961,0.044064,0.185591,0.092739,0.027345,0.014047,0.050638,,901200,,
1,1,,0.167958,0.354078,0.012537,0.11629,0.019402,0.130596,0.074007,0.017063,0.041761,0.066308,,856700,,
1,1,,0.128973,0.325107,0.008436,0.139496,0.046727,0.155025,0.053158,0.072369,0.021107,0.049602,,738700,,
1,1,,0.040175,0.389344,0.010566,0.106176,0.029848,0.216954,0.067887,0.098754,0.017359,0.022937,,701200,,
1,1,,0.12163,0.370752,0.010942,0.113371,0.042012,0.11274,0.055081,0.009845,0.053365,0.110263,,694400,,
1,1,,0.16563,0.390752,0.010942,0.073371,0.042012,0.12774,0.040081,0.009845,0.050699,0.08893,,690300,,
1,1,,0.059904,0.374132,0.010072,0.083069,0.009295,0.250111,0.070957,0.10288,0.01741,0.02217,,698100,,
1,1,,0.187025,0.352281,0.01119,0.087055,0.039956,0.168805,0.046001,0.013863,0.023216,0.070607,,698300,,
1,1,,0.229378,0.280324,0.014442,0.066107,0.066171,0.084314,0.075019,0.016258,0.053447,0.11454,,698200,,
1,1,,0.095057,0.432446,0.007585,0.078462,0.038428,0.14766,0.080443,0.021409,0.019158,0.079352,,697500,,
1,0,,0.250263,0.149472,0.021194,0.038488,0.074569,0.035661,0.065152,0.023748,0.148421,0.193033,,699800,,
1,1,,0.187179,0.375212,0.031642,0.075555,0.042844,0.108873,0.059068,0.011127,0.028048,0.080452,,699400,,
1,1,,0.068473,0.341906,0.028237,0.146961,0.044064,0.165591,0.092739,0.027345,0.014047,0.070638,,692600,,
1,1,,0.073695,0.297173,0.027694,0.127934,0.034004,0.233623,0.127684,0.030226,0.011568,0.0364,,693100,,
1,1,,0.11544,0.352451,0.008232,0.102846,0.041043,0.213318,0.064462,0.023326,0.016352,0.062531,,695500,,
1,1,,0.110233,0.349737,0.00759,0.150845,0.036878,0.160971,0.091577,0.025428,0.016852,0.049888,,693700,,
1,1,,0.128297,0.404085,0.010942,0.113371,0.046012,0.13274,0.035081,0.009845,0.026699,0.09293,,696200,,
1,1,,0.079844,0.331954,0.009634,0.067953,0.009848,0.273963,0.094739,0.115977,0.003152,0.012937,,696100,,
1,1,,0.142025,0.367796,0.01119,0.11154,0.039956,0.128805,0.046001,0.013863,0.043216,0.095607,,694300,,
1,1,,0.160989,0.354936,0.008932,0.108822,0.037875,0.167633,0.068449,0.024609,0.017702,0.050053,,696100,,
1,1,,0.135782,0.357755,0.00829,0.089003,0.01771,0.172429,0.052708,0.090711,0.022202,0.05341,,698000,,
1,1,,0.072282,0.360694,0.008237,0.144991,0.035493,0.217106,0.057739,0.047345,0.014047,0.042067,,697100,,
1,1,,0.076899,0.380689,0.00759,0.122274,0.043544,0.198114,0.06872,0.025428,0.023519,0.053221,,717200,,
1,1,,0.161013,0.431241,0.014922,0.042604,0.020627,0.146398,0.019099,0.055095,0.039894,0.069109,,696100,,
1,1,,0.147179,0.344,0.011642,0.108585,0.042844,0.107054,0.059068,0.011127,0.034715,0.133785,,698300,,
1,1,,0.229378,0.280324,0.014442,0.046107,0.086171,0.099314,0.080019,0.016258,0.033447,0.11454,,694400,,
1,1,,0.088473,0.321906,0.008237,0.148628,0.044064,0.198924,0.097739,0.027345,0.014047,0.050638,,699800,,
1,1,,0.157013,0.441241,0.019922,0.042604,0.020627,0.166398,0.019099,0.035095,0.028894,0.069109,,702200,,
1,1,,0.15663,0.394085,0.010942,0.090038,0.042012,0.11274,0.035081,0.009845,0.046699,0.10193,,694400,,
1,1,,0.15663,0.394085,0.010942,0.090038,0.042012,0.11274,0.035081,0.009845,0.046699,0.10193,,694300,,
1,1,,0.12163,0.385297,0.010942,0.117007,0.042012,0.114558,0.055081,0.009845,0.033365,0.110263,,699900,,
1,1,,0.149378,0.271233,0.014442,0.055198,0.066171,0.084314,0.055019,0.016258,0.140114,0.147873,,700000,,
1,1,,0.147188,0.413,0.011593,0.090901,0.019076,0.168852,0.047376,0.01578,0.021588,0.064645,,697500,,
1,1,,0.167179,0.375212,0.031642,0.075555,0.042844,0.108873,0.059068,0.011127,0.048048,0.080452,,698100,,
1,1,,0.15663,0.394085,0.010942,0.090038,0.042012,0.11274,0.055081,0.009845,0.026699,0.10193,,730100,,
1,1,,0.195526,0.250337,0.016382,0.089259,0.066016,0.121288,0.087074,0.022009,0.065032,0.087077,,707800,,
1,1,,0.108883,0.351299,0.007541,0.171696,0.037679,0.156467,0.085147,0.023326,0.01505,0.042913,,698100,,
1,1,,0.047901,0.318483,0.009082,0.225985,0.021424,0.186366,0.124104,0.031179,0.005957,0.02952,,697900,,
1,1,,0.065615,0.391932,0.008237,0.130753,0.035493,0.183772,0.072739,0.031345,0.028047,0.052067,,692400,,
1,1,,0.197355,0.332632,0.011647,0.088674,0.041294,0.144175,0.047345,0.035146,0.025743,0.075988,,690500,,
1,1,,0.134472,0.295351,0.011085,0.071197,0.042587,0.119234,0.080382,0.027823,0.125906,0.091962,,694400,,
1,1,,0.11544,0.366996,0.008232,0.126482,0.037043,0.155137,0.084462,0.023326,0.016352,0.066531,,692400,,
1,1,,0.16163,0.420752,0.015942,0.093371,0.042012,0.11274,0.015081,0.029845,0.031699,0.07693,,692500,,
1,1,,0.118643,0.352538,0.00798,0.139609,0.035389,0.16814,0.091813,0.027086,0.01458,0.044221,,698800,,
1,1,,0.12163,0.401863,0.010942,0.10226,0.042012,0.11274,0.055081,0.009845,0.033365,0.110263,,697200,,
1,1,,0.20163,0.370752,0.010942,0.093371,0.042012,0.13274,0.035081,0.009845,0.026699,0.07693,,701900,,
1,1,,0.128297,0.404085,0.010942,0.133371,0.026012,0.13274,0.015081,0.029845,0.026699,0.09293,,702600,,
1,1,,0.060427,0.34182,0.009729,0.207036,0.011467,0.192024,0.128123,0.033096,0.003152,0.013127,,700200,,
1,1,,0.11544,0.411022,0.013232,0.114275,0.037043,0.153318,0.064462,0.023326,0.021352,0.046531,,699700,,
1,1,,0.147025,0.336281,0.01119,0.143055,0.039956,0.128805,0.066001,0.013863,0.023216,0.090607,,707600,,
1,1,,0.157013,0.368635,0.011589,0.098058,0.040627,0.120216,0.059099,0.011761,0.033894,0.099109,,700900,,
1,1,,0.064757,0.380134,0.007706,0.115722,0.012544,0.202209,0.063729,0.107921,0.014634,0.030642,,701600,,
1,1,,0.140057,0.345113,0.007585,0.137795,0.038428,0.16766,0.060443,0.025409,0.023158,0.054352,,700100,,
1,1,,0.105615,0.371179,0.008237,0.091507,0.015493,0.191772,0.059405,0.100678,0.014047,0.042067,,700500,,
1,1,,0.076381,0.319187,0.00953,0.223608,0.019389,0.195089,0.060776,0.051179,0.015104,0.029758,,701300,,
1,1,,0.084748,0.327468,0.007755,0.157073,0.036312,0.155412,0.050421,0.073268,0.051094,0.056449,,701600,,
1,1,,0.071764,0.317374,0.010177,0.206477,0.011337,0.240747,0.064794,0.053096,0.005632,0.018604,,706100,,
1,1,,0.114663,0.388995,0.010947,0.11385,0.0557,0.143194,0.043358,0.013863,0.03106,0.084371,,693800,,
1,0,,0.239324,0.152887,0.020742,0.049697,0.073658,0.033147,0.090908,0.027804,0.138928,0.172905,,697100,,
1,1,,0.177013,0.399908,0.011589,0.108604,0.020627,0.138398,0.039099,0.011761,0.023894,0.069109,,701900,,
1,1,,0.114445,0.428644,0.012882,0.12016,0.017856,0.131532,0.067136,0.015595,0.018283,0.073466,,700600,,
1,1,,0.118472,0.402328,0.010947,0.09385,0.047128,0.123194,0.043358,0.013863,0.07106,0.075799,,695300,,
1,1,,0.191805,0.380813,0.010947,0.078698,0.040462,0.123194,0.043358,0.013863,0.044394,0.072466,,696200,,
1,1,,0.179649,0.382269,0.01968,0.103246,0.018213,0.132202,0.029386,0.034739,0.044654,0.055962,,700000,,
1,1,,0.124487,0.350752,0.010942,0.153371,0.054583,0.11274,0.055081,0.009845,0.026699,0.101501,,721100,,
1,1,,0.18563,0.374085,0.010942,0.090038,0.042012,0.11274,0.035081,0.009845,0.050699,0.08893,,698700,,
1,1,,0.080615,0.341906,0.008237,0.166961,0.035493,0.205591,0.072739,0.027345,0.014047,0.047067,,699200,,
1,1,,0.144487,0.370752,0.010942,0.093371,0.050583,0.13274,0.055081,0.009845,0.046699,0.085501,,697700,,
1,1,,0.128297,0.384085,0.010942,0.153371,0.026012,0.13274,0.015081,0.029845,0.026699,0.09293,,697700,,
1,1,,0.080452,0.373975,0.007833,0.097146,0.043039,0.217059,0.076364,0.025428,0.022342,0.056362,,697900,,
1,1,,0.100057,0.389113,0.007585,0.121795,0.042428,0.16766,0.060443,0.021409,0.019158,0.070352,,694600,,
1,1,,0.13544,0.386451,0.013232,0.098846,0.037043,0.173318,0.064462,0.023326,0.021352,0.046531,,693600,,
1,1,,0.056552,0.282628,0.007694,0.164298,0.042575,0.251805,0.107684,0.030226,0.011568,0.044971,,704400,,
1,1,,0.112981,0.24814,0.03109,0.098646,0.041037,0.131506,0.128659,0.031842,0.063601,0.112498,,703000,,
1,1,,0.18563,0.367808,0.010942,0.089648,0.042012,0.119406,0.035081,0.029845,0.042699,0.07693,,698500,,
1,1,,0.124487,0.361863,0.010942,0.12226,0.050583,0.11274,0.055081,0.009845,0.046699,0.105501,,696300,,
1,1,,0.144487,0.385297,0.010942,0.077007,0.050583,0.134558,0.055081,0.009845,0.026699,0.105501,,703400,,
1,1,,0.132297,0.424085,0.010942,0.073371,0.042012,0.14774,0.020081,0.009845,0.050699,0.08893,,699900,,
1,1,,0.16163,0.414085,0.010942,0.070038,0.042012,0.11274,0.035081,0.009845,0.046699,0.09693,,699600,,
1,1,,0.12163,0.370752,0.010942,0.113371,0.042012,0.11274,0.055081,0.009845,0.073365,0.090263,,707000,,
1,1,,0.055129,0.352032,0.006067,0.198898,0.037397,0.185412,0.090386,0.026652,0.012533,0.035494,,698300,,
1,1,,0.074026,0.302474,0.008626,0.213024,0.034004,0.17198,0.098689,0.029003,0.021775,0.0464,,696600,,
2,0,,0.309704,0.13923,0.046133,0.017399,0.035881,0.037441,0.081306,0.074405,0.100437,0.158064,,696000,,
2,1,,0.240144,0.294151,0.039069,0.06639,0.023401,0.12363,0.063056,0.043426,0.027837,0.078898,,695900,,
2,0,,0.335853,0.14791,0.044739,0.050552,0.031726,0.034415,0.135361,0.072822,0.038688,0.107934,,694200,,
2,0,,0.313659,0.137417,0.052017,0.050268,0.054496,0.023099,0.148182,0.032988,0.044299,0.143576,,692800,,
2,0,,0.273659,0.138326,0.072017,0.039359,0.054496,0.043099,0.108182,0.032988,0.060965,0.17691,,722800,,
2,0,,0.324424,0.169243,0.056644,0.020552,0.031726,0.054415,0.136219,0.060155,0.038688,0.107934,,695000,,
2,0,,0.315853,0.16791,0.044739,0.050552,0.031726,0.034415,0.135361,0.072822,0.038688,0.107934,,693800,,
2,0,,0.353659,0.147417,0.052017,0.030268,0.054496,0.023099,0.128182,0.032988,0.054299,0.123576,,701600,,
2,0,,0.32388,0.128989,0.054804,0.049696,0.054331,0.027895,0.133583,0.03509,0.064799,0.126934,,700800,,
2,0,,0.324424,0.169243,0.056644,0.020552,0.031726,0.054415,0.136219,0.060155,0.038688,0.107934,,697100,,
2,0,,0.207514,0.155778,0.072089,0.058692,0.050912,0.078019,0.154687,0.044553,0.046758,0.130998,,705400,,
3,1,,0.082914,0.349113,0.007585,0.181795,0.047,0.14766,0.080443,0.021409,0.019158,0.062923,,699800,,
3,1,,0.102107,0.360329,0.008232,0.166482,0.037043,0.155137,0.084462,0.023326,0.016352,0.046531,,705100,,
3,1,,0.082107,0.325784,0.008232,0.242846,0.017043,0.153318,0.064462,0.043326,0.016352,0.046531,,700400,,
3,1,,0.07555,0.390087,0.007541,0.188059,0.017679,0.168495,0.071301,0.023326,0.01505,0.042913,,702200,,
3,1,,0.07174,0.296753,0.007541,0.268059,0.02625,0.174649,0.045147,0.043326,0.01505,0.051484,,701200,,
3,3,,0.026673,0.288008,0.008255,0.290602,0.011185,0.199151,0.133362,0.036422,0.000635,0.005708,,700700,,
3,1,,0.102107,0.329784,0.008232,0.198846,0.037043,0.173318,0.064462,0.023326,0.016352,0.046531,,705800,,
3,1,,0.045304,0.292396,0.006072,0.27574,0.015846,0.187894,0.084817,0.050671,0.010228,0.03103,,696100,,
3,1,,0.075524,0.29254,0.006315,0.192752,0.015341,0.217328,0.126306,0.030671,0.009051,0.034172,,695500,,
3,1,,0.096899,0.337356,0.00759,0.182274,0.036878,0.178114,0.06872,0.025428,0.016852,0.049888,,697100,,
3,1,,0.079746,0.3593,0.005421,0.189059,0.038782,0.177935,0.046367,0.044735,0.015339,0.043315,,695700,,
3,1,,0.083676,0.328326,0.006899,0.187487,0.037514,0.159444,0.089405,0.025428,0.02555,0.05627,,697600,,
3,1,,0.03129,0.319216,0.007609,0.253187,0.01257,0.195311,0.129343,0.034505,0.00344,0.013529,,704500,,
3,1,,0.082107,0.345784,0.008232,0.202846,0.021043,0.153318,0.064462,0.043326,0.016352,0.062531,,699300,,
3,1,,0.047093,0.315154,0.009729,0.247036,0.011467,0.192024,0.128123,0.033096,0.003152,0.013127,,724100,,
3,1,,0.026673,0.309028,0.008255,0.256099,0.031185,0.232634,0.073362,0.056422,0.000635,0.005708,,699600,,
3,1,,0.075835,0.297313,0.00848,0.23653,0.021653,0.189384,0.055382,0.047345,0.019536,0.048541,,701200,,
4,0,,0.219324,0.152887,0.020742,0.049697,0.093658,0.033147,0.110908,0.027804,0.085595,0.206239,,701900,,
4,1,,0.138118,0.380585,0.012094,0.057376,0.047754,0.109569,0.013312,0.007072,0.117542,0.116579,,700500,,
4,0,,0.269704,0.137412,0.022799,0.045884,0.055881,0.017441,0.101306,0.031071,0.160437,0.158064,,700900,,
4,8,,0.209704,0.124988,0.022799,0.038308,0.055881,0.017441,0.101306,0.031071,0.240437,0.158064,,699800,,
4,0,,0.21488,0.132322,0.042804,0.046363,0.054331,0.027895,0.149583,0.03509,0.118132,0.1786,,701400,,
4,0,,0.21988,0.132322,0.022804,0.046363,0.054331,0.027895,0.109583,0.03509,0.158132,0.1936,,697900,,
4,0,,0.229704,0.134079,0.022799,0.029217,0.055881,0.017441,0.101306,0.031071,0.220437,0.158064,,699800,,
4,0,,0.201164,0.12735,0.019447,0.05812,0.079319,0.062815,0.154946,0.046655,0.090591,0.159594,,701000,,
4,8,,0.22296,0.14398,0.02162,0.036601,0.055428,0.009109,0.069091,0.025031,0.233019,0.18316,,701500,,
4,0,,0.214181,0.149111,0.092089,0.078692,0.070912,0.058019,0.154687,0.044553,0.036758,0.100998,,701800,,
4,6,,0.180329,0.159124,0.114029,0.081845,0.046756,0.074994,0.186742,0.050303,0.028342,0.077535,,698600,,
4,8,,0.177752,0.147914,0.017385,0.041455,0.050074,0.083067,0.121271,0.039368,0.191387,0.130327,,696100,,
4,0,,0.249704,0.137412,0.022799,0.045884,0.095881,0.017441,0.121306,0.031071,0.087104,0.191397,,699600,,
4,0,,0.249704,0.124988,0.022799,0.038308,0.095881,0.017441,0.101306,0.031071,0.127104,0.191397,,705300,,
4,0,,0.219324,0.152887,0.020742,0.049697,0.053658,0.033147,0.090908,0.027804,0.198928,0.152905,,698000,,
5,1,,0.030097,0.33037,0.007414,0.068334,0.029268,0.274829,0.12284,0.120267,0.00344,0.013141,,696700,,
5,5,,0.059331,0.257512,0.006121,0.102081,0.032038,0.308846,0.119803,0.076433,0.009051,0.028783,,716900,,
5,1,,0.059573,0.349429,0.009139,0.062676,0.009295,0.283269,0.081143,0.110103,0.013203,0.02217,,724100,,
5,5,,0.030097,0.271167,0.007414,0.105019,0.009268,0.349013,0.111173,0.100267,0.00344,0.013141,,737800,,
5,5,,0.044112,0.287439,0.005878,0.090511,0.032544,0.310053,0.14216,0.046433,0.010228,0.030642,,709500,,
5,1,,0.046984,0.349992,0.01042,0.085683,0.010831,0.261025,0.090771,0.103096,0.014454,0.026745,,701700,,
5,1,,0.203188,0.288568,0.031732,0.079218,0.041202,0.126711,0.1044,0.03374,0.027101,0.064141,,700600,,
5,5,,0.03026,0.262907,0.007818,0.108361,0.008388,0.391876,0.089215,0.092184,0.001813,0.007179,,701700,,
5,1,,0.064112,0.313045,0.005878,0.065057,0.032544,0.276568,0.075493,0.126433,0.010228,0.030642,,701100,,
5,5,,0.034877,0.299569,0.007171,0.128977,0.009774,0.319551,0.130197,0.050267,0.004618,0.015,,700800,,
5,5,,0.054877,0.279569,0.007171,0.108977,0.029774,0.314551,0.125197,0.060267,0.004618,0.015,,700200,,
5,1,,0.076381,0.423187,0.012863,0.093608,0.012722,0.223089,0.060776,0.058512,0.012437,0.026425,,712300,,
5,1,,0.167179,0.364484,0.016642,0.0701,0.042844,0.115054,0.039068,0.051127,0.053048,0.080452,,698900,,
5,1,,0.069241,0.327018,0.008744,0.047194,0.031739,0.304176,0.088078,0.09406,0.007135,0.022616,,697600,,
5,5,,0.044112,0.252894,0.005878,0.145208,0.012544,0.354902,0.07716,0.066433,0.010228,0.030642,,699600,,
5,1,,0.074791,0.278599,0.009444,0.105741,0.032571,0.271824,0.117065,0.075342,0.008484,0.026138,,698500,,
5,5,,0.035647,0.281082,0.008114,0.103566,0.0101,0.303328,0.115161,0.121549,0.00479,0.016663,,709800,,
5,5,,0.030097,0.265167,0.007414,0.119019,0.009268,0.309347,0.14284,0.100267,0.00344,0.013141,,704000,,
5,1,,0.085615,0.341906,0.028237,0.106961,0.035493,0.21277,0.105559,0.027345,0.014047,0.042067,,703300,,
5,1,,0.069241,0.328684,0.008744,0.065527,0.031739,0.304176,0.068078,0.09406,0.007135,0.022616,,704100,,
5,1,,0.081931,0.318496,0.01023,0.109277,0.013554,0.224555,0.129763,0.052461,0.019787,0.039947,,701300,,
5,6,,0.145806,0.131695,0.027678,0.044868,0.04419,0.129155,0.263141,0.104392,0.029124,0.079951,,705300,,
5,6,,0.091697,0.204726,0.008974,0.090269,0.017583,0.197279,0.215723,0.08093,0.038604,0.054214,,702300,,
5,5,,0.044112,0.292894,0.005878,0.126875,0.032544,0.303235,0.11716,0.036433,0.010228,0.030642,,710100,,
5,1,,0.051601,0.323634,0.009773,0.114802,0.012216,0.276551,0.128419,0.031179,0.017259,0.034566,,699600,,
5,1,,0.069241,0.382503,0.008744,0.083709,0.011739,0.232176,0.074744,0.107393,0.007135,0.022616,,732800,,
5,6,,0.127174,0.128327,0.029861,0.062893,0.039529,0.157895,0.220019,0.160143,0.019531,0.054629,,704000,,
5,1,,0.039844,0.317621,0.009634,0.099953,0.009848,0.311296,0.119739,0.055977,0.013152,0.022937,,704500,,
5,1,,0.049241,0.360684,0.008744,0.065527,0.011739,0.272176,0.108078,0.07406,0.017135,0.032616,,703100,,
5,1,,0.049661,0.262808,0.006578,0.143755,0.033376,0.238063,0.122301,0.057716,0.041578,0.044164,,700100,,
5,5,,0.034877,0.299569,0.007171,0.128977,0.009774,0.314551,0.125197,0.040267,0.014618,0.025,,699200,,
5,1,,0.106223,0.266126,0.01095,0.059797,0.078669,0.186252,0.139979,0.03664,0.039493,0.075869,,705100,,
5,1,,0.087725,0.259507,0.014783,0.071815,0.056198,0.194395,0.121311,0.127668,0.020205,0.046393,,706000,,
5,1,,0.113363,0.240751,0.011737,0.044242,0.039652,0.183346,0.092677,0.133759,0.080796,0.059677,,704800,,
5,1,,0.084661,0.277354,0.006578,0.107392,0.033376,0.259881,0.142301,0.037716,0.011578,0.039164,,703300,,
5,1,,0.085615,0.321906,0.008237,0.108628,0.035493,0.238924,0.097739,0.047345,0.014047,0.042067,,701900,,
5,1,,0.034877,0.331569,0.007171,0.06731,0.009774,0.309218,0.120197,0.100267,0.004618,0.015,,699900,,
5,1,,0.049241,0.308684,0.008744,0.167194,0.011739,0.27751,0.073078,0.05406,0.017135,0.032616,,702100,,
5,1,,0.111165,0.361093,0.008937,0.050054,0.016324,0.212754,0.06006,0.118628,0.015397,0.045589,,699400,,
5,1,,0.124356,0.350444,0.009083,0.120547,0.015342,0.168683,0.077176,0.074286,0.018302,0.041781,,710100,,
5,1,,0.088729,0.303374,0.005231,0.082339,0.033929,0.252243,0.088141,0.094516,0.013033,0.038463,,703100,,
5,1,,0.051029,0.312991,0.008761,0.084617,0.008714,0.280415,0.119179,0.123466,0.001985,0.008842,,701700,,
5,5,,0.02548,0.269204,0.008061,0.128765,0.007883,0.350611,0.095858,0.108184,0.000635,0.00532,,704300,,
5,1,,0.11044,0.386996,0.008232,0.086482,0.037043,0.168983,0.090615,0.023326,0.016352,0.071531,,703100,,
5,1,,0.034877,0.331569,0.007171,0.06731,0.009774,0.329218,0.100197,0.100267,0.004618,0.015,,699500,,
5,1,,0.078475,0.375827,0.00745,0.081607,0.01451,0.247527,0.083374,0.060226,0.012745,0.038258,,704200,,
5,1,,0.02548,0.323077,0.008061,0.08607,0.007883,0.3061,0.115192,0.122184,0.000635,0.00532,,724800,,
5,1,,0.098475,0.316555,0.00745,0.087062,0.03451,0.274678,0.100041,0.030226,0.012745,0.038258,,703900,,
5,1,,0.071165,0.31182,0.028937,0.107175,0.036324,0.193239,0.101726,0.028628,0.015397,0.105589,,707900,,
5,1,,0.03026,0.306907,0.007818,0.124361,0.008388,0.280722,0.150369,0.082184,0.001813,0.007179,,699400,,
5,1,,0.076381,0.348581,0.00953,0.110729,0.012722,0.23024,0.125776,0.031179,0.018437,0.036425,,697000,,
5,5,,0.025209,0.266763,0.007566,0.099956,0.00733,0.396698,0.094929,0.09631,0.000686,0.004554,,698500,,
5,1,,0.035647,0.340284,0.008114,0.066881,0.0101,0.249144,0.126828,0.141549,0.00479,0.016663,,697400,,
5,1,,0.059331,0.30624,0.006121,0.071535,0.032038,0.290665,0.119803,0.056433,0.019051,0.038783,,697000,,
5,1,,0.096826,0.236083,0.01184,0.07572,0.036778,0.210855,0.171641,0.098557,0.015511,0.046189,,696900,,
5,1,,0.091165,0.331093,0.008937,0.080054,0.036324,0.186087,0.056726,0.088628,0.075397,0.045589,,698400,,
5,1,,0.039941,0.27704,0.00622,0.212698,0.013721,0.265873,0.072923,0.073552,0.009051,0.028981,,697500,,
5,5,,0.039331,0.293038,0.006121,0.12222,0.012038,0.293182,0.159803,0.036433,0.009051,0.028783,,697300,,
5,5,,0.044112,0.272894,0.005878,0.145208,0.032544,0.283748,0.098313,0.056433,0.020228,0.040642,,699400,,
5,1,,0.078475,0.322161,0.02745,0.103274,0.03451,0.219527,0.063374,0.100226,0.012745,0.038258,,697400,,
5,1,,0.136989,0.25159,0.012244,0.038263,0.035899,0.202417,0.168016,0.100474,0.013883,0.040227,,699500,,
5,1,,0.079245,0.267088,0.028394,0.126481,0.034836,0.227938,0.131672,0.051509,0.012917,0.039922,,699600,,
5,1,,0.078475,0.316555,0.00745,0.087062,0.03451,0.294678,0.100041,0.030226,0.012745,0.038258,,709500,,
5,1,,0.084025,0.322075,0.00815,0.051821,0.035342,0.233841,0.067362,0.141509,0.014095,0.041781,,703700,,
5,1,,0.045393,0.319535,0.010334,0.076834,0.01068,0.246944,0.142061,0.107259,0.014502,0.026459,,701100,,
5,1,,0.034443,0.332421,0.006273,0.045521,0.0101,0.280382,0.081892,0.182476,0.006296,0.020196,,701400,,
5,5,,0.034714,0.256529,0.006768,0.18233,0.010653,0.339627,0.083822,0.05835,0.006245,0.020962,,700900,,
6,7,,0.179838,0.120701,0.022034,0.082323,0.025206,0.105448,0.137686,0.227656,0.026037,0.073071,,706000,,
6,6,,0.113554,0.128853,0.019918,0.063412,0.021752,0.123855,0.238417,0.20941,0.02104,0.059788,,701700,,
6,6,,0.104841,0.121307,0.017861,0.067396,0.019529,0.173745,0.251019,0.170143,0.019531,0.054629,,698200,,
6,6,,0.118171,0.111515,0.019271,0.056362,0.043137,0.13153,0.231065,0.197493,0.023845,0.067609,,698800,,
6,7,,0.162876,0.154347,0.017138,0.019528,0.027465,0.111677,0.132261,0.203513,0.074622,0.096572,,701700,,
6,0,,0.199838,0.120701,0.022034,0.082323,0.025206,0.105448,0.137686,0.187656,0.046037,0.073071,,704000,,
6,7,,0.154787,0.126556,0.021782,0.033918,0.044147,0.11027,0.138733,0.274448,0.02491,0.070447,,698200,,
6,6,,0.132023,0.098481,0.017332,0.053379,0.027293,0.130406,0.22201,0.075743,0.125594,0.117739,,699600,,
6,6,,0.13369,0.098481,0.017332,0.073379,0.027293,0.150406,0.240343,0.095743,0.072261,0.091072,,699600,,
6,7,,0.16655,0.139154,0.019307,0.027453,0.028379,0.097561,0.154933,0.220786,0.05315,0.092726,,697500,,
6,7,,0.172186,0.118221,0.017735,0.021054,0.026414,0.134603,0.160385,0.23366,0.030633,0.08511,,698300,,
6,6,,0.127261,0.131695,0.015678,0.046535,0.08419,0.148642,0.190715,0.12621,0.049124,0.079951,,700700,,
6,6,,0.141643,0.114976,0.015274,0.058689,0.04507,0.128595,0.216612,0.082475,0.104085,0.09258,,699800,,
6,7,,0.113554,0.107832,0.019918,0.061916,0.021752,0.139706,0.215084,0.23941,0.02104,0.059788,,698600,,
6,6,,0.20731,0.146162,0.050036,0.044651,0.047139,0.097513,0.217566,0.045304,0.032943,0.111376,,695500,,
6,6,,0.115372,0.111832,0.023554,0.057582,0.02357,0.138039,0.333993,0.11341,0.02104,0.061606,,698500,,
6,6,,0.132023,0.098481,0.017332,0.073379,0.027293,0.150406,0.20201,0.095743,0.105594,0.097739,,700900,,
6,6,,0.156186,0.116221,0.029735,0.042721,0.066414,0.107936,0.267385,0.09766,0.030633,0.08511,,696500,,
6,6,,0.176186,0.116221,0.029735,0.041054,0.066414,0.108449,0.268539,0.07766,0.030633,0.08511,,702600,,
6,7,,0.122952,0.124896,0.019028,0.023156,0.043643,0.125919,0.168422,0.277493,0.025023,0.069467,,698300,,
6,7,,0.113283,0.091435,0.019423,0.023,0.021199,0.149856,0.158154,0.343537,0.021091,0.059021,,698900,,
6,7,,0.184455,0.119363,0.021387,0.061273,0.046591,0.09979,0.129001,0.228405,0.028842,0.080892,,699300,,
6,0,,0.242307,0.12735,0.031447,0.03812,0.050747,0.076661,0.2051,0.066655,0.057258,0.104356,,712500,,
6,7,,0.113283,0.116736,0.019423,0.020305,0.021199,0.14725,0.218154,0.263537,0.021091,0.059021,,699600,,
6,1,,0.113363,0.271478,0.031737,0.061363,0.019652,0.170498,0.177677,0.073759,0.020796,0.059677,,697100,,
6,6,,0.152698,0.157349,0.021247,0.022424,0.024223,0.121202,0.223655,0.183203,0.024735,0.069263,,696200,,
6,6,,0.186111,0.120644,0.02462,0.055094,0.049289,0.113076,0.241535,0.090489,0.03047,0.088673,,700100,,
6,6,,0.115221,0.111832,0.019918,0.057582,0.021752,0.158039,0.301417,0.13341,0.02104,0.059788,,698200,,
6,7,,0.113283,0.116736,0.019423,0.020305,0.021199,0.15225,0.203154,0.273537,0.021091,0.059021,,706600,,
6,7,,0.117901,0.101732,0.018777,0.059254,0.022584,0.139925,0.197469,0.25162,0.023896,0.066843,,702300,,
6,7,,0.118171,0.104495,0.019271,0.060865,0.023137,0.140714,0.194399,0.247493,0.023845,0.067609,,702900,,
6,7,,0.147647,0.141205,0.020996,0.034019,0.023165,0.119358,0.146035,0.277329,0.023608,0.066638,,699600,,
6,6,,0.103174,0.123307,0.017861,0.087396,0.019529,0.173745,0.214686,0.186143,0.019531,0.054629,,703900,,
6,7,,0.127647,0.122756,0.020996,0.018522,0.023165,0.13997,0.189368,0.247329,0.033608,0.076638,,701200,,
6,7,,0.173256,0.148872,0.024196,0.015715,0.029688,0.095971,0.142659,0.186781,0.081131,0.101731,,699700,,
6,7,,0.152698,0.137349,0.021247,0.042424,0.044223,0.114536,0.144321,0.249203,0.024735,0.069263,,710500,,
6,6,,0.142952,0.136714,0.019028,0.031338,0.023643,0.125919,0.215089,0.210827,0.025023,0.069467,,698600,,
6,7,,0.168639,0.15221,0.024842,0.016766,0.028303,0.101629,0.166678,0.188698,0.058326,0.09391,,695300,,
6,0,,0.282307,0.134501,0.02278,0.026302,0.050747,0.082815,0.136946,0.085988,0.073258,0.104356,,700200,,
6,0,,0.217315,0.12583,0.020601,0.029555,0.025609,0.115544,0.199636,0.161286,0.02754,0.077084,,697100,,
6,6,,0.14017,0.140811,0.04925,0.043085,0.066156,0.107113,0.246022,0.068185,0.031641,0.107567,,707300,,
6,7,,0.118335,0.128234,0.019675,0.044207,0.022258,0.111577,0.15244,0.29941,0.032218,0.071646,,707600,,
6,6,,0.19055,0.125336,0.031307,0.040938,0.048379,0.090894,0.215266,0.111453,0.05315,0.092726,,700800,,
6,7,,0.173256,0.148872,0.024196,0.015715,0.029688,0.095971,0.142659,0.186781,0.081131,0.101731,,706300,,
6,6,,0.117538,0.138422,0.019433,0.057946,0.021494,0.125037,0.2159,0.199936,0.032048,0.072246,,702900,,
6,7,,0.184455,0.151181,0.021387,0.029454,0.026591,0.09979,0.169001,0.208405,0.028842,0.080892,,709500,,
6,7,,0.184455,0.139363,0.021387,0.021273,0.066591,0.09979,0.135668,0.221739,0.028842,0.080892,,699900,,
6,7,,0.113283,0.116736,0.019423,0.020305,0.021199,0.14725,0.218154,0.263537,0.021091,0.059021,,697900,,
6,0,,0.269704,0.124988,0.022799,0.038308,0.075881,0.032441,0.106306,0.031071,0.120437,0.178064,,701300,,
6,1,,0.03581,0.344821,0.008518,0.046908,0.00922,0.249191,0.088203,0.203466,0.003162,0.010701,,700400,,
6,6,,0.137554,0.111832,0.031918,0.057582,0.021752,0.133039,0.322084,0.10341,0.02104,0.059788,,697100,,
7,7,,0.137901,0.113398,0.018777,0.019254,0.022584,0.141592,0.214136,0.24162,0.023896,0.066843,,696800,,
7,1,,0.030759,0.32901,0.008266,0.04617,0.008161,0.266013,0.093916,0.207593,0.002036,0.008076,,697200,,
7,7,,0.154787,0.115902,0.026782,0.021117,0.024147,0.123726,0.138733,0.294448,0.02991,0.070447,,700500,,
7,7,,0.138215,0.125785,0.019672,0.019527,0.022584,0.135391,0.207557,0.240331,0.024095,0.066843,,698300,,
7,7,,0.137901,0.113398,0.018777,0.019254,0.022584,0.141592,0.174136,0.28162,0.023896,0.066843,,699500,,
7,1,,0.04569,0.356568,0.012386,0.085472,0.011991,0.217182,0.066735,0.144454,0.013179,0.046343,,700200,,
7,7,,0.133283,0.137756,0.019423,0.021802,0.021199,0.144733,0.198154,0.243537,0.021091,0.059021,,694900,,
7,7,,0.122903,0.10691,0.017366,0.026814,0.018976,0.185562,0.147756,0.300269,0.019582,0.053863,,697600,,
7,7,,0.154787,0.105902,0.021782,0.021117,0.024147,0.123726,0.138733,0.314448,0.02491,0.070447,,700200,,
7,7,,0.133598,0.150143,0.020319,0.022075,0.021199,0.138532,0.191576,0.242248,0.02129,0.059021,,698300,,
7,7,,0.132186,0.130039,0.017735,0.029236,0.026414,0.121269,0.163718,0.26366,0.030633,0.08511,,697500,,
7,7,,0.137901,0.134419,0.018777,0.020751,0.022584,0.139075,0.174136,0.26162,0.023896,0.066843,,700300,,
7,7,,0.127647,0.146872,0.020996,0.020019,0.023165,0.107691,0.146035,0.297329,0.033608,0.076638,,703200,,
7,7,,0.102903,0.10691,0.017366,0.026814,0.018976,0.165562,0.147756,0.340269,0.019582,0.053863,,705700,,
7,7,,0.117901,0.142752,0.018777,0.020751,0.022584,0.130741,0.174136,0.28162,0.023896,0.066843,,721200,,
7,7,,0.134787,0.152223,0.021782,0.019918,0.024147,0.098603,0.138733,0.294448,0.03491,0.080447,,700000,,
7,7,,0.127647,0.146872,0.020996,0.020019,0.023165,0.107691,0.146035,0.297329,0.033608,0.076638,,696400,,
7,7,,0.113283,0.137756,0.019423,0.021802,0.021199,0.124733,0.158154,0.303537,0.031091,0.069021,,699700,,
7,7,,0.152186,0.130039,0.017735,0.029236,0.026414,0.121269,0.163718,0.24366,0.030633,0.08511,,698900,,
7,0,,0.156352,0.150499,0.051216,0.033315,0.065355,0.106733,0.153525,0.146607,0.053913,0.082485,,702300,,
7,7,,0.154787,0.115902,0.026782,0.021117,0.024147,0.123726,0.138733,0.294448,0.02991,0.070447,,697900,,
7,7,,0.133283,0.116736,0.019423,0.020305,0.021199,0.14725,0.178154,0.283537,0.021091,0.059021,,699000,,
8,8,,0.22296,0.133071,0.02162,0.02751,0.055428,0.009109,0.089091,0.025031,0.246353,0.169827,,703000,,
8,0,,0.265766,0.129608,0.023047,0.028901,0.033825,0.053506,0.092226,0.05509,0.166288,0.151742,,698000,,
8,0,,0.233136,0.127981,0.021625,0.027989,0.053878,0.019563,0.097368,0.02905,0.204047,0.185363,,699400,,
8,0,,0.233136,0.127981,0.021625,0.027989,0.053878,0.019563,0.097368,0.02905,0.204047,0.185363,,697700,,
8,8,,0.247118,0.149649,0.02162,0.034869,0.035428,0.005014,0.069091,0.025031,0.262353,0.149827,,697600,,
8,8,,0.22296,0.12398,0.02162,0.036601,0.055428,0.009109,0.089091,0.025031,0.246353,0.169827,,701300,,
