cardiotocography-10clases,CWE,test,0,NANOSECONDS,PREDICTIONS, Generated by ClassifierExperiments.java on 2022-05-17 03:00:06.    SYSTEMPROPERTIES:{user.name:matth,os.arch:amd64,os.name:Windows 10},ENDSYSTEMPROPERTIES
No parameter info
0.5906976744186047,275427400,319510400,-1,0,10,,-1,-1
0,0,,0.303227,0.108313,0.028995,0.028648,0.068241,0.066243,0.092717,0.032855,0.112145,0.158616,,959200,,
0,0,,0.332928,0.135282,0.030986,0.009464,0.057986,0.077065,0.113229,0.049775,0.04309,0.150195,,871000,,
0,0,,0.314222,0.130648,0.028895,0.007595,0.064346,0.066277,0.104217,0.040628,0.07144,0.171732,,863600,,
0,0,,0.262569,0.105001,0.024833,0.027597,0.062431,0.060585,0.08837,0.030938,0.152581,0.185096,,859400,,
0,0,,0.267769,0.14054,0.02832,0.056665,0.065216,0.089916,0.101589,0.037177,0.063159,0.149647,,865900,,
0,1,,0.211298,0.253605,0.019943,0.049912,0.057678,0.140467,0.056034,0.021989,0.06382,0.125253,,854200,,
0,0,,0.266175,0.126327,0.025825,0.006195,0.061334,0.059085,0.087877,0.03123,0.152964,0.182988,,861400,,
0,0,,0.281912,0.126342,0.025825,0.006195,0.065786,0.059085,0.088107,0.03123,0.130231,0.185287,,853200,,
0,0,,0.319367,0.148655,0.030471,0.037436,0.058693,0.093778,0.103921,0.040027,0.039277,0.128375,,855200,,
0,0,,0.277829,0.125769,0.026643,0.031833,0.068,0.081121,0.095718,0.034708,0.068433,0.189946,,857500,,
0,0,,0.344766,0.131199,0.032823,0.034251,0.058934,0.0789,0.10092,0.038174,0.042989,0.137045,,857600,,
0,0,,0.295136,0.108304,0.027037,0.028648,0.080828,0.066243,0.092332,0.032855,0.096328,0.172288,,897500,,
0,1,,0.23835,0.253146,0.021171,0.04378,0.051186,0.125235,0.043799,0.016352,0.094267,0.112714,,862800,,
0,0,,0.301055,0.150162,0.02902,0.00888,0.062828,0.06769,0.084564,0.029878,0.111399,0.154525,,859300,,
0,0,,0.301266,0.138375,0.029395,0.03311,0.061394,0.075148,0.08894,0.032601,0.073342,0.166429,,720500,,
0,0,,0.272642,0.126212,0.025825,0.006195,0.064045,0.059085,0.087381,0.03123,0.09491,0.232476,,701400,,
0,1,,0.17595,0.335035,0.01648,0.057181,0.04146,0.190047,0.038357,0.016822,0.046047,0.08262,,700600,,
0,1,,0.257768,0.278479,0.024519,0.024831,0.049362,0.130893,0.048409,0.018269,0.056584,0.110885,,701100,,
0,1,,0.172959,0.278221,0.025589,0.061128,0.055717,0.193324,0.073368,0.02774,0.044495,0.067459,,703300,,
0,1,,0.230669,0.251688,0.020979,0.045181,0.05751,0.126735,0.044196,0.01606,0.096162,0.110818,,702000,,
0,1,,0.203825,0.264446,0.019421,0.050754,0.052296,0.142105,0.059706,0.027982,0.051482,0.127983,,702400,,
0,0,,0.254865,0.130989,0.025531,0.009374,0.065822,0.060885,0.088158,0.032037,0.149205,0.183135,,697900,,
0,1,,0.225344,0.252103,0.026715,0.046821,0.049471,0.154567,0.074215,0.055643,0.024653,0.090468,,699500,,
0,0,,0.271028,0.110526,0.024539,0.030775,0.065274,0.062385,0.089417,0.031745,0.08244,0.231871,,699300,,
0,0,,0.353604,0.134096,0.033917,0.009116,0.058823,0.075577,0.100186,0.036932,0.043977,0.153772,,697200,,
0,0,,0.251893,0.104885,0.024833,0.027597,0.065142,0.060585,0.087874,0.030938,0.105955,0.240298,,705800,,
0,0,,0.315037,0.105208,0.027526,0.027597,0.066264,0.060585,0.088984,0.030938,0.096712,0.18115,,703300,,
0,0,,0.293205,0.12772,0.025586,0.006543,0.06433,0.060572,0.101535,0.044073,0.076207,0.200228,,707500,,
0,1,,0.242097,0.251688,0.020979,0.045181,0.05751,0.126735,0.044196,0.01606,0.056162,0.13939,,700500,,
0,0,,0.290048,0.122987,0.025697,0.003364,0.063463,0.058588,0.095814,0.039013,0.083275,0.21775,,702800,,
0,0,,0.313212,0.13672,0.036622,0.030426,0.063971,0.067549,0.102681,0.038677,0.04501,0.165134,,705700,,
0,1,,0.190379,0.347208,0.015401,0.060172,0.046905,0.168817,0.016182,0.007399,0.045641,0.101896,,703400,,
0,0,,0.274175,0.126661,0.025825,0.006195,0.061716,0.059085,0.088377,0.03123,0.147541,0.179196,,708300,,
0,0,,0.317953,0.122421,0.02839,0.003364,0.064579,0.058588,0.092069,0.035376,0.082871,0.194387,,708700,,
0,0,,0.270766,0.099769,0.024055,0.027633,0.064414,0.06964,0.095963,0.033879,0.122225,0.191656,,701500,,
0,6,,0.184114,0.104738,0.022521,0.053653,0.058974,0.128454,0.185501,0.072011,0.067276,0.122758,,707500,,
0,1,,0.147917,0.308014,0.01399,0.055707,0.050075,0.157308,0.023843,0.010104,0.074819,0.158222,,703500,,
0,0,,0.277128,0.128951,0.024626,0.030281,0.069008,0.06919,0.084138,0.029586,0.093183,0.193908,,704200,,
0,0,,0.251893,0.104885,0.024833,0.027597,0.065142,0.060585,0.087874,0.030938,0.105955,0.240298,,715100,,
0,0,,0.277829,0.125769,0.026643,0.031833,0.068,0.081121,0.095718,0.034708,0.088433,0.169946,,696500,,
0,0,,0.366937,0.134096,0.033917,0.009116,0.058823,0.075577,0.100186,0.036932,0.043977,0.140438,,699800,,
0,0,,0.277208,0.154933,0.027282,0.012058,0.06336,0.06949,0.084081,0.030684,0.078071,0.202833,,696000,,
0,0,,0.251893,0.104885,0.024833,0.027597,0.065142,0.060585,0.087874,0.030938,0.105955,0.240298,,711700,,
0,1,,0.260074,0.26359,0.025033,0.0467,0.047861,0.141728,0.055075,0.022055,0.027002,0.110883,,704700,,
0,0,,0.250354,0.100798,0.025248,0.033201,0.063162,0.086878,0.134437,0.041672,0.108414,0.155835,,705000,,
0,0,,0.296386,0.128829,0.027385,0.030281,0.067725,0.06919,0.084427,0.029586,0.082645,0.183547,,703100,,
0,0,,0.279426,0.135074,0.027569,0.035823,0.067829,0.088232,0.103028,0.036546,0.070067,0.156405,,704200,,
0,0,,0.285438,0.128821,0.025426,0.030281,0.080312,0.06919,0.084042,0.029586,0.0954,0.171505,,704100,,
0,0,,0.313107,0.120404,0.029939,0.030168,0.057426,0.081236,0.109454,0.051523,0.045188,0.161555,,701200,,
0,0,,0.292327,0.114978,0.028427,0.027247,0.060865,0.064926,0.100683,0.041037,0.120741,0.14877,,703800,,
0,0,,0.279169,0.123017,0.034622,0.01348,0.071357,0.096273,0.117319,0.041545,0.070213,0.153005,,707400,,
0,0,,0.310143,0.124341,0.031698,0.006322,0.058965,0.097699,0.124761,0.046549,0.062875,0.136647,,699100,,
0,0,,0.246907,0.105015,0.025413,0.027597,0.065333,0.060924,0.09963,0.037964,0.097808,0.233409,,703900,,
0,0,,0.309095,0.137125,0.028777,0.031333,0.065438,0.074848,0.088255,0.031502,0.065981,0.167644,,736600,,
0,0,,0.307917,0.105077,0.028326,0.027597,0.069569,0.060585,0.088888,0.030938,0.114928,0.166175,,714700,,
0,0,,0.249541,0.121845,0.025446,0.031593,0.070356,0.080773,0.098482,0.033822,0.097839,0.190303,,711700,,
0,0,,0.298911,0.127412,0.028226,0.006543,0.065674,0.060619,0.100389,0.038712,0.094224,0.179291,,696700,,
0,0,,0.309749,0.136836,0.029062,0.010426,0.061314,0.066727,0.102071,0.041843,0.068647,0.173325,,691800,,
0,0,,0.31522,0.116695,0.030667,0.030426,0.061082,0.067066,0.110134,0.045233,0.06501,0.158467,,696700,,
0,0,,0.270416,0.106781,0.027796,0.006867,0.065228,0.091212,0.118156,0.069146,0.049369,0.195031,,696300,,
0,0,,0.331995,0.119639,0.032084,0.030426,0.062146,0.066543,0.093573,0.033953,0.067339,0.162302,,694800,,
0,0,,0.261485,0.129563,0.026495,0.007247,0.060007,0.064743,0.091705,0.033147,0.15018,0.175428,,694300,,
0,0,,0.301478,0.136965,0.029849,0.029116,0.058563,0.07925,0.120215,0.056632,0.055247,0.132685,,693600,,
0,0,,0.261223,0.122229,0.025697,0.003364,0.065198,0.058588,0.091685,0.035376,0.110294,0.226346,,691900,,
0,1,,0.230861,0.335198,0.021021,0.035358,0.044471,0.161466,0.028841,0.012313,0.043215,0.087256,,696600,,
0,0,,0.295323,0.14205,0.02755,0.034511,0.077786,0.076648,0.088588,0.032309,0.067628,0.157607,,694100,,
0,0,,0.306085,0.108313,0.028995,0.028648,0.068241,0.066243,0.092717,0.032855,0.083573,0.18433,,694400,,
0,0,,0.194972,0.138003,0.028382,0.052592,0.06017,0.168794,0.141467,0.055127,0.049914,0.110579,,696000,,
0,0,,0.284869,0.125298,0.028233,0.038237,0.079877,0.081953,0.099449,0.034293,0.068784,0.159006,,694000,,
0,1,,0.19378,0.257137,0.017193,0.04836,0.053216,0.128535,0.044725,0.016867,0.063674,0.176514,,693400,,
0,0,,0.298643,0.126534,0.028517,0.006195,0.065168,0.059085,0.088491,0.03123,0.082809,0.213328,,697700,,
0,0,,0.255089,0.100798,0.025006,0.033201,0.064641,0.086207,0.126788,0.0442,0.108414,0.155655,,694500,,
0,0,,0.292564,0.130939,0.027662,0.035012,0.066054,0.082692,0.089523,0.032986,0.067445,0.175124,,702100,,
0,0,,0.303964,0.113364,0.02776,0.028648,0.079869,0.066243,0.092332,0.032855,0.073877,0.181088,,698300,,
0,0,,0.270569,0.105334,0.024833,0.027597,0.062813,0.060585,0.08887,0.030938,0.147158,0.181304,,690500,,
0,0,,0.297806,0.142103,0.028483,0.034511,0.065331,0.076648,0.088802,0.032309,0.064994,0.169013,,723000,,
0,0,,0.284439,0.127183,0.028095,0.006543,0.061904,0.060389,0.092616,0.036183,0.1399,0.162747,,695900,,
1,5,,0.050006,0.316483,0.010057,0.07943,0.031421,0.36274,0.098247,0.040928,0.001625,0.009063,,699900,,
1,1,,0.102914,0.383802,0.012272,0.077087,0.048415,0.200714,0.025037,0.012076,0.053883,0.083799,,699400,,
1,1,,0.185285,0.339775,0.017348,0.036258,0.039558,0.184742,0.061091,0.036862,0.017094,0.081989,,695700,,
1,1,,0.242472,0.266295,0.023712,0.04801,0.05022,0.132694,0.048709,0.019075,0.050123,0.11869,,697800,,
1,1,,0.085662,0.367441,0.011394,0.091486,0.03316,0.260776,0.059227,0.046533,0.026163,0.018155,,696400,,
1,1,,0.12491,0.390204,0.014754,0.066062,0.050718,0.182641,0.022011,0.010624,0.043936,0.094139,,701200,,
1,1,,0.118541,0.35093,0.012994,0.078464,0.038721,0.230138,0.050507,0.022748,0.031583,0.065374,,695600,,
1,1,,0.090463,0.312182,0.010152,0.074623,0.048668,0.26889,0.075213,0.032344,0.03106,0.056405,,701800,,
1,1,,0.118247,0.357635,0.014521,0.092732,0.047228,0.194492,0.032465,0.011236,0.049554,0.08189,,699100,,
1,1,,0.095637,0.353193,0.011512,0.100333,0.036256,0.241156,0.065843,0.034423,0.007474,0.054173,,697200,,
1,1,,0.126044,0.309979,0.013751,0.072734,0.045259,0.208589,0.056453,0.022764,0.044348,0.100079,,699300,,
1,1,,0.041267,0.33643,0.009484,0.125777,0.032985,0.288694,0.077405,0.032344,0.015566,0.040049,,693200,,
1,1,,0.123259,0.387306,0.014737,0.072237,0.041003,0.210574,0.029355,0.010916,0.038004,0.072608,,697100,,
1,1,,0.151899,0.264283,0.017658,0.056895,0.052459,0.144581,0.050128,0.017498,0.081195,0.163404,,699600,,
1,1,,0.064638,0.347528,0.009418,0.078119,0.041698,0.283614,0.07784,0.032344,0.010646,0.054155,,699200,,
1,1,,0.111302,0.387046,0.012272,0.077662,0.048561,0.196932,0.025037,0.012076,0.042455,0.086656,,689300,,
1,1,,0.13964,0.335235,0.012522,0.06415,0.054671,0.203772,0.042969,0.01653,0.04182,0.088691,,689700,,
1,1,,0.187621,0.347889,0.018199,0.060323,0.04232,0.179019,0.020485,0.010285,0.040548,0.093311,,687700,,
1,1,,0.137909,0.389642,0.014005,0.051146,0.034898,0.212608,0.042958,0.027916,0.015031,0.073888,,686800,,
1,1,,0.067658,0.377875,0.010349,0.08167,0.038756,0.23602,0.051845,0.022653,0.03097,0.082203,,735900,,
1,1,,0.093933,0.371263,0.011328,0.090676,0.033727,0.255466,0.056805,0.026533,0.027244,0.033024,,693600,,
1,1,,0.12491,0.390204,0.014754,0.066062,0.050718,0.182641,0.022011,0.010624,0.043936,0.094139,,693500,,
1,1,,0.067593,0.377883,0.009679,0.081195,0.04823,0.22658,0.048017,0.020736,0.049182,0.070905,,687600,,
1,1,,0.138679,0.344148,0.01466,0.061724,0.055179,0.180749,0.027473,0.012522,0.046858,0.118009,,693000,,
1,1,,0.065557,0.384366,0.010886,0.069948,0.032647,0.280062,0.062645,0.05063,0.026024,0.017236,,696900,,
1,1,,0.210101,0.30343,0.017777,0.052529,0.050802,0.155508,0.024081,0.009297,0.05972,0.116755,,697400,,
1,1,,0.099338,0.388495,0.013745,0.071054,0.0421,0.198649,0.026515,0.010624,0.04905,0.100431,,698400,,
1,1,,0.18279,0.308529,0.014724,0.055707,0.061902,0.157308,0.024339,0.010104,0.054475,0.130122,,689700,,
1,0,,0.36041,0.139074,0.033622,0.012295,0.058716,0.077378,0.100733,0.037739,0.042989,0.137045,,694900,,
1,1,,0.141563,0.325986,0.014854,0.031475,0.046655,0.155312,0.031058,0.018179,0.082531,0.152387,,691100,,
1,6,,0.183983,0.082057,0.02168,0.014993,0.045959,0.172622,0.22961,0.150062,0.026498,0.072535,,694900,,
1,1,,0.137242,0.363091,0.014827,0.067696,0.044726,0.182564,0.021121,0.007834,0.052063,0.108835,,691400,,
1,1,,0.183645,0.345467,0.016365,0.058045,0.045684,0.172675,0.019463,0.008509,0.043846,0.106301,,688500,,
1,1,,0.158254,0.367952,0.015537,0.063087,0.03743,0.216939,0.033083,0.016205,0.037664,0.053849,,691100,,
1,1,,0.184022,0.377998,0.015733,0.068185,0.037543,0.211206,0.026971,0.014505,0.01621,0.047627,,691900,,
1,1,,0.055715,0.38648,0.010349,0.095124,0.04072,0.242512,0.051845,0.022653,0.02097,0.073631,,698600,,
1,1,,0.165704,0.374254,0.014959,0.079723,0.035525,0.231318,0.035286,0.018071,0.011945,0.033216,,687800,,
1,5,,0.116032,0.213973,0.013472,0.053192,0.035318,0.247189,0.16865,0.088867,0.022905,0.040402,,690700,,
1,1,,0.12491,0.390204,0.014754,0.066062,0.050718,0.182641,0.022011,0.010624,0.043936,0.094139,,690600,,
1,1,,0.062056,0.382217,0.011849,0.089537,0.03837,0.277748,0.062609,0.026438,0.028281,0.020895,,689600,,
1,1,,0.124125,0.359306,0.014119,0.079832,0.036493,0.234929,0.056699,0.025856,0.027474,0.041167,,686400,,
1,1,,0.105204,0.391363,0.013174,0.069501,0.043664,0.186947,0.021966,0.00803,0.051833,0.108317,,721900,,
1,1,,0.061084,0.332563,0.009484,0.124309,0.032985,0.294213,0.077405,0.032344,0.015566,0.020049,,690200,,
1,1,,0.088639,0.3316,0.022725,0.118018,0.041844,0.243474,0.092343,0.034922,0.005664,0.020771,,708700,,
1,1,,0.12758,0.36574,0.014338,0.058352,0.039224,0.222573,0.022462,0.032368,0.040071,0.077293,,708400,,
1,1,,0.187556,0.384416,0.017083,0.040817,0.041417,0.185065,0.037681,0.020503,0.01654,0.068921,,700100,,
1,1,,0.091231,0.363045,0.012109,0.08062,0.053907,0.242635,0.058988,0.026438,0.013775,0.057252,,706900,,
1,1,,0.090147,0.391251,0.011474,0.083039,0.036527,0.240811,0.058038,0.025761,0.006862,0.056091,,699500,,
1,1,,0.133906,0.397405,0.015441,0.081937,0.041001,0.21897,0.037257,0.016327,0.013229,0.044527,,703200,,
1,1,,0.18279,0.308529,0.014724,0.055707,0.061902,0.157308,0.024339,0.010104,0.054475,0.130122,,705000,,
1,1,,0.065035,0.373069,0.010959,0.119791,0.035443,0.269883,0.059209,0.028959,0.019497,0.018155,,703000,,
1,1,,0.170393,0.371018,0.01429,0.078672,0.036853,0.22566,0.031457,0.016154,0.014729,0.040775,,702400,,
1,1,,0.110259,0.361433,0.010945,0.077344,0.031535,0.253795,0.069027,0.038973,0.007546,0.039143,,699300,,
1,1,,0.21605,0.256657,0.018727,0.04836,0.069991,0.128535,0.044359,0.016867,0.059358,0.141097,,702900,,
1,0,,0.273044,0.13093,0.025704,0.035012,0.078641,0.082692,0.089138,0.032986,0.071628,0.180225,,701500,,
1,1,,0.060566,0.38576,0.009679,0.091487,0.042048,0.226762,0.048017,0.020736,0.013754,0.101191,,712200,,
1,1,,0.087219,0.307987,0.011855,0.118871,0.036256,0.273112,0.084268,0.035165,0.006178,0.03909,,707900,,
1,1,,0.182198,0.303421,0.015818,0.052529,0.065312,0.155508,0.023696,0.009297,0.093679,0.098541,,698600,,
1,1,,0.140992,0.348357,0.014527,0.073241,0.048953,0.174143,0.030746,0.00727,0.036629,0.125142,,705900,,
1,1,,0.14032,0.351972,0.014084,0.061515,0.045545,0.176545,0.018683,0.008708,0.049665,0.132962,,697300,,
1,1,,0.102307,0.392837,0.015246,0.09892,0.041713,0.220376,0.037279,0.01441,0.034932,0.04198,,702200,,
1,1,,0.068681,0.324567,0.009343,0.081995,0.040169,0.25348,0.079016,0.026642,0.028485,0.087621,,702100,,
1,1,,0.128585,0.310756,0.013233,0.089913,0.043356,0.228542,0.052518,0.019059,0.036555,0.077484,,730700,,
1,1,,0.130398,0.401871,0.01487,0.072422,0.039871,0.20344,0.032708,0.013733,0.013512,0.077176,,704100,,
1,0,,0.201963,0.101672,0.025716,0.015306,0.055174,0.164188,0.174815,0.10014,0.053116,0.107909,,702800,,
1,1,,0.067235,0.366192,0.008875,0.092558,0.037072,0.239445,0.050367,0.024881,0.031804,0.081571,,703400,,
1,1,,0.094229,0.394011,0.014772,0.073499,0.04778,0.205701,0.033428,0.01441,0.048941,0.073229,,700700,,
1,1,,0.206128,0.292258,0.017654,0.054491,0.038285,0.200835,0.079847,0.046807,0.016548,0.047146,,705500,,
1,1,,0.129606,0.382545,0.012709,0.063667,0.044522,0.169255,0.015567,0.007399,0.045411,0.129318,,699700,,
1,1,,0.21605,0.256657,0.018727,0.04836,0.069991,0.128535,0.044359,0.016867,0.059358,0.141097,,702200,,
1,1,,0.06983,0.37421,0.011375,0.090963,0.039148,0.257128,0.058759,0.046438,0.006862,0.045287,,704700,,
1,1,,0.162285,0.365475,0.031651,0.040323,0.046082,0.179249,0.02698,0.012814,0.043241,0.091901,,703200,,
1,1,,0.088007,0.347671,0.012773,0.085982,0.037528,0.246694,0.066584,0.049062,0.006393,0.059305,,702500,,
1,1,,0.131957,0.384757,0.030338,0.046638,0.039224,0.198641,0.022045,0.010285,0.052154,0.08396,,705800,,
1,1,,0.12838,0.342239,0.013003,0.056993,0.043823,0.167017,0.01502,0.006592,0.128993,0.097939,,697700,,
1,1,,0.172855,0.352283,0.015721,0.061223,0.039247,0.202341,0.051053,0.029473,0.014427,0.061377,,720800,,
1,1,,0.118173,0.379302,0.012709,0.063092,0.042453,0.173037,0.015567,0.007399,0.067064,0.121204,,702400,,
1,1,,0.154768,0.360962,0.015586,0.062066,0.057925,0.17616,0.02152,0.009947,0.044349,0.096717,,702200,,
1,1,,0.14696,0.389828,0.014182,0.063934,0.044137,0.174722,0.017462,0.00803,0.042719,0.098026,,699300,,
1,1,,0.092561,0.292502,0.020097,0.090969,0.040433,0.284072,0.104738,0.038911,0.008232,0.027484,,708300,,
1,0,,0.25664,0.134278,0.023598,0.03346,0.063431,0.07099,0.084955,0.030392,0.078728,0.223528,,705300,,
1,1,,0.081332,0.333319,0.010088,0.096861,0.036542,0.308399,0.078811,0.034261,0.006363,0.014024,,699500,,
1,1,,0.149217,0.378852,0.020151,0.069872,0.046235,0.193949,0.035788,0.017231,0.036439,0.052265,,702600,,
1,1,,0.062056,0.382217,0.011849,0.089537,0.03837,0.277748,0.062609,0.026438,0.028281,0.020895,,735400,,
1,1,,0.083489,0.309705,0.009061,0.068432,0.03102,0.299207,0.090451,0.064435,0.006111,0.038088,,701200,,
1,1,,0.237408,0.254924,0.021649,0.046233,0.056182,0.132393,0.048025,0.017977,0.053379,0.13183,,702400,,
1,1,,0.092436,0.37079,0.011328,0.090692,0.033727,0.256643,0.056805,0.02731,0.007244,0.053024,,703500,,
1,1,,0.109085,0.394599,0.013844,0.070553,0.042336,0.192605,0.025795,0.009947,0.037621,0.103615,,698000,,
1,1,,0.086191,0.327901,0.009418,0.09866,0.033552,0.288721,0.074983,0.032344,0.006646,0.041584,,701100,,
1,1,,0.156779,0.386086,0.015605,0.062742,0.040028,0.177196,0.01915,0.009608,0.040318,0.092489,,699700,,
1,1,,0.127744,0.31942,0.016325,0.066349,0.044597,0.199064,0.048997,0.041782,0.042645,0.093076,,707200,,
1,1,,0.096926,0.361433,0.010945,0.077344,0.031535,0.253795,0.069027,0.038973,0.007546,0.052476,,703800,,
1,1,,0.078775,0.384311,0.011784,0.083312,0.038791,0.256038,0.060187,0.026438,0.009362,0.051002,,702600,,
1,1,,0.145356,0.387598,0.014101,0.064143,0.042089,0.178696,0.019396,0.009316,0.051605,0.087701,,699000,,
1,1,,0.150232,0.341143,0.014214,0.067424,0.035993,0.245558,0.050588,0.020608,0.01368,0.06056,,698900,,
1,1,,0.09713,0.363112,0.011353,0.074532,0.031535,0.252887,0.070456,0.038973,0.007546,0.052476,,699000,,
1,1,,0.185946,0.355504,0.016794,0.061224,0.044618,0.174475,0.02001,0.009316,0.040406,0.091707,,700800,,
1,1,,0.125568,0.373198,0.012611,0.063592,0.042216,0.179081,0.016288,0.008076,0.055636,0.123734,,708300,,
1,5,,0.126184,0.259635,0.017134,0.039537,0.041688,0.279884,0.113287,0.055739,0.035674,0.03124,,700700,,
1,1,,0.083613,0.317171,0.010863,0.085279,0.041671,0.292276,0.084761,0.034873,0.028296,0.021198,,701800,,
1,1,,0.115915,0.385511,0.01328,0.072095,0.049034,0.184707,0.020533,0.012076,0.056198,0.090651,,700400,,
1,1,,0.061267,0.336941,0.009484,0.090784,0.037303,0.306358,0.077405,0.032344,0.008066,0.040049,,701200,,
1,0,,0.266305,0.127694,0.025034,0.03396,0.079969,0.077034,0.08531,0.031069,0.114412,0.159213,,703800,,
1,5,,0.082214,0.288918,0.010589,0.09292,0.03611,0.297209,0.110242,0.038671,0.005059,0.038068,,705800,,
1,1,,0.041267,0.33643,0.009484,0.125777,0.032985,0.288694,0.077405,0.032344,0.015566,0.040049,,705300,,
1,1,,0.092436,0.37778,0.011328,0.085838,0.033727,0.255284,0.056805,0.026533,0.007244,0.053024,,731700,,
1,1,,0.035647,0.36474,0.011345,0.151745,0.035487,0.287643,0.064861,0.026438,0.004624,0.017469,,707100,,
1,1,,0.224554,0.327998,0.020081,0.032179,0.046501,0.159666,0.028047,0.011506,0.046895,0.102573,,712500,,
1,1,,0.168117,0.256474,0.017193,0.04836,0.052977,0.128535,0.043729,0.016867,0.086202,0.181547,,706200,,
1,1,,0.106847,0.358261,0.013844,0.06976,0.043794,0.190521,0.025795,0.009947,0.061419,0.119813,,717700,,
1,1,,0.102304,0.385148,0.011375,0.083539,0.036291,0.246855,0.058759,0.026438,0.006862,0.04243,,707500,,
1,1,,0.18529,0.342231,0.015696,0.056993,0.045088,0.167017,0.015635,0.006592,0.076853,0.088604,,706900,,
1,1,,0.127755,0.347216,0.012709,0.060172,0.04564,0.168817,0.015567,0.007399,0.069209,0.145516,,705300,,
1,1,,0.111486,0.383802,0.012272,0.077087,0.048415,0.200714,0.025037,0.012076,0.042455,0.086656,,708000,,
1,1,,0.082858,0.354109,0.013367,0.083959,0.033418,0.300593,0.08074,0.034553,0.003165,0.013238,,712300,,
1,5,,0.095957,0.294016,0.010852,0.04572,0.032297,0.317678,0.105156,0.056421,0.025121,0.016783,,708300,,
2,0,,0.333098,0.139065,0.031114,0.012295,0.058716,0.077561,0.109155,0.045629,0.042989,0.150378,,709000,,
2,0,,0.327957,0.127127,0.031962,0.03142,0.059943,0.078972,0.119628,0.048239,0.041002,0.13375,,703800,,
2,0,,0.251679,0.116873,0.027793,0.016933,0.06251,0.128541,0.156618,0.07185,0.056908,0.110296,,706900,,
2,0,,0.28269,0.145089,0.034066,0.011654,0.064948,0.073897,0.115451,0.065736,0.043789,0.162679,,704100,,
2,0,,0.350575,0.138881,0.032309,0.012295,0.060555,0.077608,0.107474,0.040268,0.042989,0.137045,,701100,,
2,0,,0.28956,0.141316,0.030383,0.013429,0.057659,0.10863,0.140713,0.056481,0.037567,0.124261,,705700,,
2,0,,0.300942,0.111107,0.029332,0.029153,0.061556,0.088928,0.134289,0.055556,0.040886,0.148251,,706800,,
2,0,,0.331995,0.119639,0.032084,0.030426,0.062146,0.066543,0.093573,0.033953,0.067339,0.162302,,703900,,
2,0,,0.298047,0.133666,0.029781,0.009116,0.057551,0.075577,0.104877,0.049606,0.078829,0.16295,,706800,,
2,0,,0.33415,0.126905,0.032467,0.032295,0.06348,0.077378,0.099855,0.037739,0.04343,0.152301,,704200,,
2,0,,0.203589,0.104479,0.026038,0.054463,0.060935,0.133536,0.172982,0.072739,0.034195,0.137043,,740900,,
3,1,,0.063656,0.375539,0.008974,0.092633,0.045455,0.22962,0.049647,0.024204,0.047232,0.063041,,705400,,
3,1,,0.057428,0.363264,0.009967,0.128497,0.034039,0.287556,0.059702,0.028667,0.006614,0.024264,,711700,,
3,1,,0.057428,0.368854,0.009967,0.123237,0.036685,0.262081,0.059702,0.028667,0.029114,0.024264,,705200,,
3,1,,0.056468,0.383297,0.011375,0.108377,0.050957,0.247037,0.058759,0.026438,0.010862,0.04643,,705000,,
3,1,,0.057366,0.379863,0.012519,0.115849,0.034396,0.288881,0.066437,0.028355,0.002997,0.013336,,705300,,
3,1,,0.035464,0.366882,0.009898,0.155672,0.03402,0.288389,0.061973,0.026242,0.004624,0.016838,,705200,,
3,1,,0.050492,0.330442,0.008979,0.109137,0.032895,0.311024,0.079657,0.032344,0.024409,0.020623,,709700,,
3,5,,0.031469,0.311326,0.009649,0.129547,0.031421,0.339822,0.101818,0.034261,0.001625,0.009063,,710200,,
3,1,,0.053162,0.378183,0.012111,0.118661,0.034396,0.28979,0.065009,0.028355,0.002997,0.017336,,700400,,
3,1,,0.057428,0.368854,0.009967,0.103237,0.036685,0.282081,0.059702,0.028667,0.029114,0.024264,,704900,,
3,1,,0.062903,0.381119,0.010349,0.082246,0.046902,0.232238,0.051845,0.022653,0.046399,0.063346,,704400,,
3,1,,0.056468,0.398297,0.011375,0.088377,0.053457,0.247037,0.058759,0.026438,0.013362,0.04643,,710700,,
3,1,,0.066354,0.351581,0.008941,0.121367,0.036651,0.251247,0.052789,0.024881,0.030723,0.055465,,708900,,
3,1,,0.045939,0.39705,0.01024,0.132049,0.041254,0.262171,0.060979,0.026242,0.005704,0.018373,,712900,,
3,1,,0.09224,0.359502,0.011121,0.110214,0.03292,0.274826,0.066456,0.034972,0.004073,0.013676,,728200,,
3,1,,0.070981,0.364944,0.010823,0.087668,0.038335,0.266914,0.055696,0.022653,0.02989,0.052096,,712000,,
3,5,,0.031469,0.331326,0.009649,0.089547,0.031421,0.344528,0.117112,0.034261,0.001625,0.009063,,728800,,
4,0,,0.271327,0.109846,0.025273,0.030775,0.078887,0.062385,0.088651,0.031745,0.097012,0.204099,,699800,,
4,1,,0.155095,0.261334,0.016465,0.066438,0.064608,0.185475,0.079916,0.031443,0.044917,0.09431,,706300,,
4,0,,0.256008,0.124862,0.027839,0.038237,0.067424,0.095855,0.1218,0.041242,0.045099,0.181633,,700500,,
4,1,,0.137514,0.258579,0.014261,0.065386,0.049161,0.179817,0.076454,0.029526,0.052017,0.137286,,731200,,
4,0,,0.25605,0.127259,0.027048,0.043337,0.066753,0.069902,0.110674,0.044687,0.093833,0.160457,,708000,,
4,0,,0.271028,0.110526,0.024539,0.030775,0.065274,0.062385,0.089417,0.031745,0.12244,0.191871,,702800,,
4,0,,0.277855,0.104868,0.025567,0.027597,0.078994,0.060585,0.088104,0.030938,0.098,0.207493,,700600,,
4,0,,0.258206,0.149095,0.026267,0.040921,0.078166,0.090558,0.094816,0.03294,0.066622,0.162409,,702100,,
4,1,,0.188749,0.225574,0.022782,0.052451,0.052032,0.184106,0.087905,0.027331,0.026969,0.1321,,708200,,
4,0,,0.268516,0.12371,0.028246,0.032669,0.075795,0.07025,0.111474,0.045573,0.090377,0.15339,,704500,,
4,0,,0.235705,0.109765,0.025119,0.030775,0.064935,0.062724,0.096313,0.035134,0.151451,0.188078,,704900,,
4,1,,0.182046,0.264124,0.02193,0.050754,0.052438,0.141921,0.050787,0.020092,0.057158,0.158749,,706200,,
4,0,,0.277555,0.105549,0.024833,0.027597,0.065381,0.060585,0.08887,0.030938,0.123428,0.195264,,698500,,
4,0,,0.299037,0.105208,0.027526,0.027597,0.074264,0.060585,0.088984,0.030938,0.100712,0.18515,,703400,,
4,0,,0.299826,0.105068,0.026367,0.027597,0.082156,0.060585,0.088504,0.030938,0.079112,0.199848,,708500,,
5,5,,0.034505,0.311653,0.008852,0.079828,0.032018,0.33668,0.112358,0.043157,0.024509,0.01644,,707800,,
5,5,,0.034255,0.289107,0.010627,0.053925,0.031287,0.328484,0.123503,0.122074,0.000989,0.00575,,701500,,
5,5,,0.03064,0.287382,0.007687,0.046878,0.028071,0.340223,0.108519,0.134824,0.003935,0.011842,,702300,,
5,5,,0.054505,0.311653,0.008852,0.079828,0.032018,0.33668,0.099025,0.03649,0.024509,0.01644,,705300,,
5,5,,0.03081,0.291165,0.007814,0.069709,0.028801,0.325425,0.133072,0.097344,0.003834,0.012025,,704200,,
5,5,,0.02677,0.313993,0.009655,0.106058,0.031266,0.327177,0.098136,0.080205,0.000989,0.00575,,705900,,
5,5,,0.133874,0.255876,0.012864,0.060216,0.036399,0.261055,0.110786,0.073815,0.009109,0.046006,,715400,,
5,5,,0.03081,0.291165,0.007814,0.049709,0.028801,0.340719,0.117778,0.117344,0.003834,0.012025,,711000,,
5,5,,0.100442,0.285842,0.010081,0.071382,0.035597,0.296495,0.095327,0.062767,0.024919,0.017148,,711900,,
5,5,,0.049025,0.271663,0.00787,0.062841,0.030599,0.300575,0.130889,0.12938,0.004165,0.012992,,731500,,
5,1,,0.050205,0.313651,0.007887,0.099979,0.035781,0.301032,0.123949,0.028558,0.009598,0.029359,,702200,,
5,5,,0.075451,0.285903,0.009957,0.052873,0.035143,0.327531,0.131862,0.042817,0.024003,0.014459,,714900,,
5,5,,0.088984,0.284916,0.011344,0.050571,0.034828,0.293997,0.128562,0.083274,0.007212,0.01631,,709900,,
5,1,,0.063991,0.303314,0.010013,0.07169,0.037023,0.281509,0.098138,0.028558,0.025702,0.080062,,718200,,
5,5,,0.02612,0.294401,0.008484,0.070761,0.027473,0.351083,0.123567,0.092594,0.001051,0.004465,,707100,,
5,5,,0.031151,0.298729,0.008069,0.055371,0.030262,0.346418,0.124924,0.089051,0.003633,0.01239,,704800,,
5,5,,0.081084,0.310801,0.009484,0.078407,0.032985,0.336583,0.092699,0.032344,0.005566,0.020049,,705600,,
5,1,,0.105955,0.308165,0.013415,0.073161,0.032821,0.29978,0.099422,0.053261,0.003127,0.010894,,713300,,
5,5,,0.031469,0.334804,0.009649,0.082242,0.031421,0.348354,0.117112,0.034261,0.001625,0.009063,,707300,,
5,1,,0.124879,0.248983,0.015523,0.068265,0.047458,0.23004,0.13514,0.043759,0.01871,0.067243,,710600,,
5,1,,0.124196,0.318367,0.014193,0.066133,0.049458,0.233884,0.057009,0.022844,0.037527,0.076389,,706000,,
5,1,,0.062934,0.314668,0.009484,0.079875,0.032985,0.311064,0.111032,0.032344,0.025566,0.020049,,708400,,
5,5,,0.031334,0.302597,0.008069,0.056839,0.030262,0.340899,0.124924,0.089051,0.003633,0.01239,,712200,,
5,5,,0.073223,0.30498,0.009371,0.05647,0.029902,0.341754,0.093799,0.080155,0.001906,0.008439,,709100,,
5,1,,0.080101,0.311108,0.009698,0.043952,0.033405,0.277159,0.109549,0.093206,0.005221,0.0366,,706400,,
5,5,,0.031439,0.305673,0.008578,0.058378,0.030775,0.341613,0.121506,0.084955,0.003773,0.01331,,710700,,
5,1,,0.168068,0.288864,0.014623,0.030997,0.037018,0.233701,0.09631,0.051244,0.014539,0.064636,,708000,,
5,5,,0.034505,0.311653,0.008852,0.079828,0.032018,0.33668,0.112358,0.063157,0.004509,0.01644,,719500,,
5,5,,0.031334,0.302597,0.008069,0.076839,0.030262,0.316193,0.10963,0.109051,0.003633,0.01239,,706500,,
5,1,,0.093674,0.281681,0.010674,0.06952,0.036156,0.273045,0.140028,0.061357,0.009996,0.02387,,714900,,
5,6,,0.157482,0.113804,0.02112,0.068561,0.052655,0.168913,0.221526,0.091858,0.027406,0.076675,,734700,,
5,1,,0.145191,0.301039,0.013536,0.05619,0.038023,0.237328,0.076379,0.059082,0.013093,0.06014,,709700,,
5,5,,0.076768,0.296502,0.009555,0.083342,0.03172,0.302107,0.108943,0.080718,0.001906,0.008439,,719100,,
5,5,,0.034184,0.271631,0.00787,0.042841,0.028071,0.320575,0.123663,0.155387,0.003935,0.011842,,715100,,
5,5,,0.030824,0.29125,0.007687,0.048346,0.028071,0.334704,0.121852,0.12149,0.003935,0.011842,,714100,,
5,5,,0.088369,0.255493,0.010453,0.04054,0.029624,0.291793,0.146202,0.117809,0.004875,0.014842,,716200,,
5,5,,0.046558,0.263843,0.010042,0.049472,0.032689,0.293601,0.140376,0.136719,0.006439,0.020261,,711800,,
5,1,,0.056732,0.305586,0.011039,0.073559,0.034558,0.292343,0.123385,0.032344,0.021593,0.048861,,712000,,
5,5,,0.034675,0.315436,0.008979,0.102659,0.032749,0.337177,0.094951,0.052344,0.004409,0.016623,,715700,,
5,5,,0.02595,0.290618,0.008356,0.04793,0.026743,0.350587,0.127641,0.116741,0.001151,0.004283,,710500,,
5,6,,0.128971,0.128135,0.019812,0.026624,0.045203,0.194037,0.225414,0.144371,0.023516,0.063916,,714300,,
5,1,,0.102629,0.30153,0.009895,0.07167,0.032443,0.283358,0.101515,0.052915,0.02624,0.017805,,720400,,
5,1,,0.066205,0.337429,0.009418,0.089973,0.03787,0.301048,0.074983,0.032344,0.009146,0.041584,,710000,,
5,5,,0.140994,0.200365,0.014182,0.05214,0.043438,0.237409,0.156035,0.066621,0.041221,0.047596,,711300,,
5,1,,0.05812,0.293173,0.006971,0.063803,0.033795,0.290237,0.119902,0.101449,0.008173,0.024375,,712800,,
5,5,,0.081084,0.310801,0.009484,0.078407,0.032985,0.336583,0.092699,0.032344,0.005566,0.020049,,1020400,,
5,1,,0.083613,0.309898,0.010863,0.07437,0.039853,0.296982,0.100055,0.034873,0.028296,0.021198,,1256200,,
5,5,,0.02595,0.290618,0.008356,0.06793,0.026743,0.325881,0.112347,0.136741,0.001151,0.004283,,1208600,,
5,5,,0.031469,0.314804,0.009649,0.082242,0.031421,0.348354,0.117112,0.054261,0.001625,0.009063,,1179500,,
5,5,,0.078222,0.3065,0.009618,0.074145,0.031742,0.315902,0.087981,0.074142,0.004829,0.016919,,1177200,,
5,5,,0.039613,0.315924,0.008913,0.101848,0.033316,0.331867,0.112529,0.032344,0.005489,0.018158,,1128100,,
5,1,,0.061267,0.329668,0.009484,0.079875,0.035485,0.311064,0.092699,0.032344,0.028066,0.020049,,1119000,,
5,5,,0.038499,0.27523,0.009193,0.045672,0.03064,0.325824,0.146535,0.112546,0.003834,0.012025,,1112700,,
5,5,,0.065942,0.24942,0.009151,0.039441,0.029985,0.291397,0.142682,0.146588,0.006602,0.018794,,1119600,,
5,5,,0.088539,0.259276,0.01058,0.043371,0.030354,0.29229,0.142128,0.113663,0.004774,0.015025,,1116000,,
5,5,,0.080401,0.277699,0.010368,0.04394,0.029549,0.320664,0.119484,0.107796,0.002208,0.007891,,1121500,,
5,5,,0.03081,0.291165,0.007814,0.069709,0.028801,0.325425,0.133072,0.097344,0.003834,0.012025,,1125700,,
5,1,,0.136026,0.316754,0.014193,0.065069,0.043958,0.25173,0.057009,0.022844,0.016027,0.076389,,1133300,,
5,5,,0.073329,0.308056,0.009879,0.058009,0.030414,0.342469,0.090381,0.076059,0.002046,0.009359,,1120800,,
5,5,,0.162826,0.204135,0.016067,0.052868,0.041184,0.232282,0.130901,0.080578,0.015775,0.063384,,1127500,,
5,5,,0.04575,0.252295,0.011017,0.040492,0.030496,0.297456,0.164181,0.143261,0.003818,0.011234,,1140700,,
5,5,,0.041606,0.252479,0.009821,0.040492,0.028657,0.297409,0.165862,0.148622,0.003818,0.011234,,1211000,,
5,5,,0.061136,0.253274,0.009151,0.059441,0.032513,0.283751,0.159926,0.114032,0.006831,0.019943,,1296800,,
5,5,,0.092883,0.297416,0.009116,0.050808,0.02844,0.340761,0.099947,0.070448,0.002107,0.008074,,1267300,,
5,5,,0.031151,0.298729,0.008069,0.055371,0.030262,0.341712,0.10963,0.109051,0.003633,0.01239,,1200800,,
5,5,,0.077402,0.290397,0.008318,0.066925,0.029038,0.314606,0.102193,0.090677,0.004991,0.015451,,1168700,,
5,5,,0.106811,0.210969,0.012802,0.05214,0.037291,0.241531,0.158485,0.074277,0.050635,0.055059,,1143500,,
6,0,,0.208943,0.112716,0.021452,0.014669,0.048862,0.141837,0.201446,0.104102,0.042486,0.103486,,1137100,,
6,6,,0.159033,0.090261,0.021269,0.063926,0.051553,0.15949,0.241988,0.085083,0.028293,0.099103,,1124400,,
6,6,,0.188128,0.081874,0.022876,0.014993,0.047798,0.172669,0.227929,0.144701,0.026498,0.072535,,1124100,,
6,6,,0.183177,0.090078,0.022465,0.043926,0.053392,0.159536,0.240307,0.079722,0.028293,0.099103,,1121800,,
6,6,,0.137221,0.079042,0.021048,0.014946,0.044992,0.178238,0.249269,0.180875,0.025442,0.068926,,1834900,,
6,6,,0.183629,0.092234,0.02168,0.034993,0.045959,0.152268,0.221592,0.138611,0.036498,0.072535,,720200,,
6,6,,0.147646,0.106216,0.020378,0.013894,0.046965,0.152226,0.219753,0.146167,0.043172,0.103583,,723800,,
6,6,,0.155024,0.118654,0.021901,0.043973,0.053137,0.15352,0.211081,0.087485,0.066566,0.088659,,725200,,
6,6,,0.141979,0.099262,0.023651,0.046428,0.0493,0.180933,0.250743,0.107985,0.026016,0.073704,,754100,,
6,6,,0.188673,0.078822,0.02101,0.033942,0.047287,0.146964,0.225781,0.148145,0.029282,0.080094,,711600,,
6,5,,0.084386,0.237898,0.014715,0.063574,0.040556,0.264647,0.169956,0.069656,0.013843,0.040769,,718000,,
6,0,,0.225462,0.099028,0.022453,0.013942,0.047287,0.146433,0.207821,0.128198,0.029282,0.080094,,709500,,
6,6,,0.146003,0.103024,0.026843,0.049259,0.050837,0.181559,0.264476,0.077714,0.025916,0.074371,,717200,,
6,6,,0.192817,0.078638,0.022206,0.013942,0.049126,0.16701,0.224101,0.142784,0.029282,0.080094,,715800,,
6,6,,0.193532,0.096345,0.02158,0.0375,0.049097,0.142511,0.20785,0.128451,0.040402,0.082732,,714300,,
6,6,,0.15223,0.100445,0.021487,0.048207,0.052552,0.174516,0.239575,0.079433,0.035009,0.096545,,721900,,
6,6,,0.175024,0.103654,0.021901,0.043973,0.050637,0.15352,0.211081,0.087485,0.064066,0.088659,,720400,,
6,6,,0.188128,0.081874,0.022876,0.014993,0.047798,0.172669,0.227929,0.144701,0.026498,0.072535,,712700,,
6,0,,0.267137,0.104284,0.025868,0.027495,0.05727,0.109619,0.139059,0.078289,0.060039,0.13094,,716800,,
6,6,,0.168319,0.088999,0.02101,0.033942,0.047287,0.14661,0.219764,0.154694,0.039282,0.080094,,714300,,
6,6,,0.137837,0.093465,0.021939,0.024978,0.047697,0.180442,0.233629,0.164339,0.02528,0.070394,,714300,,
6,0,,0.292082,0.112849,0.026975,0.004404,0.059445,0.083691,0.131829,0.076033,0.065864,0.146826,,713200,,
6,6,,0.184129,0.093276,0.021901,0.043973,0.05252,0.149168,0.204035,0.118936,0.04935,0.082712,,715100,,
6,6,,0.163334,0.106958,0.019984,0.012073,0.050397,0.135776,0.204514,0.120235,0.048337,0.138392,,717900,,
6,6,,0.179407,0.107763,0.02097,0.04562,0.051866,0.162809,0.194139,0.113606,0.027586,0.096234,,712400,,
6,6,,0.179407,0.107763,0.02097,0.02562,0.051866,0.182809,0.194139,0.113606,0.047586,0.076234,,715500,,
6,0,,0.195368,0.111022,0.020282,0.047158,0.05054,0.163477,0.190401,0.096871,0.047726,0.077154,,716300,,
6,6,,0.174409,0.089231,0.02101,0.033942,0.047932,0.14661,0.211427,0.12402,0.044228,0.107191,,715700,,
6,6,,0.133115,0.107952,0.021008,0.026624,0.047042,0.19879,0.239027,0.13901,0.023516,0.063916,,714700,,
6,5,,0.095247,0.197501,0.012354,0.052093,0.03477,0.242978,0.182148,0.133468,0.013268,0.036172,,747100,,
6,6,,0.184153,0.08584,0.021808,0.017824,0.04669,0.173119,0.225536,0.145916,0.026398,0.072717,,711700,,
6,0,,0.175568,0.113648,0.027447,0.064551,0.059225,0.126822,0.161945,0.115049,0.040913,0.114831,,719400,,
6,6,,0.177684,0.095861,0.023017,0.013894,0.050688,0.152096,0.239693,0.140977,0.028455,0.077635,,714100,,
6,6,,0.146882,0.080042,0.020322,0.016726,0.048605,0.177245,0.226029,0.137767,0.054435,0.091947,,712800,,
6,5,,0.074702,0.200554,0.014219,0.033144,0.035281,0.268683,0.184296,0.150024,0.010485,0.028612,,719900,,
6,6,,0.188935,0.103421,0.021901,0.043973,0.049991,0.15352,0.217418,0.100158,0.03912,0.081562,,721000,,
6,6,,0.172543,0.092388,0.02168,0.034993,0.046455,0.152091,0.211115,0.150115,0.038482,0.080138,,715700,,
6,6,,0.141365,0.078859,0.022244,0.014946,0.046831,0.182991,0.262882,0.155514,0.025442,0.068926,,711400,,
6,5,,0.08005,0.220957,0.015385,0.064626,0.039228,0.27066,0.179802,0.085024,0.011059,0.03321,,715000,,
6,0,,0.182224,0.131996,0.021752,0.048608,0.056122,0.178237,0.175555,0.074261,0.050962,0.080284,,713700,,
6,6,,0.141557,0.075984,0.020378,0.033894,0.04632,0.152226,0.24609,0.17884,0.028225,0.076486,,718000,,
6,6,,0.141365,0.078859,0.022244,0.014946,0.046831,0.178285,0.247588,0.175514,0.025442,0.068926,,713700,,
6,6,,0.154105,0.113806,0.020005,0.04101,0.045618,0.166891,0.202941,0.144145,0.036138,0.075341,,710200,,
6,6,,0.133115,0.107952,0.021008,0.026624,0.047042,0.19879,0.239027,0.13901,0.023516,0.063916,,712800,,
6,6,,0.163629,0.092234,0.02168,0.034993,0.045959,0.152268,0.223592,0.156611,0.036498,0.072535,,709600,,
6,6,,0.137221,0.079042,0.021048,0.014946,0.044992,0.178238,0.249269,0.180875,0.025442,0.068926,,713500,,
6,6,,0.189183,0.117307,0.021686,0.047798,0.054188,0.157986,0.212778,0.067712,0.029543,0.101819,,715500,,
6,6,,0.191542,0.127288,0.023548,0.050067,0.059008,0.139642,0.198432,0.069248,0.033667,0.107557,,719200,,
6,0,,0.220728,0.120186,0.022473,0.017855,0.050754,0.156193,0.18256,0.102002,0.029109,0.098141,,712700,,
6,6,,0.191339,0.114073,0.023371,0.045423,0.058102,0.148987,0.2085,0.071777,0.032586,0.105842,,712600,,
6,6,,0.147646,0.096216,0.020378,0.013894,0.046965,0.152226,0.219753,0.166167,0.033172,0.103583,,720200,,
7,6,,0.12846,0.096788,0.019429,0.018131,0.043011,0.192548,0.237636,0.17681,0.023818,0.063368,,715800,,
7,6,,0.135933,0.079263,0.020864,0.014946,0.045901,0.177701,0.224974,0.196503,0.026806,0.077108,,715800,,
7,6,,0.182695,0.092278,0.021496,0.014993,0.046868,0.172085,0.216648,0.134357,0.037862,0.080717,,714500,,
7,6,,0.141365,0.078859,0.022244,0.014946,0.046831,0.178285,0.247588,0.175514,0.025442,0.068926,,716800,,
7,6,,0.146055,0.075623,0.021574,0.013894,0.048159,0.172627,0.24376,0.173597,0.028225,0.076486,,713600,,
7,6,,0.178456,0.128552,0.032956,0.017927,0.05637,0.169018,0.19435,0.112496,0.02979,0.080086,,715100,,
7,6,,0.163629,0.092234,0.02168,0.014993,0.045959,0.172268,0.223592,0.156611,0.036498,0.072535,,717200,,
7,6,,0.136867,0.094775,0.02327,0.014946,0.044992,0.180107,0.229918,0.180757,0.025442,0.068926,,715000,,
7,6,,0.146712,0.076259,0.020195,0.033894,0.047874,0.152043,0.214809,0.181913,0.034535,0.091764,,717600,,
7,6,,0.163629,0.092234,0.02168,0.014993,0.045959,0.172268,0.223592,0.156611,0.036498,0.072535,,711600,,
7,5,,0.03934,0.271907,0.007687,0.062841,0.029625,0.300392,0.112382,0.13846,0.010245,0.027121,,716100,,
7,6,,0.148723,0.101905,0.024742,0.014995,0.0472,0.173497,0.21054,0.171786,0.027798,0.078814,,716700,,
7,5,,0.03934,0.271907,0.007687,0.062841,0.029625,0.300392,0.112382,0.13846,0.010245,0.027121,,716700,,
7,5,,0.028561,0.274911,0.008356,0.043893,0.027652,0.32605,0.122547,0.15305,0.002515,0.012464,,716700,,
7,6,,0.136867,0.079219,0.021048,0.014946,0.044992,0.177884,0.229918,0.200757,0.025442,0.068926,,721100,,
7,6,,0.195877,0.122388,0.02168,0.014993,0.046455,0.155425,0.214448,0.110115,0.038482,0.080138,,717100,,
7,6,,0.183629,0.092234,0.02168,0.034993,0.045959,0.152268,0.221592,0.138611,0.036498,0.072535,,713100,,
7,6,,0.146712,0.076259,0.020195,0.033894,0.047874,0.152043,0.234809,0.161913,0.034535,0.091764,,717100,,
7,6,,0.146712,0.076259,0.020195,0.033894,0.047874,0.152043,0.234809,0.161913,0.034535,0.091764,,714700,,
7,5,,0.070204,0.200914,0.013024,0.033144,0.033442,0.268283,0.166626,0.175267,0.010485,0.028612,,716100,,
7,6,,0.146712,0.076259,0.020195,0.013894,0.047874,0.172043,0.214809,0.181913,0.034535,0.091764,,723400,,
7,6,,0.183629,0.092234,0.02168,0.014993,0.045959,0.172268,0.221592,0.138611,0.036498,0.072535,,715700,,
8,0,,0.245656,0.125997,0.025825,0.006195,0.061477,0.059085,0.087381,0.03123,0.172926,0.184229,,719300,,
8,0,,0.249036,0.104885,0.024833,0.027597,0.065142,0.060585,0.087874,0.030938,0.154527,0.194584,,715400,,
8,0,,0.245656,0.125997,0.025825,0.006195,0.061477,0.059085,0.087381,0.03123,0.172926,0.184229,,719200,,
8,0,,0.245485,0.122214,0.025697,0.003364,0.060746,0.058588,0.091455,0.035376,0.173026,0.184047,,713000,,
8,0,,0.244473,0.104527,0.025685,0.028407,0.069523,0.066234,0.106622,0.038995,0.105543,0.20999,,719600,,
