contraceptive-method,Randf,test,4,NANOSECONDS,PREDICTIONS, Generated by ClassifierExperiments.java on 2022-05-16 03:29:47.    SYSTEMPROPERTIES:{user.name:matth,os.arch:amd64,os.name:Windows 10},ENDSYSTEMPROPERTIES
No parameter info
0.5101351351351351,163100,370900,-1,0,3,,-1,-1
0,2,,0.147095,0.13521,0.717696,,2800,,
0,1,,0.126698,0.615791,0.25751,,1600,,
0,0,,0.75218,0.013622,0.234198,,1400,,
0,0,,0.843181,0.083474,0.073346,,1500,,
0,1,,0.092698,0.561583,0.345719,,1300,,
0,0,,0.884931,0.090682,0.024387,,1300,,
0,0,,0.897111,0.034725,0.068164,,1300,,
0,0,,0.672608,0.229013,0.098379,,1200,,
0,0,,0.893166,0.007089,0.099745,,1200,,
0,2,,0.331238,0.076641,0.592121,,1200,,
0,0,,0.963704,0.005926,0.03037,,1200,,
0,2,,0.404759,0.0888,0.506442,,1200,,
0,0,,0.710389,0.007033,0.282578,,1300,,
0,2,,0.193289,0.374482,0.432229,,1500,,
0,2,,0.362186,0.24048,0.397335,,1400,,
0,0,,0.502946,0.006772,0.490282,,1300,,
0,1,,0.328921,0.381589,0.28949,,1500,,
0,0,,0.511952,0.051968,0.43608,,1200,,
0,0,,0.977039,0.000874,0.022088,,1100,,
0,0,,0.690912,0.150282,0.158806,,1200,,
0,2,,0.358987,0.032741,0.608272,,1300,,
0,0,,0.922549,0.005681,0.07177,,1100,,
0,2,,0.201612,0.335537,0.46285,,1300,,
0,0,,0.918289,0.015247,0.066463,,1200,,
0,0,,0.664378,0.040106,0.295515,,1100,,
0,0,,0.993601,0.00376,0.002638,,1200,,
0,2,,0.299737,0.00767,0.692592,,1200,,
0,0,,0.508121,0.007222,0.484658,,1200,,
0,0,,0.40027,0.363414,0.236316,,1200,,
0,0,,0.985793,0.000346,0.013862,,1200,,
0,0,,0.626712,0.311583,0.061705,,1100,,
0,0,,0.673981,0.225832,0.100187,,1100,,
0,0,,0.83347,0.00225,0.164281,,1200,,
0,2,,0.335546,0.202901,0.461553,,1200,,
0,0,,0.907456,0.090384,0.00216,,1200,,
0,2,,0.338186,0.251879,0.409935,,1400,,
0,0,,0.491072,0.08618,0.422747,,1200,,
0,2,,0.237126,0.139499,0.623375,,1300,,
0,0,,0.642782,0.156077,0.201141,,1200,,
0,1,,0.092619,0.595388,0.311993,,1300,,
0,0,,0.90954,0.007031,0.083429,,1100,,
0,1,,0.279688,0.412798,0.307513,,1300,,
0,0,,0.877214,0.091255,0.03153,,1100,,
0,0,,0.561521,0.308779,0.129699,,1100,,
0,2,,0.207485,0.16953,0.622985,,1200,,
0,0,,0.951148,0.005355,0.043497,,1100,,
0,0,,0.696266,0.014424,0.28931,,1100,,
0,0,,0.93254,0.010495,0.056965,,1300,,
0,1,,0.254554,0.724967,0.020478,,1200,,
0,0,,0.937234,0.004578,0.058187,,1300,,
0,2,,0.372326,0.017914,0.60976,,1200,,
0,0,,0.651412,0.013848,0.33474,,1300,,
0,0,,0.595411,0.006986,0.397603,,1300,,
0,2,,0.399997,0.046611,0.553393,,1200,,
0,0,,0.733284,0.191214,0.075502,,1100,,
0,0,,0.438074,0.223134,0.338792,,1100,,
0,1,,0.112536,0.722677,0.164787,,1200,,
0,0,,0.693161,0.167229,0.13961,,1200,,
0,1,,0.253609,0.409422,0.336969,,1300,,
0,0,,0.668823,0.016009,0.315168,,1200,,
0,0,,0.981714,0.000528,0.017758,,1200,,
0,0,,0.989498,0.000413,0.010089,,1200,,
0,0,,0.853671,0.015691,0.130638,,1200,,
0,0,,0.597751,0.006608,0.395641,,1200,,
0,1,,0.121672,0.863165,0.015163,,1200,,
0,0,,0.727935,0.012485,0.25958,,1100,,
0,0,,0.747434,0.155925,0.096641,,1100,,
0,0,,0.993569,0.00391,0.002521,,1100,,
0,0,,0.948178,0.002877,0.048944,,1100,,
0,2,,0.303482,0.039103,0.657415,,1200,,
0,0,,0.910898,0.005278,0.083824,,1200,,
0,1,,0.162594,0.711228,0.126178,,1100,,
0,1,,0.097805,0.760574,0.141621,,1200,,
0,1,,0.173447,0.63308,0.193473,,1100,,
0,0,,0.921733,0.002413,0.075854,,1300,,
0,2,,0.234468,0.098641,0.666891,,1200,,
0,0,,0.840873,0.043719,0.115408,,1100,,
0,0,,0.919283,0.001756,0.078961,,1100,,
0,1,,0.180715,0.585551,0.233734,,1200,,
0,2,,0.37739,0.057709,0.5649,,1200,,
0,0,,0.658913,0.278184,0.062903,,1200,,
0,0,,0.852737,0.088483,0.058781,,1200,,
0,2,,0.164167,0.30999,0.525843,,1400,,
0,0,,0.72806,0.113529,0.158411,,1200,,
0,0,,0.974311,0.016906,0.008783,,1200,,
0,0,,0.48413,0.078211,0.437659,,1300,,
0,0,,0.64082,0.007836,0.351344,,1200,,
0,1,,0.079255,0.839242,0.081504,,1200,,
0,1,,0.077108,0.727078,0.195814,,1200,,
0,2,,0.301656,0.1242,0.574143,,1300,,
0,0,,0.729149,0.149241,0.12161,,1200,,
0,2,,0.319494,0.259903,0.420603,,1400,,
0,2,,0.273093,0.222754,0.504153,,1200,,
0,1,,0.180715,0.585551,0.233734,,1200,,
0,1,,0.180715,0.585551,0.233734,,1300,,
0,0,,0.960731,0.008061,0.031208,,1200,,
0,0,,0.992342,0.003305,0.004353,,1100,,
0,2,,0.390164,0.105075,0.504761,,1300,,
0,0,,0.752044,0.01789,0.230066,,1100,,
0,0,,0.788857,0.119716,0.091426,,1100,,
0,1,,0.226614,0.710453,0.062933,,1200,,
0,0,,0.829572,0.115585,0.054843,,1200,,
0,1,,0.076391,0.533722,0.389887,,1300,,
0,2,,0.414163,0.049578,0.53626,,1300,,
0,1,,0.310883,0.416322,0.272796,,1300,,
0,2,,0.417759,0.031869,0.550372,,1300,,
0,0,,0.890906,0.011299,0.097794,,1100,,
0,2,,0.460763,0.070223,0.469014,,1300,,
0,0,,0.898796,0.037787,0.063418,,1300,,
0,2,,0.409711,0.029097,0.561191,,1200,,
0,0,,0.936203,0.045178,0.018619,,1200,,
0,0,,0.929374,0.015796,0.05483,,1300,,
0,0,,0.537943,0.024578,0.43748,,1300,,
0,0,,0.977777,0.000298,0.021925,,1200,,
0,2,,0.114019,0.1308,0.755181,,1300,,
0,1,,0.248016,0.607409,0.144575,,1300,,
0,0,,0.889412,0.038181,0.072407,,1200,,
0,0,,0.934735,0.014482,0.050784,,1200,,
0,1,,0.050266,0.784896,0.164838,,1300,,
0,2,,0.238161,0.156699,0.60514,,1200,,
0,0,,0.844566,0.013591,0.141843,,1200,,
0,0,,0.56587,0.100317,0.333813,,1100,,
0,2,,0.195784,0.042299,0.761917,,1300,,
0,1,,0.023523,0.837687,0.13879,,1300,,
0,0,,0.639013,0.048698,0.312289,,1100,,
0,2,,0.224502,0.335926,0.439572,,1300,,
1,2,,0.27376,0.079195,0.647045,,1200,,
1,1,,0.041641,0.692698,0.265661,,1400,,
1,1,,0.070623,0.771304,0.158073,,1200,,
1,0,,0.485515,0.109604,0.404881,,1300,,
1,1,,0.170471,0.722139,0.107389,,1200,,
1,2,,0.21018,0.198272,0.591547,,1300,,
1,0,,0.736047,0.011909,0.252045,,1200,,
1,2,,0.256736,0.26848,0.474784,,1400,,
1,0,,0.500791,0.068573,0.430636,,1300,,
1,1,,0.086489,0.61503,0.298481,,1300,,
1,1,,0.1009,0.77573,0.12337,,1200,,
1,1,,0.072753,0.493261,0.433986,,1400,,
1,1,,0.293753,0.397788,0.308459,,1200,,
1,1,,0.123344,0.726154,0.150502,,1200,,
1,0,,0.413302,0.22835,0.358348,,1200,,
1,1,,0.086574,0.762997,0.150429,,1300,,
1,2,,0.442295,0.095344,0.462361,,1200,,
1,0,,0.554381,0.052028,0.393591,,1200,,
1,1,,0.07912,0.770493,0.150387,,1300,,
1,2,,0.105151,0.352263,0.542586,,1300,,
1,1,,0.085321,0.669874,0.244805,,1200,,
1,1,,0.227321,0.429663,0.343017,,1300,,
1,1,,0.296459,0.3693,0.334241,,1200,,
1,2,,0.202411,0.347181,0.450408,,1200,,
1,2,,0.303144,0.232979,0.463877,,1300,,
1,0,,0.474955,0.295883,0.229162,,1200,,
1,1,,0.154498,0.470081,0.375421,,1400,,
1,1,,0.029915,0.883676,0.086409,,1300,,
1,2,,0.357097,0.175176,0.467727,,1200,,
1,0,,0.425763,0.285868,0.288369,,1200,,
1,1,,0.131782,0.809799,0.058419,,1200,,
1,2,,0.283701,0.146176,0.570123,,1200,,
1,2,,0.306549,0.059369,0.634082,,1200,,
1,1,,0.070623,0.771304,0.158073,,1200,,
1,2,,0.251866,0.204998,0.543136,,3300,,
1,1,,0.139929,0.620659,0.239412,,1700,,
1,0,,0.456281,0.097877,0.445842,,1700,,
1,1,,0.14444,0.672648,0.182912,,1300,,
1,1,,0.070623,0.771304,0.158073,,1200,,
1,0,,0.475121,0.080124,0.444755,,1200,,
1,1,,0.311676,0.41927,0.269054,,1300,,
1,1,,0.076391,0.533722,0.389887,,1200,,
1,0,,0.475533,0.12666,0.397807,,1100,,
1,2,,0.210375,0.097813,0.691813,,1300,,
1,2,,0.106235,0.427047,0.466718,,1300,,
1,0,,0.413302,0.22835,0.358348,,1300,,
1,1,,0.238296,0.486386,0.275318,,1300,,
1,1,,0.05388,0.735554,0.210566,,1300,,
1,1,,0.367628,0.513266,0.119106,,1200,,
1,1,,0.083155,0.638839,0.278006,,1200,,
1,2,,0.168834,0.166829,0.664337,,1400,,
1,2,,0.123153,0.321432,0.555415,,1300,,
1,1,,0.139788,0.668174,0.192038,,1400,,
1,1,,0.142471,0.621791,0.235738,,1200,,
1,0,,0.880629,0.064328,0.055043,,1200,,
1,1,,0.079458,0.686632,0.23391,,1200,,
1,1,,0.05706,0.797327,0.145613,,1200,,
1,1,,0.058127,0.867886,0.073987,,1200,,
1,1,,0.070164,0.612766,0.317071,,1300,,
1,1,,0.061801,0.820206,0.117994,,1200,,
1,1,,0.089687,0.576814,0.3335,,1200,,
1,1,,0.048622,0.822651,0.128727,,1100,,
1,0,,0.561997,0.095142,0.342861,,1200,,
1,2,,0.290019,0.210275,0.499706,,1300,,
1,1,,0.082813,0.858243,0.058943,,1200,,
1,1,,0.249641,0.429102,0.321257,,1400,,
1,1,,0.170131,0.743434,0.086434,,1200,,
2,2,,0.373608,0.086281,0.540111,,1200,,
2,0,,0.602284,0.022572,0.375144,,1100,,
2,2,,0.270878,0.283531,0.445591,,1300,,
2,0,,0.641276,0.005352,0.353372,,1200,,
2,2,,0.266345,0.043087,0.690567,,1200,,
2,2,,0.403742,0.153971,0.442287,,1300,,
2,2,,0.30138,0.055547,0.643073,,1200,,
2,0,,0.723093,0.002979,0.273928,,1100,,
2,2,,0.263699,0.070181,0.66612,,1200,,
2,1,,0.043699,0.732673,0.223628,,1400,,
2,1,,0.093336,0.640843,0.265821,,1500,,
2,1,,0.055422,0.836289,0.108289,,1200,,
2,0,,0.709758,0.002771,0.28747,,1200,,
2,2,,0.215279,0.376697,0.408025,,1300,,
2,1,,0.227321,0.429663,0.343017,,1200,,
2,0,,0.552347,0.09871,0.348943,,1300,,
2,2,,0.433571,0.033508,0.532922,,1200,,
2,0,,0.823587,0.003816,0.172597,,1200,,
2,0,,0.574042,0.042372,0.383586,,1100,,
2,0,,0.526675,0.17002,0.303305,,1200,,
2,0,,0.560564,0.037071,0.402364,,1200,,
2,0,,0.607714,0.069312,0.322973,,1200,,
2,2,,0.442678,0.032202,0.525119,,1300,,
2,0,,0.640741,0.023106,0.336153,,1100,,
2,1,,0.373584,0.517256,0.10916,,1200,,
2,1,,0.079626,0.520389,0.399984,,1400,,
2,0,,0.401115,0.316595,0.28229,,1300,,
2,0,,0.538158,0.291611,0.170232,,1200,,
2,2,,0.392884,0.05982,0.547296,,1200,,
2,2,,0.438485,0.027358,0.534157,,1200,,
2,1,,0.151948,0.453261,0.394792,,1400,,
2,0,,0.401462,0.328639,0.269899,,1100,,
2,2,,0.291618,0.037351,0.671031,,1200,,
2,0,,0.548837,0.034811,0.416352,,1200,,
2,2,,0.239636,0.038284,0.72208,,1200,,
2,1,,0.132816,0.668251,0.198933,,1200,,
2,1,,0.047794,0.792881,0.159326,,1200,,
2,1,,0.120112,0.47581,0.404078,,1300,,
2,0,,0.567583,0.284486,0.147931,,1200,,
2,2,,0.141484,0.408663,0.449853,,1500,,
2,1,,0.21137,0.755915,0.032715,,1200,,
2,2,,0.245177,0.255059,0.499764,,1300,,
2,1,,0.1984,0.571266,0.230334,,1300,,
2,2,,0.418595,0.109607,0.471798,,1300,,
2,0,,0.458899,0.091663,0.449438,,1200,,
2,2,,0.161779,0.097089,0.741132,,1200,,
2,2,,0.320695,0.228717,0.450588,,1300,,
2,2,,0.245598,0.145981,0.608421,,1200,,
2,2,,0.353351,0.149804,0.496845,,1300,,
2,0,,0.642112,0.088682,0.269206,,1200,,
2,2,,0.074858,0.334373,0.590769,,1200,,
2,0,,0.504829,0.136747,0.358424,,1300,,
2,0,,0.675615,0.01205,0.312335,,1300,,
2,0,,0.669031,0.025168,0.305801,,1200,,
2,1,,0.252716,0.439923,0.307361,,1200,,
2,2,,0.214557,0.040016,0.745426,,1200,,
2,1,,0.144939,0.494401,0.36066,,1300,,
2,2,,0.321697,0.190536,0.487767,,1200,,
2,2,,0.204965,0.165807,0.629228,,1200,,
2,0,,0.814074,0.00437,0.181556,,1200,,
2,1,,0.099097,0.678537,0.222366,,1200,,
2,2,,0.35525,0.041832,0.602918,,1300,,
2,1,,0.151061,0.501294,0.347645,,1300,,
2,2,,0.302106,0.325083,0.372811,,1300,,
2,1,,0.086574,0.762997,0.150429,,1200,,
2,0,,0.481141,0.121854,0.397005,,1200,,
2,2,,0.196501,0.142129,0.661371,,1300,,
2,1,,0.057703,0.79606,0.146237,,1200,,
2,1,,0.09393,0.520839,0.385232,,1300,,
2,1,,0.131023,0.679258,0.18972,,1200,,
2,2,,0.347844,0.110318,0.541838,,1200,,
2,0,,0.627694,0.095589,0.276717,,1200,,
2,0,,0.664118,0.037689,0.298193,,1200,,
2,0,,0.623662,0.008261,0.368077,,1200,,
2,0,,0.790296,0.006229,0.203475,,1200,,
2,0,,0.491493,0.157737,0.35077,,1300,,
2,0,,0.64417,0.187677,0.168153,,1200,,
2,1,,0.105771,0.788539,0.10569,,1200,,
2,1,,0.167933,0.589943,0.242124,,1300,,
2,2,,0.317765,0.178183,0.504052,,1300,,
2,2,,0.35317,0.2495,0.39733,,1200,,
2,1,,0.310263,0.407839,0.281898,,1300,,
2,2,,0.210346,0.23744,0.552213,,1300,,
2,1,,0.056,0.715568,0.228432,,1200,,
2,2,,0.346652,0.083468,0.56988,,1200,,
2,2,,0.390906,0.135783,0.473311,,1300,,
2,0,,0.463286,0.125929,0.410784,,1200,,
2,1,,0.251066,0.435806,0.313129,,1400,,
2,2,,0.39342,0.04552,0.56106,,1200,,
2,2,,0.346825,0.171749,0.481426,,1200,,
2,1,,0.330727,0.586418,0.082855,,1200,,
2,2,,0.198058,0.325257,0.476685,,1400,,
2,1,,0.214055,0.469137,0.316807,,1300,,
2,2,,0.200911,0.181986,0.617103,,1200,,
2,1,,0.184074,0.445065,0.370862,,1400,,
2,2,,0.197126,0.355168,0.447705,,1300,,
2,2,,0.383911,0.045218,0.570871,,1300,,
2,2,,0.341959,0.027875,0.630166,,1300,,
2,0,,0.432792,0.184726,0.382482,,1300,,
2,0,,0.690692,0.016749,0.292559,,1200,,
2,1,,0.023967,0.884874,0.091158,,1300,,
2,1,,0.251066,0.435806,0.313129,,1400,,
2,0,,0.477119,0.092192,0.430689,,1200,,