optical,CWE,test,3,NANOSECONDS,PREDICTIONS, Generated by ClassifierExperiments.java on 2022-05-16 22:44:53.    SYSTEMPROPERTIES:{user.name:matth,os.arch:amd64,os.name:Windows 10},ENDSYSTEMPROPERTIES
No parameter info
0.8901682905225864,2492052200,2307451000,-1,96273408,10,,-1,-1
0,0,,0.394253,0.05094,0.012321,0.024829,0.151534,0.029987,0.131666,0.057657,0.065394,0.081419,,2177800,,
0,4,,0.140269,0.097297,0.063095,0.025756,0.207799,0.028875,0.167498,0.046423,0.19634,0.026648,,1896800,,
0,0,,0.402425,0.018444,0.019875,0.028422,0.131394,0.031172,0.219823,0.065738,0.039606,0.0431,,2056100,,
0,0,,0.457862,0.016402,0.012542,0.026061,0.142999,0.025898,0.162386,0.062807,0.044702,0.04834,,1902600,,
0,0,,0.420715,0.01807,0.015721,0.026942,0.152111,0.061974,0.133313,0.074238,0.045329,0.051588,,1940300,,
0,0,,0.454595,0.015498,0.011779,0.023784,0.136587,0.050285,0.129837,0.063218,0.066242,0.048175,,1916400,,
0,0,,0.466524,0.022789,0.009324,0.021516,0.154396,0.049262,0.13049,0.060205,0.040645,0.04485,,1924800,,
0,0,,0.384775,0.018601,0.014478,0.030944,0.140574,0.024088,0.229187,0.063323,0.040365,0.053667,,2057000,,
0,0,,0.41105,0.018832,0.022272,0.034056,0.14214,0.061075,0.125614,0.062101,0.061129,0.06173,,1874600,,
0,0,,0.47173,0.01363,0.01066,0.02159,0.151749,0.050599,0.129837,0.061913,0.043587,0.044705,,1889100,,
0,0,,0.415239,0.021161,0.029446,0.029771,0.137458,0.027548,0.150388,0.069379,0.065978,0.053631,,1898100,,
0,0,,0.41893,0.019706,0.008777,0.016928,0.164748,0.039184,0.132529,0.122862,0.050227,0.026107,,1983600,,
0,0,,0.33945,0.070727,0.05923,0.033842,0.097646,0.029432,0.128861,0.058059,0.145987,0.036765,,1870700,,
0,0,,0.480659,0.013402,0.011133,0.021738,0.148467,0.037895,0.13489,0.055608,0.041136,0.055072,,1899500,,
0,0,,0.315117,0.017279,0.011837,0.018655,0.243992,0.019474,0.205985,0.104394,0.036142,0.027125,,1941700,,
0,0,,0.427896,0.023101,0.011634,0.02626,0.137308,0.027653,0.177085,0.057541,0.050121,0.061401,,1921500,,
0,0,,0.391799,0.040315,0.023044,0.024468,0.123101,0.034004,0.166647,0.057445,0.071385,0.067791,,2013500,,
0,0,,0.417637,0.023793,0.025322,0.03586,0.124802,0.052726,0.123163,0.072698,0.062681,0.061317,,1922800,,
0,0,,0.462921,0.016153,0.020674,0.022723,0.146581,0.049547,0.127054,0.062945,0.04582,0.045583,,1878000,,
0,0,,0.45085,0.013302,0.030998,0.022205,0.137389,0.064889,0.138276,0.057477,0.041216,0.043397,,1874700,,
0,0,,0.467904,0.015977,0.011794,0.026093,0.136764,0.048585,0.134309,0.063218,0.046612,0.048744,,2195700,,
0,0,,0.347469,0.046711,0.058878,0.029927,0.114765,0.053332,0.122463,0.062044,0.112461,0.05195,,2246300,,
0,0,,0.461474,0.013591,0.017187,0.032951,0.143243,0.0355,0.126847,0.058916,0.034649,0.075642,,2220200,,
0,0,,0.47006,0.015598,0.011914,0.023984,0.131198,0.054582,0.127117,0.059878,0.046119,0.059549,,2227100,,
0,0,,0.487195,0.01373,0.010795,0.02179,0.146361,0.034896,0.127117,0.058572,0.043464,0.056079,,2372500,,
0,0,,0.421401,0.017201,0.026455,0.043205,0.14335,0.054925,0.127213,0.059831,0.060307,0.046112,,2284800,,
0,0,,0.427904,0.022643,0.011794,0.026093,0.136764,0.048585,0.154309,0.063218,0.058834,0.049856,,2225200,,
0,0,,0.428414,0.015588,0.014181,0.028691,0.128663,0.055989,0.126921,0.059302,0.067155,0.075096,,2312800,,
0,0,,0.447123,0.038754,0.011275,0.024237,0.147448,0.02958,0.140937,0.062967,0.049261,0.048416,,2228600,,
0,0,,0.420675,0.020676,0.01066,0.02212,0.153457,0.034988,0.149867,0.065559,0.075014,0.046983,,2257000,,
0,0,,0.468023,0.022611,0.011901,0.028488,0.130782,0.030878,0.12819,0.065624,0.058898,0.054605,,2292500,,
0,0,,0.440659,0.013402,0.011133,0.021738,0.168467,0.037895,0.13489,0.055608,0.061136,0.055072,,2284300,,
0,0,,0.43697,0.023793,0.02673,0.03586,0.121987,0.05406,0.123163,0.063809,0.072311,0.041317,,2225500,,
0,0,,0.379652,0.018417,0.029878,0.059139,0.124401,0.069142,0.125398,0.060801,0.038486,0.094686,,2247300,,
0,0,,0.438467,0.01921,0.012608,0.024025,0.145499,0.034798,0.137217,0.061445,0.067081,0.059651,,2258400,,
0,0,,0.467268,0.024656,0.010804,0.023783,0.159521,0.027961,0.130349,0.061511,0.04525,0.048896,,2206100,,
0,0,,0.445194,0.013302,0.010998,0.021538,0.153856,0.073598,0.13761,0.058948,0.041259,0.043698,,2344200,,
0,0,,0.45173,0.01363,0.01066,0.02159,0.151749,0.070599,0.129837,0.061913,0.043587,0.044705,,2256200,,
0,0,,0.398928,0.037192,0.025535,0.023865,0.14202,0.033648,0.161906,0.068919,0.067042,0.040945,,2209800,,
0,0,,0.4119,0.019129,0.024319,0.072213,0.127045,0.030864,0.125613,0.062932,0.064794,0.06119,,2241300,,
0,0,,0.417057,0.016277,0.012658,0.028766,0.172954,0.03196,0.149127,0.061908,0.044476,0.064817,,2220800,,
0,0,,0.45085,0.013302,0.010998,0.022205,0.137389,0.084889,0.138276,0.057477,0.041216,0.043397,,1915400,,
0,0,,0.440905,0.018912,0.022958,0.0419,0.127813,0.054577,0.127065,0.062791,0.038462,0.064618,,1896800,,
0,0,,0.464593,0.015909,0.010389,0.026019,0.136174,0.047029,0.151868,0.061292,0.037981,0.048744,,1899800,,
0,0,,0.322119,0.036794,0.022986,0.038512,0.173046,0.02646,0.146869,0.099045,0.069557,0.064612,,2178700,,
0,0,,0.407067,0.026394,0.027426,0.053149,0.139949,0.045122,0.111129,0.069845,0.033491,0.086428,,1913800,,
0,0,,0.458551,0.019557,0.012233,0.028456,0.144794,0.032081,0.13843,0.067191,0.045687,0.05302,,1933000,,
0,0,,0.437364,0.016654,0.015068,0.022785,0.137114,0.052188,0.127187,0.072887,0.047707,0.071047,,1986500,,
0,0,,0.411315,0.022703,0.032737,0.026948,0.142256,0.024731,0.172811,0.062574,0.061013,0.042913,,1886600,,
0,0,,0.467908,0.01802,0.021432,0.024843,0.131131,0.050219,0.127195,0.064251,0.046525,0.048478,,1993000,,
0,0,,0.322426,0.021416,0.02785,0.040436,0.200327,0.086596,0.12346,0.068826,0.024999,0.083664,,1936900,,
0,0,,0.454342,0.016128,0.010714,0.02485,0.158372,0.047859,0.128446,0.067139,0.044194,0.047957,,1888800,,
0,0,,0.320473,0.060678,0.054318,0.026202,0.131014,0.043764,0.130005,0.056973,0.123569,0.053005,,1918900,,
0,0,,0.417606,0.024207,0.027904,0.024141,0.124646,0.058461,0.123233,0.067707,0.064709,0.067386,,2026800,,
0,0,,0.424556,0.021083,0.028824,0.029694,0.128322,0.050613,0.126998,0.069689,0.06635,0.053872,,1919300,,
0,0,,0.454595,0.015498,0.011779,0.023784,0.136587,0.050285,0.129837,0.063218,0.066242,0.048175,,1878600,,
0,0,,0.311301,0.042325,0.060754,0.021853,0.118973,0.138314,0.167191,0.043272,0.062314,0.033703,,1871100,,
0,0,,0.47006,0.015598,0.011914,0.023984,0.131198,0.054582,0.127117,0.059878,0.046119,0.059549,,1987900,,
0,0,,0.425339,0.04481,0.020249,0.027564,0.12787,0.047598,0.132667,0.062432,0.061174,0.050298,,1887500,,
0,0,,0.318809,0.057443,0.034509,0.062577,0.110652,0.031482,0.106423,0.131404,0.070651,0.076049,,1896400,,
0,0,,0.438881,0.030174,0.012761,0.02682,0.141813,0.033515,0.142036,0.061334,0.05245,0.060215,,1929500,,
0,0,,0.361643,0.038485,0.007905,0.020301,0.219078,0.039601,0.138036,0.085204,0.060525,0.029222,,2063500,,
0,0,,0.394028,0.024918,0.032603,0.065789,0.132758,0.060279,0.133215,0.06079,0.044145,0.051474,,1914400,,
0,0,,0.410514,0.014651,0.020789,0.03155,0.149091,0.057003,0.126994,0.06986,0.052347,0.067201,,1928000,,
0,0,,0.426494,0.016161,0.014821,0.040912,0.128751,0.051124,0.126921,0.064506,0.04702,0.083291,,1920700,,
0,0,,0.443535,0.030043,0.012733,0.029015,0.141219,0.031511,0.138637,0.06708,0.052637,0.05359,,1898300,,
0,0,,0.445549,0.01372,0.013062,0.026498,0.143826,0.036303,0.126921,0.057996,0.0645,0.071625,,2005900,,
0,0,,0.367183,0.033767,0.04532,0.031579,0.121962,0.063958,0.135916,0.058155,0.065983,0.076177,,1932300,,
0,0,,0.446633,0.015657,0.014387,0.044239,0.128389,0.054208,0.126989,0.058617,0.044553,0.066329,,1983700,,
0,0,,0.395963,0.013956,0.019531,0.020403,0.174121,0.063375,0.135313,0.057984,0.058932,0.060422,,1897700,,
0,0,,0.419043,0.030015,0.012598,0.028804,0.139852,0.051929,0.150624,0.063672,0.050807,0.052655,,2004100,,
0,0,,0.279855,0.071492,0.087598,0.055056,0.082034,0.089867,0.103185,0.046601,0.144309,0.040003,,1894000,,
0,0,,0.451686,0.019478,0.011901,0.028488,0.138505,0.054447,0.128629,0.067537,0.046031,0.053297,,2115700,,
0,0,,0.454595,0.022165,0.011779,0.023784,0.136587,0.050285,0.129837,0.063218,0.058465,0.049286,,1867700,,
0,0,,0.434088,0.013848,0.011255,0.026442,0.142662,0.078489,0.133243,0.058014,0.041569,0.060391,,1957300,,
0,0,,0.455944,0.01901,0.023446,0.037597,0.127984,0.032474,0.131319,0.066236,0.036462,0.069529,,1891900,,
0,0,,0.440059,0.016009,0.010524,0.026219,0.130786,0.051326,0.169149,0.057952,0.037858,0.060119,,1895400,,
0,0,,0.426191,0.015588,0.014181,0.028691,0.130886,0.055989,0.126921,0.059302,0.067155,0.075096,,1944900,,
0,0,,0.288391,0.05331,0.074179,0.023194,0.115476,0.08779,0.142142,0.052667,0.107251,0.055601,,1983200,,
0,0,,0.438622,0.013749,0.011119,0.026242,0.16805,0.054192,0.135962,0.061354,0.041692,0.049017,,2142000,,
0,0,,0.40473,0.021253,0.014359,0.041128,0.159065,0.030666,0.171831,0.062708,0.046176,0.048084,,1917400,,
0,0,,0.429017,0.016395,0.011313,0.045281,0.157891,0.030272,0.157687,0.073362,0.034736,0.044046,,1857700,,
0,0,,0.429376,0.019415,0.014052,0.034265,0.136981,0.048853,0.12031,0.082559,0.044091,0.070098,,1866500,,
0,0,,0.458431,0.019589,0.012126,0.026061,0.150777,0.029787,0.144549,0.064786,0.045623,0.048271,,2009400,,
0,0,,0.456722,0.015168,0.014486,0.027156,0.129875,0.033129,0.176454,0.054842,0.03558,0.056587,,1906500,,
0,0,,0.414075,0.037651,0.019407,0.023556,0.142732,0.029313,0.160556,0.057153,0.073303,0.042253,,1901800,,
0,0,,0.373568,0.030508,0.007789,0.021317,0.22555,0.042236,0.129625,0.081871,0.051105,0.036433,,1882300,,
0,0,,0.41628,0.013781,0.011012,0.023847,0.176255,0.051899,0.162082,0.058948,0.041628,0.044268,,1959200,,
0,0,,0.46811,0.016584,0.015136,0.024485,0.131131,0.055451,0.127187,0.06009,0.048012,0.053814,,1897700,,
0,0,,0.273326,0.066281,0.064238,0.036147,0.133853,0.040879,0.15156,0.071107,0.129495,0.033114,,1929000,,
0,0,,0.341586,0.036483,0.042509,0.067415,0.12116,0.078547,0.1082,0.086307,0.04231,0.075483,,1912900,,
0,0,,0.437617,0.019086,0.03183,0.033953,0.142901,0.030125,0.126924,0.069303,0.053843,0.054418,,2091400,,
0,0,,0.449623,0.022111,0.02214,0.027193,0.145609,0.028735,0.141766,0.065818,0.047856,0.049149,,1897100,,
0,0,,0.476969,0.016323,0.011901,0.029018,0.132489,0.035268,0.12822,0.069271,0.04588,0.054661,,1919300,,
0,0,,0.374269,0.023772,0.036767,0.047131,0.120101,0.074412,0.121728,0.067406,0.05786,0.076554,,1884400,,
0,0,,0.453328,0.016502,0.012678,0.026261,0.137611,0.030195,0.159666,0.059466,0.044579,0.059715,,1950200,,
0,0,,0.255092,0.075475,0.014288,0.03563,0.176143,0.044431,0.121992,0.139016,0.051073,0.086859,,1870900,,
0,0,,0.467838,0.015598,0.011914,0.023984,0.133421,0.034582,0.127117,0.059878,0.066119,0.059549,,1885800,,
0,0,,0.4215,0.015767,0.010821,0.028055,0.13493,0.044116,0.200687,0.061732,0.043581,0.038811,,1858000,,
0,0,,0.4493,0.021161,0.029517,0.029735,0.134898,0.02726,0.136658,0.069343,0.047956,0.05417,,2074400,,
0,0,,0.377794,0.022382,0.011215,0.023885,0.168198,0.027075,0.188636,0.085928,0.063737,0.03115,,2370300,,
0,0,,0.410278,0.023469,0.011916,0.031328,0.152666,0.033568,0.152692,0.069271,0.058472,0.056341,,2233300,,
0,0,,0.382067,0.013424,0.011179,0.026107,0.192398,0.053261,0.147809,0.07056,0.041846,0.061347,,2211100,,
0,0,,0.431865,0.013848,0.011255,0.026442,0.144884,0.058489,0.133243,0.058014,0.061569,0.060391,,2298500,,
0,0,,0.462189,0.018846,0.022224,0.027226,0.131542,0.027213,0.149801,0.064185,0.047278,0.049496,,2213800,,
0,0,,0.458467,0.01921,0.012608,0.024025,0.145499,0.034798,0.137217,0.061445,0.047081,0.059651,,2217200,,
0,0,,0.402281,0.017198,0.020838,0.039279,0.145928,0.040321,0.174951,0.052356,0.034456,0.072391,,2227600,,
0,0,,0.400003,0.024562,0.015189,0.04743,0.124228,0.070512,0.123569,0.068711,0.063806,0.06199,,2017200,,
0,0,,0.374428,0.059225,0.02058,0.031782,0.124859,0.027237,0.205854,0.064665,0.037131,0.054239,,1900700,,
0,0,,0.459095,0.018499,0.021807,0.027226,0.131596,0.047533,0.131526,0.064251,0.048844,0.049623,,1954400,,
0,0,,0.348562,0.025558,0.018628,0.03672,0.141836,0.03312,0.263904,0.054534,0.036945,0.040192,,1918300,,
1,1,,0.035168,0.329857,0.090842,0.089947,0.074145,0.096116,0.041162,0.0716,0.078897,0.092265,,1972300,,
1,1,,0.028482,0.30647,0.095203,0.085716,0.086344,0.109501,0.055241,0.080049,0.058604,0.094391,,1892900,,
1,1,,0.026149,0.296161,0.092461,0.100179,0.06152,0.09195,0.036352,0.069392,0.106784,0.119052,,1963500,,
1,1,,0.018091,0.30941,0.137931,0.088741,0.062118,0.120451,0.047246,0.065906,0.059526,0.090582,,1906000,,
1,9,,0.091941,0.159855,0.050349,0.123585,0.050503,0.10258,0.038393,0.072807,0.04699,0.262997,,1916700,,
1,1,,0.033033,0.315486,0.083581,0.105596,0.048245,0.092355,0.036732,0.072719,0.1014,0.110854,,1984200,,
1,1,,0.035803,0.356417,0.098287,0.046658,0.068907,0.030368,0.091819,0.038478,0.21414,0.019123,,1905900,,
1,1,,0.030066,0.306509,0.117885,0.052269,0.107021,0.057675,0.111007,0.034525,0.161871,0.021171,,1915900,,
1,1,,0.066552,0.276335,0.071198,0.048083,0.10868,0.042938,0.060299,0.105297,0.195357,0.025261,,1885900,,
1,1,,0.022609,0.279157,0.122559,0.094661,0.074525,0.099196,0.040444,0.070466,0.076591,0.119793,,1946500,,
1,1,,0.00679,0.25959,0.152206,0.128381,0.04119,0.123306,0.062474,0.082803,0.058405,0.084854,,2208400,,
1,1,,0.006796,0.212793,0.130011,0.109037,0.075183,0.147195,0.120598,0.061586,0.052777,0.084024,,1898400,,
1,1,,0.055634,0.280993,0.109416,0.081659,0.055796,0.057021,0.077965,0.053361,0.183145,0.045011,,2142500,,
1,1,,0.022339,0.240613,0.135348,0.018836,0.127038,0.055252,0.180917,0.033151,0.17485,0.011657,,1918400,,
1,1,,0.041145,0.211313,0.104892,0.14029,0.059289,0.0683,0.041934,0.120843,0.129994,0.082,,1963400,,
1,1,,0.00579,0.255141,0.157686,0.123952,0.080256,0.102853,0.061474,0.080932,0.051555,0.080361,,1865100,,
1,1,,0.049403,0.301367,0.071039,0.107771,0.054413,0.086804,0.045009,0.077293,0.089742,0.117159,,1894800,,
1,9,,0.01559,0.149697,0.136801,0.107672,0.042418,0.11048,0.027963,0.127141,0.097098,0.18514,,1932600,,
1,1,,0.05491,0.291438,0.108585,0.060955,0.079582,0.072803,0.108557,0.039126,0.156315,0.027729,,1875300,,
1,1,,0.01851,0.329203,0.08743,0.08949,0.059723,0.132452,0.090528,0.056974,0.054337,0.081354,,1993100,,
1,1,,0.051533,0.30744,0.085809,0.068918,0.063369,0.050723,0.078334,0.059186,0.196001,0.038688,,1929800,,
1,1,,0.067062,0.262825,0.077655,0.032162,0.083884,0.043556,0.078867,0.094015,0.233115,0.026859,,1893900,,
1,1,,0.009791,0.253301,0.176102,0.138857,0.043514,0.095591,0.041396,0.096433,0.068551,0.076462,,1878500,,
1,1,,0.040139,0.248903,0.103722,0.116033,0.05275,0.087021,0.043493,0.102152,0.102351,0.103435,,1866500,,
1,1,,0.043846,0.279579,0.107752,0.061685,0.08961,0.063335,0.09398,0.059596,0.175507,0.02511,,2064700,,
1,1,,0.024568,0.304349,0.101091,0.101961,0.068877,0.112821,0.045441,0.073168,0.064877,0.102847,,1927600,,
1,0,,0.189173,0.177495,0.025334,0.071401,0.136124,0.034717,0.108721,0.075606,0.093261,0.088168,,1913000,,
1,1,,0.026909,0.206925,0.117904,0.170547,0.038337,0.086511,0.035627,0.082903,0.09732,0.137015,,1948500,,
1,1,,0.055961,0.294948,0.123161,0.051297,0.059596,0.058463,0.085751,0.046978,0.204893,0.018952,,2203300,,
1,1,,0.050183,0.314489,0.075283,0.038072,0.1021,0.023754,0.094084,0.065471,0.212516,0.024048,,2266400,,
1,1,,0.100895,0.207876,0.04828,0.123598,0.069375,0.100861,0.052085,0.086557,0.045223,0.165251,,2248000,,
1,1,,0.007353,0.267592,0.101917,0.094524,0.114531,0.119265,0.085306,0.067494,0.051479,0.090537,,2217900,,
1,1,,0.035377,0.256469,0.092721,0.098246,0.105536,0.090279,0.038412,0.077015,0.084601,0.121345,,2299000,,
1,1,,0.052859,0.25187,0.060166,0.119657,0.05485,0.092866,0.039683,0.07263,0.076908,0.178511,,2240400,,
1,1,,0.007569,0.31304,0.136837,0.088836,0.043845,0.122853,0.042597,0.064081,0.064218,0.116125,,2240600,,
1,1,,0.006934,0.225048,0.105031,0.093975,0.094848,0.127091,0.1537,0.057175,0.054251,0.081948,,2167900,,
1,1,,0.02149,0.202512,0.140844,0.133861,0.042613,0.083476,0.03458,0.141375,0.081391,0.117857,,1914000,,
1,1,,0.046744,0.252393,0.119234,0.016703,0.109983,0.075433,0.207516,0.033475,0.129091,0.009428,,1963300,,
1,1,,0.038786,0.321354,0.089804,0.093848,0.05137,0.108335,0.036555,0.075723,0.086668,0.097558,,1973100,,
1,1,,0.007136,0.187296,0.182599,0.136246,0.099197,0.109016,0.051423,0.060177,0.053505,0.113405,,2118400,,
1,1,,0.044249,0.310856,0.080323,0.095707,0.077953,0.088638,0.046903,0.068911,0.086369,0.100091,,1942400,,
1,2,,0.00686,0.118049,0.267652,0.091053,0.078066,0.148388,0.083652,0.055775,0.054908,0.095596,,1951500,,
1,1,,0.013196,0.295628,0.147888,0.068607,0.06889,0.05835,0.110752,0.075126,0.132776,0.028788,,2386100,,
1,1,,0.034867,0.264879,0.134153,0.058188,0.074976,0.078439,0.127771,0.049402,0.147816,0.02951,,2028700,,
1,1,,0.033033,0.305009,0.083581,0.105596,0.051102,0.092355,0.036732,0.074624,0.0814,0.136568,,1908400,,
1,1,,0.04381,0.197425,0.114743,0.157801,0.052298,0.08933,0.042744,0.101617,0.079188,0.121044,,1964400,,
1,1,,0.007366,0.302287,0.155586,0.113002,0.05286,0.09267,0.042487,0.095908,0.068998,0.068835,,1903500,,
1,1,,0.044337,0.281299,0.109057,0.086447,0.075317,0.095983,0.076769,0.063031,0.130439,0.037321,,1947600,,
1,1,,0.060107,0.321915,0.089787,0.052802,0.073403,0.02213,0.060231,0.078397,0.211124,0.030104,,1881300,,
1,1,,0.021643,0.233038,0.115141,0.153688,0.038519,0.089846,0.040462,0.111428,0.092403,0.103833,,1982800,,
1,1,,0.04657,0.278748,0.140298,0.020545,0.105731,0.058264,0.106432,0.045155,0.186513,0.011745,,1932500,,
1,1,,0.008111,0.199281,0.195807,0.101935,0.076877,0.123025,0.070402,0.056612,0.052233,0.115716,,1938100,,
1,1,,0.00579,0.255141,0.157686,0.123952,0.040256,0.102853,0.061474,0.120932,0.051555,0.080361,,1882900,,
1,1,,0.056215,0.323014,0.078342,0.027116,0.081356,0.023556,0.060458,0.062144,0.242772,0.045026,,1998000,,
1,1,,0.00682,0.208617,0.138501,0.169292,0.059993,0.130981,0.055272,0.061057,0.057432,0.112036,,1907600,,
1,1,,0.073572,0.300416,0.075149,0.054644,0.071875,0.039297,0.089962,0.056594,0.213013,0.025479,,1887600,,
1,1,,0.026275,0.257082,0.1365,0.020276,0.107304,0.049111,0.166143,0.033974,0.192479,0.010856,,1896800,,
1,1,,0.079681,0.209266,0.059765,0.110453,0.076007,0.090949,0.036099,0.074605,0.074095,0.189079,,2017500,,
1,1,,0.033859,0.304556,0.112289,0.090978,0.047477,0.055081,0.056243,0.089287,0.137212,0.073018,,1910400,,
1,1,,0.007682,0.181216,0.155107,0.101002,0.057955,0.158457,0.081179,0.058218,0.047821,0.151363,,2031300,,
1,1,,0.077025,0.253117,0.098695,0.042213,0.074942,0.019975,0.088972,0.108115,0.210933,0.026013,,1910400,,
1,1,,0.03311,0.288926,0.092641,0.103978,0.067948,0.09182,0.036217,0.076863,0.078978,0.129519,,1960600,,
1,1,,0.069606,0.307214,0.094312,0.025703,0.070634,0.061271,0.088038,0.067097,0.195981,0.020145,,1968700,,
1,1,,0.037936,0.294253,0.082884,0.098792,0.055015,0.088404,0.046842,0.089762,0.100268,0.105843,,1889400,,
1,1,,0.044249,0.31313,0.07973,0.093184,0.060723,0.107601,0.047771,0.070148,0.085231,0.098234,,1957400,,
1,1,,0.072835,0.297815,0.10026,0.031404,0.064602,0.042892,0.068086,0.058486,0.236407,0.027213,,1968200,,
1,1,,0.007476,0.265712,0.131695,0.109537,0.048458,0.098791,0.091332,0.089563,0.084615,0.072821,,1884500,,
1,2,,0.006201,0.181174,0.215731,0.140811,0.04204,0.108419,0.046758,0.114165,0.064498,0.080203,,1907100,,
1,1,,0.043386,0.279161,0.144199,0.055784,0.062203,0.085062,0.095644,0.06579,0.143112,0.025658,,1998600,,
1,3,,0.087589,0.124732,0.111178,0.182855,0.040906,0.093552,0.038829,0.078207,0.077395,0.164759,,1893900,,
1,1,,0.042903,0.315678,0.112436,0.037955,0.108346,0.051194,0.134669,0.038237,0.147867,0.010713,,1935400,,
1,1,,0.038842,0.316713,0.080013,0.09294,0.082792,0.088854,0.04147,0.073224,0.087099,0.098055,,1877300,,
1,1,,0.044377,0.17085,0.097499,0.15518,0.049509,0.076294,0.038385,0.130943,0.090464,0.146499,,2013500,,
1,1,,0.088116,0.209319,0.058894,0.107729,0.081371,0.086669,0.043441,0.103124,0.054862,0.166474,,1896800,,
1,1,,0.026945,0.267732,0.103061,0.111073,0.041202,0.090411,0.035637,0.073028,0.103624,0.147288,,1910300,,
1,1,,0.061833,0.314798,0.078755,0.027259,0.076574,0.019818,0.084541,0.071648,0.238931,0.025842,,1963600,,
1,1,,0.073643,0.310258,0.077702,0.035844,0.071486,0.039793,0.089885,0.056807,0.217342,0.027241,,1901800,,
1,9,,0.083935,0.162093,0.053226,0.152065,0.04956,0.092969,0.038164,0.077014,0.038669,0.252305,,1960800,,
1,1,,0.057036,0.225548,0.083151,0.106334,0.073581,0.09357,0.037632,0.10129,0.082714,0.139144,,1873800,,
1,1,,0.028613,0.29257,0.093823,0.088194,0.125144,0.099961,0.057329,0.065428,0.061061,0.087876,,1877100,,
1,1,,0.013234,0.246086,0.152198,0.07663,0.098011,0.086323,0.11158,0.060928,0.104835,0.050175,,1889400,,
1,1,,0.018013,0.285985,0.137126,0.089223,0.045132,0.120943,0.04432,0.065705,0.064677,0.128874,,1863500,,
1,1,,0.017514,0.253459,0.162975,0.145373,0.039382,0.101224,0.067115,0.079124,0.053567,0.080265,,1961500,,
1,1,,0.082842,0.28149,0.08666,0.067771,0.06322,0.02969,0.109181,0.058172,0.164747,0.056227,,1968500,,
1,1,,0.058955,0.272769,0.114153,0.097664,0.052762,0.035068,0.076499,0.059973,0.184923,0.047234,,1874900,,
1,2,,0.007656,0.143195,0.185947,0.155621,0.079543,0.132591,0.06085,0.06638,0.05806,0.110155,,1886200,,
1,1,,0.055789,0.297944,0.11349,0.078869,0.062774,0.033911,0.09925,0.046998,0.19082,0.020154,,1877800,,
1,1,,0.026383,0.24612,0.123537,0.02921,0.103276,0.079343,0.161154,0.035328,0.183728,0.011922,,2081200,,
1,1,,0.05503,0.296175,0.116694,0.042534,0.077645,0.049155,0.126721,0.054006,0.167154,0.014886,,1917900,,
1,1,,0.060989,0.232286,0.086657,0.122974,0.066745,0.079542,0.042251,0.128742,0.08486,0.094953,,1894100,,
1,1,,0.071971,0.284038,0.087747,0.068206,0.073057,0.031215,0.107678,0.04614,0.190721,0.039226,,1929200,,
1,1,,0.060483,0.280692,0.107881,0.039317,0.059149,0.020985,0.080936,0.07685,0.242482,0.031225,,2297100,,
1,1,,0.055566,0.305465,0.108253,0.046901,0.072149,0.038554,0.110073,0.043524,0.200301,0.019212,,2229300,,
1,1,,0.027732,0.28511,0.092098,0.10325,0.078573,0.118006,0.049943,0.07189,0.060219,0.11318,,2258300,,
1,1,,0.067195,0.271507,0.091526,0.036721,0.060911,0.045172,0.111783,0.057787,0.229376,0.028023,,2541800,,
1,1,,0.060263,0.300213,0.11395,0.038676,0.099033,0.046165,0.130673,0.041058,0.159035,0.010933,,3609800,,
1,1,,0.079321,0.220283,0.048056,0.127484,0.075473,0.094874,0.041253,0.074419,0.061388,0.177451,,3679000,,
1,1,,0.022018,0.202049,0.120416,0.157188,0.042627,0.098133,0.041376,0.089873,0.085969,0.140351,,2944300,,
1,1,,0.022758,0.274263,0.159818,0.107496,0.054283,0.086342,0.069821,0.071191,0.08919,0.064839,,1937300,,
1,1,,0.026061,0.25499,0.127504,0.075985,0.053023,0.077163,0.04956,0.108137,0.148555,0.079022,,1886200,,
1,1,,0.007621,0.200491,0.145236,0.10193,0.087192,0.14204,0.12222,0.061706,0.047792,0.083773,,1921700,,
1,1,,0.069045,0.328271,0.088678,0.026215,0.070456,0.023698,0.098913,0.057107,0.216776,0.020841,,2017600,,
1,1,,0.050241,0.254741,0.108038,0.105656,0.051816,0.08518,0.057967,0.086972,0.131568,0.067821,,1928000,,
1,1,,0.107842,0.314764,0.091817,0.016261,0.080503,0.050337,0.138981,0.030157,0.158984,0.010354,,1914700,,
1,1,,0.030329,0.316562,0.116605,0.038855,0.138402,0.058901,0.104911,0.032961,0.140816,0.021657,,1939000,,
1,1,,0.017514,0.275141,0.157686,0.103952,0.061998,0.103543,0.044232,0.081985,0.055693,0.098256,,2016400,,
1,1,,0.05016,0.315878,0.121972,0.017824,0.105164,0.074742,0.117843,0.036501,0.148464,0.011453,,1944500,,
1,1,,0.018843,0.319233,0.109358,0.097725,0.06569,0.127889,0.048074,0.061923,0.059867,0.091397,,1899200,,
1,1,,0.04603,0.299331,0.115652,0.038556,0.088089,0.078395,0.119988,0.037226,0.165651,0.011083,,1896300,,
1,1,,0.048361,0.266938,0.096527,0.035153,0.084413,0.023758,0.057677,0.141817,0.213303,0.032052,,2000000,,
1,1,,0.006628,0.211116,0.139597,0.101022,0.080642,0.137654,0.061386,0.093212,0.075501,0.093241,,1909100,,
1,1,,0.062809,0.241183,0.064529,0.093467,0.096536,0.085933,0.065707,0.105881,0.076134,0.107822,,1978900,,
1,1,,0.110061,0.202618,0.061303,0.056974,0.128171,0.038463,0.114443,0.085966,0.139748,0.062253,,2146400,,
1,1,,0.060513,0.254511,0.076464,0.06108,0.098499,0.024402,0.083124,0.112987,0.194986,0.033434,,1931200,,
1,1,,0.038072,0.274374,0.081526,0.090043,0.089092,0.0987,0.039917,0.083806,0.083053,0.121416,,1953900,,
2,8,,0.070309,0.163924,0.188515,0.064831,0.046549,0.021374,0.068446,0.110375,0.235222,0.030455,,1887000,,
2,2,,0.027202,0.104193,0.217548,0.162787,0.040424,0.092412,0.035787,0.085963,0.097542,0.136142,,1914100,,
2,2,,0.060115,0.14374,0.263804,0.078785,0.056577,0.053191,0.145686,0.032401,0.149144,0.016558,,2000500,,
2,2,,0.007394,0.151169,0.282304,0.107489,0.075643,0.12267,0.047362,0.058339,0.051292,0.096338,,1904900,,
2,2,,0.023161,0.152056,0.257397,0.075963,0.057872,0.053816,0.178293,0.028913,0.137574,0.034957,,1902300,,
2,2,,0.011475,0.106521,0.353448,0.105768,0.062066,0.074182,0.092084,0.053417,0.091098,0.049941,,3917100,,
2,2,,0.02635,0.103095,0.297065,0.115143,0.040636,0.089279,0.056004,0.081932,0.079554,0.110943,,3669400,,
2,2,,0.027894,0.124388,0.270855,0.078825,0.048772,0.073993,0.083134,0.05293,0.112649,0.12656,,3558100,,
2,2,,0.033565,0.117799,0.234274,0.138605,0.042047,0.087713,0.062498,0.083779,0.076887,0.122833,,2982000,,
2,2,,0.01211,0.108484,0.347134,0.078767,0.062519,0.083297,0.112004,0.047986,0.093707,0.053992,,2285100,,
2,2,,0.036713,0.167774,0.227166,0.047633,0.052146,0.061044,0.156689,0.046347,0.190618,0.01387,,1928900,,
2,2,,0.006582,0.160531,0.184137,0.163472,0.063068,0.12125,0.059264,0.075936,0.058588,0.10717,,1878900,,
2,8,,0.083621,0.150572,0.189161,0.064372,0.04449,0.024552,0.090485,0.078236,0.2469,0.027609,,1984500,,
2,2,,0.006027,0.106074,0.311957,0.138018,0.053831,0.110709,0.047508,0.087095,0.052078,0.086704,,1891900,,
2,2,,0.027724,0.137051,0.305774,0.072235,0.070531,0.060253,0.120153,0.065383,0.111405,0.029493,,1866500,,
2,2,,0.062597,0.145503,0.258668,0.069226,0.038733,0.029253,0.076458,0.060896,0.226686,0.031981,,1952700,,
2,2,,0.007383,0.105451,0.307394,0.125499,0.053154,0.110689,0.06613,0.080687,0.063337,0.080276,,1891200,,
2,2,,0.027206,0.101891,0.202566,0.119175,0.039588,0.118225,0.035849,0.095838,0.104697,0.154965,,1962900,,
2,2,,0.012237,0.116743,0.323815,0.082656,0.062225,0.07122,0.103328,0.070963,0.124743,0.032071,,1880800,,
2,2,,0.032381,0.113186,0.320455,0.079851,0.065055,0.06107,0.109111,0.060872,0.129724,0.028296,,2041200,,
2,2,,0.00616,0.116581,0.324216,0.133449,0.054453,0.094532,0.061774,0.073335,0.059116,0.076383,,1891600,,
2,2,,0.059184,0.159768,0.260511,0.06648,0.04155,0.037122,0.086216,0.04978,0.209707,0.029682,,1884000,,
2,2,,0.025754,0.103008,0.267351,0.141082,0.040127,0.090634,0.036006,0.114227,0.076874,0.104936,,1879500,,
2,2,,0.051576,0.089266,0.238109,0.048184,0.083875,0.110796,0.210721,0.035756,0.084202,0.047514,,2289500,,
2,2,,0.027404,0.121056,0.28181,0.086018,0.036686,0.043836,0.062617,0.087847,0.201107,0.05162,,2226400,,
2,2,,0.043943,0.128968,0.234731,0.055146,0.079757,0.085915,0.186079,0.038654,0.124629,0.022177,,2272900,,
2,2,,0.0298,0.120377,0.235297,0.125284,0.040472,0.055421,0.048323,0.097973,0.176983,0.07007,,2328600,,
2,2,,0.005966,0.10532,0.317403,0.139146,0.053693,0.103556,0.047585,0.071052,0.051584,0.104696,,2223800,,
2,2,,0.02776,0.130101,0.311066,0.071907,0.069973,0.063719,0.117251,0.065047,0.113366,0.029809,,2212900,,
2,2,,0.042978,0.109429,0.295927,0.057035,0.051641,0.0509,0.185613,0.033841,0.159989,0.012647,,2284100,,
2,2,,0.007358,0.158119,0.277011,0.107818,0.076201,0.119204,0.050263,0.058674,0.04933,0.096023,,2203200,,
2,2,,0.032944,0.132435,0.226719,0.140599,0.059649,0.08338,0.04198,0.083533,0.079616,0.119145,,2209800,,
2,2,,0.025968,0.156004,0.198444,0.131505,0.058852,0.057084,0.06294,0.090235,0.156567,0.062401,,2566500,,
2,2,,0.01751,0.147247,0.26714,0.130862,0.039015,0.108094,0.04718,0.065713,0.074427,0.102812,,2188000,,
2,2,,0.023984,0.134116,0.317615,0.077899,0.043244,0.068258,0.110324,0.062344,0.133637,0.028579,,2230900,,
2,2,,0.006084,0.11331,0.317013,0.132455,0.054453,0.093996,0.06185,0.086567,0.057519,0.076753,,1876500,,
2,2,,0.063311,0.096755,0.312822,0.082101,0.079425,0.064555,0.139117,0.043227,0.086572,0.032115,,1887200,,
2,2,,0.021631,0.108255,0.272488,0.140189,0.035736,0.107656,0.042758,0.075525,0.077473,0.118289,,1887400,,
2,1,,0.100447,0.1894,0.158177,0.056165,0.069352,0.047623,0.104152,0.088532,0.169737,0.016414,,1945400,,
2,2,,0.035623,0.153024,0.279555,0.072503,0.044584,0.045896,0.104699,0.06915,0.172192,0.022773,,2431100,,
2,2,,0.007377,0.129663,0.265848,0.114364,0.074,0.116815,0.047362,0.061014,0.050733,0.132824,,1886800,,
2,2,,0.006787,0.128292,0.262024,0.124782,0.056174,0.121544,0.050612,0.091463,0.064647,0.093675,,1947100,,
2,2,,0.01806,0.146601,0.280023,0.152307,0.034112,0.097141,0.053367,0.067275,0.073901,0.077213,,1899200,,
2,2,,0.02204,0.153521,0.257554,0.131613,0.056265,0.098061,0.046756,0.068608,0.068286,0.097297,,1953600,,
2,2,,0.022978,0.107158,0.263187,0.146109,0.056487,0.08992,0.043196,0.070087,0.072245,0.128634,,1855700,,
2,9,,0.023335,0.106561,0.186444,0.123176,0.036207,0.108724,0.036027,0.069491,0.094443,0.21559,,1863600,,
2,3,,0.022309,0.146436,0.147338,0.171192,0.043406,0.085476,0.03454,0.105173,0.134133,0.109997,,1863800,,
2,2,,0.053352,0.132136,0.271532,0.039437,0.052157,0.079109,0.144918,0.052744,0.147381,0.027231,,2143900,,
2,0,,0.239572,0.04899,0.061386,0.111808,0.146285,0.023162,0.134162,0.072485,0.078207,0.083942,,2211400,,
2,2,,0.044182,0.163344,0.208718,0.061265,0.051332,0.076742,0.163954,0.056856,0.162389,0.011218,,2238000,,
2,2,,0.064154,0.143288,0.255621,0.054281,0.053454,0.054301,0.147343,0.036681,0.178807,0.01207,,2185800,,
2,2,,0.027126,0.097658,0.21984,0.144133,0.040274,0.092813,0.035862,0.108985,0.076013,0.157296,,2267300,,
2,2,,0.031847,0.11024,0.346167,0.0698,0.044435,0.049504,0.131791,0.057766,0.141105,0.017345,,2221500,,
2,2,,0.030647,0.105524,0.248671,0.111842,0.059423,0.116553,0.052964,0.089014,0.065337,0.120026,,2207100,,
2,1,,0.067266,0.244335,0.143636,0.033495,0.07196,0.024091,0.073163,0.06723,0.244015,0.030809,,2278700,,
2,2,,0.006159,0.101504,0.28123,0.122698,0.055106,0.120546,0.095104,0.085093,0.056001,0.07656,,2530200,,
2,2,,0.006058,0.175798,0.254007,0.133111,0.054136,0.1007,0.050468,0.070192,0.049566,0.105964,,2266800,,
2,2,,0.007386,0.104748,0.317459,0.127289,0.053548,0.101067,0.073442,0.079828,0.060054,0.075179,,2211900,,
2,2,,0.035867,0.109327,0.211598,0.115469,0.04386,0.120922,0.03887,0.097705,0.080711,0.145671,,2210700,,
2,2,,0.02128,0.107925,0.290087,0.13615,0.056492,0.109036,0.053323,0.079499,0.061355,0.084853,,2286500,,
2,2,,0.03856,0.154852,0.253412,0.078223,0.037411,0.023664,0.073051,0.068143,0.217374,0.055311,,2273700,,
2,2,,0.02593,0.129821,0.264108,0.131214,0.035357,0.065808,0.048272,0.09571,0.146842,0.056938,,2224800,,
2,2,,0.025729,0.105361,0.188513,0.157301,0.038939,0.10423,0.048824,0.124602,0.094614,0.111887,,2202700,,
2,2,,0.006708,0.112779,0.283199,0.13488,0.054253,0.124033,0.043242,0.068452,0.057122,0.115331,,2265700,,
2,2,,0.021595,0.118757,0.272204,0.135087,0.069301,0.103736,0.045659,0.073989,0.062661,0.09701,,2218800,,
2,2,,0.023678,0.106704,0.271094,0.121275,0.059886,0.095575,0.049357,0.075252,0.06619,0.130988,,2180700,,
2,2,,0.02189,0.125117,0.255099,0.134184,0.035207,0.077517,0.04644,0.12169,0.096845,0.086011,,2273700,,
2,2,,0.019049,0.121772,0.302904,0.128417,0.0341,0.094603,0.076278,0.083786,0.06592,0.073171,,2223000,,
2,2,,0.027715,0.16764,0.268153,0.065101,0.076141,0.062316,0.104695,0.069186,0.136991,0.022061,,2249800,,
2,2,,0.013661,0.099891,0.267235,0.115392,0.057526,0.102409,0.159885,0.047464,0.087061,0.049476,,2219100,,
2,2,,0.026889,0.114186,0.254721,0.084405,0.041118,0.051895,0.055702,0.12655,0.208981,0.035552,,2213300,,
2,2,,0.026294,0.192721,0.21721,0.105444,0.039921,0.057815,0.085716,0.083447,0.155719,0.035713,,1925600,,
2,2,,0.037751,0.106074,0.311957,0.138018,0.034521,0.111398,0.050266,0.067095,0.056216,0.086704,,1888800,,
2,2,,0.005761,0.112012,0.319113,0.133284,0.053366,0.107492,0.040279,0.0742,0.05353,0.100964,,1873400,,
2,2,,0.005693,0.117469,0.278904,0.141951,0.053531,0.120436,0.040154,0.100164,0.057231,0.084466,,2068100,,
2,2,,0.006213,0.122316,0.281082,0.124804,0.076489,0.119446,0.047732,0.072873,0.062809,0.086236,,1954800,,
2,2,,0.043589,0.131776,0.246367,0.062275,0.041649,0.033577,0.077824,0.079023,0.242619,0.0413,,1922200,,
2,2,,0.009003,0.139148,0.211843,0.076776,0.071887,0.097731,0.149018,0.071416,0.088399,0.084779,,1925900,,
2,2,,0.062561,0.136026,0.255714,0.041675,0.039763,0.043547,0.092257,0.059652,0.237965,0.03084,,1934200,,
2,2,,0.017844,0.10636,0.322305,0.132127,0.034585,0.098152,0.061707,0.086232,0.063619,0.077069,,1950500,,
2,2,,0.042611,0.133488,0.227065,0.136831,0.035659,0.105048,0.039309,0.070891,0.066472,0.142626,,1894500,,
2,2,,0.026601,0.107284,0.327089,0.112144,0.054146,0.114671,0.047504,0.065621,0.054192,0.090747,,1937000,,
2,2,,0.023097,0.136378,0.264184,0.139899,0.056639,0.084115,0.049269,0.064792,0.086466,0.09516,,1922800,,
2,2,,0.027251,0.126675,0.178486,0.113443,0.060699,0.127103,0.032516,0.066527,0.109659,0.157641,,1936700,,
2,2,,0.007231,0.111077,0.302918,0.104798,0.05547,0.133165,0.040198,0.068189,0.057662,0.119291,,2031800,,
2,2,,0.02502,0.132836,0.220154,0.163601,0.040146,0.085687,0.036022,0.09198,0.082189,0.122363,,1917000,,
2,2,,0.05592,0.097832,0.18755,0.123674,0.043232,0.127766,0.038851,0.072612,0.080955,0.171608,,1898300,,
2,2,,0.011297,0.11812,0.238536,0.137648,0.088898,0.104244,0.039466,0.070947,0.062544,0.128299,,1875700,,
2,2,,0.026629,0.100377,0.212493,0.160209,0.04057,0.0955,0.035922,0.106411,0.082488,0.139401,,2013900,,
2,2,,0.006103,0.142027,0.239871,0.13759,0.056395,0.113563,0.04455,0.075671,0.057802,0.12643,,1922000,,
2,2,,0.018913,0.167288,0.23782,0.108866,0.041136,0.124429,0.044133,0.060365,0.077302,0.119746,,1957800,,
2,2,,0.03778,0.104865,0.243325,0.094091,0.069417,0.093747,0.181513,0.037023,0.102676,0.035562,,2151700,,
2,9,,0.104165,0.093751,0.086343,0.166604,0.047674,0.105868,0.043176,0.077937,0.073765,0.200717,,1991600,,
2,2,,0.021988,0.11032,0.273576,0.139759,0.056565,0.092088,0.043486,0.07097,0.073858,0.11739,,1869900,,
2,2,,0.047101,0.157688,0.256179,0.082459,0.035872,0.061575,0.085582,0.062468,0.169934,0.041141,,1987600,,
2,2,,0.007639,0.134977,0.313108,0.108951,0.05316,0.092453,0.097692,0.053028,0.075411,0.063581,,1908400,,
2,8,,0.05171,0.176373,0.194468,0.091894,0.042708,0.033393,0.071364,0.073186,0.205326,0.059578,,1894600,,
2,2,,0.025509,0.130785,0.236773,0.120304,0.034837,0.056463,0.040673,0.098137,0.160748,0.095768,,2060700,,
2,2,,0.01769,0.10532,0.317403,0.139146,0.034383,0.104245,0.050343,0.071052,0.055722,0.104696,,1879100,,
2,2,,0.071413,0.134122,0.253813,0.056461,0.052367,0.056122,0.145576,0.030038,0.185845,0.014243,,2024300,,
2,8,,0.105812,0.116468,0.177445,0.041563,0.05592,0.026524,0.106509,0.070237,0.246274,0.05325,,1935500,,
2,2,,0.043104,0.116323,0.306504,0.059113,0.074808,0.056957,0.162214,0.039516,0.121893,0.019567,,2083200,,
2,2,,0.022764,0.108147,0.266856,0.16641,0.056352,0.094686,0.043343,0.068234,0.070249,0.102959,,1878000,,
2,2,,0.006103,0.132175,0.296332,0.126599,0.054644,0.106795,0.078828,0.056815,0.064934,0.076775,,1905800,,
2,2,,0.026536,0.15265,0.238968,0.111036,0.035632,0.062242,0.055994,0.098792,0.146849,0.071301,,1873600,,
2,2,,0.007614,0.1276,0.312021,0.106758,0.061072,0.077676,0.082727,0.075583,0.088563,0.060385,,1889800,,
2,2,,0.021837,0.109667,0.297736,0.136191,0.036196,0.102812,0.050063,0.068634,0.062827,0.114036,,2352600,,
2,8,,0.039149,0.133801,0.146135,0.142242,0.04446,0.049609,0.044536,0.121505,0.187434,0.091129,,2032800,,
2,2,,0.038792,0.133584,0.292499,0.067189,0.036962,0.045594,0.080243,0.079016,0.207329,0.018792,,1916700,,
2,2,,0.027782,0.188173,0.22977,0.062008,0.041387,0.0997,0.070647,0.063144,0.149075,0.068315,,1868600,,
2,2,,0.01211,0.108484,0.347134,0.078767,0.062519,0.083297,0.092004,0.067986,0.093707,0.053992,,2028000,,
2,2,,0.022124,0.109839,0.2839,0.139489,0.037244,0.089955,0.063295,0.069235,0.080662,0.104255,,1902400,,
3,3,,0.026311,0.103158,0.125775,0.266537,0.037302,0.082854,0.032598,0.079751,0.07711,0.168604,,1886600,,
3,3,,0.025796,0.126797,0.118474,0.190286,0.038663,0.098293,0.042219,0.115972,0.117229,0.126273,,1898700,,
3,3,,0.027012,0.098557,0.128158,0.241128,0.040842,0.091471,0.035766,0.09067,0.073881,0.172515,,1991800,,
3,3,,0.047012,0.103109,0.113637,0.256698,0.040908,0.091018,0.035766,0.088799,0.07403,0.149023,,2060300,,
3,8,,0.079226,0.159034,0.100868,0.110035,0.057566,0.086145,0.100613,0.092665,0.16739,0.046458,,1902500,,
3,3,,0.05994,0.115476,0.091804,0.1817,0.07097,0.115426,0.066598,0.066263,0.094244,0.137579,,1907200,,
3,3,,0.033111,0.107903,0.106099,0.284047,0.04858,0.08672,0.042149,0.076572,0.072669,0.14215,,2030400,,
3,3,,0.036978,0.090407,0.106683,0.287319,0.045381,0.07764,0.034494,0.082214,0.06545,0.173434,,1862900,,
3,3,,0.04232,0.078979,0.084345,0.253764,0.045426,0.095138,0.039687,0.114639,0.069062,0.176641,,1938300,,
3,3,,0.068416,0.07675,0.115087,0.233904,0.045537,0.093165,0.038391,0.115071,0.035535,0.178144,,2054900,,
3,3,,0.054352,0.117041,0.100354,0.189615,0.055559,0.101539,0.050922,0.082,0.087809,0.16081,,1879200,,
3,3,,0.05685,0.079277,0.097538,0.290002,0.046107,0.086139,0.034758,0.083492,0.06969,0.156148,,2122100,,
3,3,,0.033937,0.114352,0.113221,0.24341,0.044194,0.101441,0.051795,0.075125,0.065618,0.156908,,1944000,,
3,3,,0.04774,0.071353,0.067181,0.306149,0.044869,0.091914,0.038025,0.084989,0.03395,0.21383,,1891700,,
3,3,,0.068104,0.073279,0.086468,0.235044,0.045156,0.111514,0.038163,0.08895,0.04887,0.204452,,1875800,,
3,3,,0.047983,0.075132,0.073418,0.288158,0.045025,0.092469,0.037956,0.096604,0.050541,0.192715,,2053500,,
3,3,,0.044962,0.087797,0.079356,0.308009,0.046995,0.103218,0.036703,0.072524,0.052203,0.168234,,1888400,,
3,3,,0.044588,0.092703,0.057709,0.225789,0.086026,0.102954,0.09156,0.081197,0.02752,0.189954,,1869100,,
3,3,,0.0368,0.106542,0.102283,0.267878,0.046236,0.074997,0.037988,0.086837,0.066096,0.174344,,1879300,,
3,3,,0.046922,0.106683,0.123457,0.231339,0.039513,0.102393,0.051654,0.079375,0.077156,0.141507,,3835300,,
3,3,,0.039277,0.184255,0.140534,0.197278,0.043067,0.131308,0.046859,0.071764,0.057195,0.088464,,3237400,,
3,3,,0.019627,0.113661,0.158404,0.168881,0.040934,0.114363,0.05358,0.061508,0.115222,0.153819,,2231200,,
3,3,,0.022313,0.108781,0.124753,0.267171,0.039928,0.098576,0.034358,0.074614,0.089472,0.140035,,2261800,,
3,3,,0.093038,0.086108,0.100175,0.176677,0.063694,0.081845,0.110942,0.053625,0.067001,0.166896,,2226600,,
3,3,,0.025858,0.146018,0.157433,0.189278,0.03728,0.086331,0.029534,0.122112,0.080149,0.126008,,1922800,,
3,1,,0.021314,0.15887,0.153106,0.139677,0.057027,0.154102,0.033281,0.096817,0.095689,0.090116,,1976400,,
3,3,,0.038683,0.108344,0.098322,0.269747,0.0662,0.138878,0.053199,0.065203,0.042464,0.118959,,1914000,,
3,5,,0.029548,0.130156,0.1138,0.108829,0.070764,0.217773,0.089493,0.060897,0.054341,0.124398,,1919000,,
3,3,,0.044603,0.094969,0.070952,0.232588,0.050823,0.09246,0.037523,0.12603,0.050051,0.200002,,3376500,,
3,5,,0.072203,0.119994,0.084842,0.15471,0.079144,0.170486,0.069145,0.080732,0.046372,0.122373,,2251600,,
3,6,,0.125607,0.067791,0.083078,0.128704,0.073361,0.05316,0.139907,0.077941,0.139726,0.110725,,2234100,,
3,3,,0.038625,0.08024,0.089788,0.296902,0.043437,0.096426,0.047092,0.078306,0.054731,0.174454,,2192800,,
3,3,,0.022215,0.136891,0.141417,0.192941,0.056533,0.089346,0.032512,0.108441,0.097889,0.121813,,2050500,,
3,8,,0.065547,0.160529,0.119306,0.052751,0.056569,0.071276,0.087122,0.117226,0.23871,0.030964,,1905000,,
3,3,,0.046832,0.096005,0.109325,0.23039,0.059213,0.11083,0.045837,0.079187,0.076996,0.145385,,1891100,,
3,3,,0.022612,0.131037,0.115212,0.22263,0.056449,0.11894,0.035942,0.093215,0.08879,0.115174,,1886900,,
3,3,,0.033045,0.09443,0.134352,0.256439,0.043628,0.101564,0.051822,0.079615,0.046563,0.158544,,2009700,,
3,3,,0.045562,0.07292,0.083302,0.301148,0.043956,0.098064,0.045608,0.07914,0.030778,0.199521,,2230500,,
3,3,,0.007211,0.120099,0.13259,0.228234,0.058396,0.145076,0.054602,0.064332,0.07468,0.11478,,1960700,,
3,3,,0.064181,0.082591,0.071174,0.294435,0.047826,0.09868,0.039621,0.079295,0.04518,0.177018,,1915200,,
