optical,CWE,test,4,NANOSECONDS,PREDICTIONS, Generated by ClassifierExperiments.java on 2022-05-16 22:48:38.    SYSTEMPROPERTIES:{user.name:matth,os.arch:amd64,os.name:Windows 10},ENDSYSTEMPROPERTIES
No parameter info
0.8547387068201948,2143332100,2177109500,-1,96122800,10,,-1,-1
0,0,,0.453786,0.064532,0.034632,0.014157,0.135903,0.025511,0.103844,0.066931,0.053026,0.047679,,2094200,,
0,0,,0.353057,0.052218,0.059215,0.038133,0.131173,0.036545,0.114075,0.077628,0.048303,0.089653,,1982000,,
0,0,,0.413098,0.067851,0.035743,0.033651,0.158238,0.025044,0.12429,0.057715,0.042021,0.04235,,1934500,,
0,0,,0.397808,0.048331,0.060867,0.066813,0.098695,0.030473,0.145697,0.047928,0.046975,0.056415,,1897300,,
0,0,,0.274515,0.064274,0.054173,0.092377,0.110277,0.082021,0.102587,0.061894,0.047044,0.110839,,1887200,,
0,0,,0.358292,0.058519,0.043586,0.045412,0.123061,0.046554,0.107202,0.05293,0.084088,0.080357,,1868000,,
0,0,,0.436195,0.046477,0.037579,0.022147,0.132268,0.02509,0.131754,0.048871,0.047927,0.071691,,1918700,,
0,0,,0.429348,0.043681,0.053486,0.035651,0.119931,0.043562,0.129274,0.061996,0.048955,0.034116,,1916100,,
0,0,,0.425636,0.044172,0.042436,0.015079,0.129692,0.025551,0.124064,0.090294,0.061187,0.041888,,1867100,,
0,0,,0.400059,0.046912,0.038517,0.033731,0.1748,0.02742,0.132529,0.054354,0.04419,0.047487,,2046500,,
0,0,,0.454179,0.06322,0.036665,0.015088,0.124138,0.057863,0.120983,0.057527,0.044677,0.02566,,1893000,,
0,0,,0.40249,0.064182,0.044549,0.022224,0.128407,0.025944,0.165048,0.045773,0.042233,0.059151,,1877000,,
0,0,,0.36204,0.04767,0.043797,0.057267,0.128404,0.034673,0.157183,0.043176,0.039327,0.086464,,1925600,,
0,0,,0.325405,0.05099,0.043622,0.08235,0.119561,0.045145,0.109715,0.070188,0.043362,0.109662,,1967800,,
0,0,,0.406195,0.073527,0.062126,0.015928,0.123429,0.023243,0.109428,0.067017,0.085631,0.033476,,1940200,,
0,0,,0.401988,0.049117,0.037443,0.056529,0.110071,0.03195,0.114114,0.057862,0.052681,0.088244,,1906300,,
0,0,,0.442949,0.045637,0.032909,0.036488,0.152356,0.038358,0.109414,0.055824,0.045641,0.040424,,1895400,,
0,0,,0.398892,0.0471,0.057138,0.054038,0.125671,0.042118,0.108018,0.06366,0.050882,0.052483,,2012200,,
0,0,,0.364221,0.047301,0.04998,0.059661,0.121604,0.093523,0.121733,0.049533,0.045601,0.046843,,1937300,,
0,0,,0.443727,0.043786,0.034779,0.040796,0.127536,0.037783,0.136027,0.047055,0.050124,0.038388,,1888100,,
0,0,,0.408635,0.047548,0.056853,0.078405,0.106428,0.031465,0.103568,0.065059,0.050022,0.052019,,1923300,,
0,0,,0.408854,0.066623,0.057096,0.029992,0.126576,0.042258,0.103568,0.06366,0.050231,0.051143,,1890800,,
0,0,,0.396481,0.0465,0.044734,0.056568,0.113283,0.031033,0.157418,0.044581,0.040944,0.06846,,1936600,,
0,0,,0.295411,0.052833,0.060661,0.024507,0.159481,0.035979,0.211649,0.046613,0.075759,0.037107,,1884400,,
0,0,,0.314261,0.059358,0.041938,0.026486,0.182402,0.036357,0.148205,0.060783,0.077173,0.053037,,1913500,,
0,0,,0.46669,0.047763,0.036788,0.022854,0.119305,0.023261,0.136864,0.050741,0.053894,0.041841,,1888000,,
0,0,,0.427517,0.046309,0.056262,0.015652,0.135811,0.035064,0.103568,0.067228,0.073215,0.039373,,1924000,,
0,0,,0.448577,0.046553,0.055505,0.013847,0.126565,0.024341,0.105258,0.067909,0.054257,0.057187,,1901100,,
0,0,,0.39028,0.051323,0.058822,0.023789,0.136513,0.028829,0.1366,0.046918,0.050325,0.076601,,1927500,,
0,0,,0.422169,0.046358,0.036867,0.021656,0.131765,0.029093,0.153198,0.049861,0.049653,0.05938,,1883700,,
0,0,,0.357485,0.050551,0.038303,0.073004,0.123675,0.036767,0.104,0.065606,0.044305,0.106304,,1864200,,
0,0,,0.333938,0.06776,0.043427,0.098766,0.11644,0.067975,0.126683,0.036665,0.037275,0.071071,,1902000,,
0,0,,0.301059,0.049196,0.046326,0.026067,0.14837,0.049393,0.196667,0.04589,0.055359,0.081673,,1900500,,
0,0,,0.350493,0.057189,0.081894,0.019524,0.138992,0.026928,0.123843,0.05722,0.079593,0.064323,,1868600,,
0,0,,0.382502,0.044087,0.060101,0.038881,0.158928,0.039371,0.150546,0.045852,0.037505,0.042228,,1952000,,
0,0,,0.379256,0.065053,0.04398,0.02208,0.146039,0.02518,0.15384,0.070164,0.048006,0.046403,,1896800,,
0,0,,0.424119,0.047967,0.035841,0.038118,0.128836,0.028483,0.110141,0.070354,0.054721,0.061419,,1901800,,
0,0,,0.456586,0.045127,0.054847,0.021593,0.10899,0.044208,0.112555,0.060459,0.054281,0.041352,,1874700,,
0,0,,0.426747,0.048758,0.038136,0.047411,0.119168,0.030385,0.115173,0.047892,0.049658,0.076672,,1913700,,
0,0,,0.369298,0.049375,0.059013,0.066047,0.122045,0.035809,0.129323,0.047914,0.04742,0.073756,,1922900,,
0,0,,0.436389,0.076257,0.033596,0.011605,0.141751,0.032401,0.104647,0.061681,0.068977,0.032695,,1914400,,
0,0,,0.401522,0.04624,0.076769,0.018123,0.13793,0.028541,0.128726,0.056408,0.049049,0.056693,,1883300,,
0,0,,0.444285,0.045481,0.035307,0.034472,0.134695,0.025277,0.103861,0.068883,0.047331,0.060408,,2238800,,
0,0,,0.398079,0.048331,0.056985,0.035628,0.14616,0.037323,0.105403,0.068056,0.054446,0.04959,,2246200,,
0,0,,0.399425,0.046115,0.055194,0.047699,0.141516,0.056093,0.104504,0.060328,0.041501,0.047625,,2196900,,
0,0,,0.405442,0.071469,0.042333,0.012245,0.173649,0.037615,0.095131,0.078095,0.056715,0.027307,,2232900,,
0,0,,0.427377,0.048995,0.056088,0.038478,0.122474,0.031949,0.103927,0.064435,0.043831,0.062444,,2217000,,
0,0,,0.407449,0.07298,0.042315,0.032857,0.116395,0.038771,0.121151,0.070356,0.05938,0.038347,,2193500,,
0,0,,0.327912,0.051596,0.046542,0.065354,0.128092,0.027684,0.168459,0.045397,0.066526,0.072436,,2216800,,
0,0,,0.39682,0.050695,0.059438,0.036731,0.117767,0.025892,0.097413,0.071561,0.081975,0.061708,,2288300,,
0,0,,0.471898,0.045742,0.055915,0.023163,0.108643,0.024431,0.11545,0.049763,0.052663,0.052332,,2204900,,
0,0,,0.442776,0.047545,0.03725,0.044073,0.108599,0.026063,0.115457,0.050202,0.052815,0.07522,,2217700,,
0,0,,0.41144,0.052077,0.055415,0.016584,0.118074,0.038704,0.10407,0.070305,0.083637,0.049695,,2243800,,
0,0,,0.448291,0.044598,0.034293,0.031623,0.145301,0.039408,0.106046,0.065125,0.051718,0.033598,,2206600,,
0,0,,0.343975,0.081096,0.067072,0.032024,0.107562,0.059844,0.094307,0.109642,0.058902,0.045576,,2211200,,
0,0,,0.402075,0.046352,0.039921,0.022673,0.140884,0.02892,0.159535,0.048826,0.046374,0.064439,,2220200,,
0,0,,0.370118,0.054859,0.060006,0.097891,0.10647,0.031854,0.103418,0.065443,0.053754,0.056187,,2231600,,
0,0,,0.430545,0.079589,0.058141,0.026017,0.105453,0.020237,0.106499,0.054213,0.060446,0.058859,,2252300,,
0,0,,0.377366,0.069078,0.079213,0.033801,0.107268,0.047632,0.103778,0.065938,0.050532,0.065392,,2221500,,
0,0,,0.419312,0.047096,0.056646,0.056696,0.099566,0.031405,0.112489,0.05696,0.05145,0.068381,,2202600,,
0,0,,0.412152,0.050838,0.035115,0.01375,0.162746,0.02807,0.117663,0.087212,0.059981,0.032472,,2194500,,
0,0,,0.352237,0.0473,0.048791,0.072642,0.130258,0.029227,0.196549,0.044799,0.038643,0.039554,,2237800,,
0,0,,0.450167,0.044651,0.032754,0.031536,0.157039,0.042472,0.104973,0.061447,0.042114,0.032847,,2206900,,
0,0,,0.409242,0.04499,0.038504,0.013784,0.167158,0.026429,0.147875,0.056147,0.044653,0.051219,,2258700,,
0,0,,0.420926,0.044982,0.054999,0.013242,0.140587,0.054969,0.104758,0.062219,0.048493,0.054824,,2244100,,
0,0,,0.389952,0.048302,0.042768,0.065625,0.127384,0.032269,0.150651,0.045055,0.042424,0.055571,,1980000,,
0,0,,0.436389,0.076257,0.033596,0.011605,0.121751,0.032401,0.124647,0.061681,0.048977,0.052695,,1891600,,
0,0,,0.471898,0.045742,0.035915,0.023163,0.108643,0.024431,0.13545,0.049763,0.052663,0.052332,,1907100,,
0,0,,0.34714,0.064813,0.036751,0.024779,0.13389,0.0482,0.156619,0.06418,0.085636,0.037994,,1896200,,
0,0,,0.44709,0.044958,0.060205,0.022064,0.123092,0.022796,0.143151,0.048043,0.04723,0.041371,,1880800,,
0,0,,0.446227,0.057945,0.035065,0.014442,0.116899,0.027856,0.123774,0.078534,0.056706,0.042552,,1867200,,
0,0,,0.308479,0.059863,0.076623,0.025288,0.142836,0.077233,0.117215,0.05395,0.105473,0.033041,,2376500,,
0,0,,0.441165,0.046536,0.034882,0.012069,0.140275,0.042308,0.09826,0.089473,0.056084,0.038949,,1914300,,
0,0,,0.43009,0.046565,0.037678,0.015243,0.117582,0.031421,0.117537,0.070677,0.059492,0.073715,,1883000,,
0,0,,0.423221,0.046862,0.036736,0.041203,0.152786,0.025184,0.137007,0.046444,0.039222,0.051335,,1879700,,
0,0,,0.313612,0.101769,0.048722,0.019678,0.166468,0.06467,0.121546,0.067912,0.06973,0.025892,,1894900,,
0,0,,0.377209,0.06766,0.041775,0.023568,0.121783,0.046857,0.16918,0.047753,0.046687,0.05753,,1870600,,
0,0,,0.355757,0.06333,0.042897,0.032208,0.10633,0.044801,0.146141,0.054971,0.096667,0.056897,,1863600,,
0,0,,0.385107,0.048403,0.043311,0.052214,0.137344,0.026999,0.153373,0.048297,0.042909,0.062042,,1885300,,
0,0,,0.463835,0.046182,0.035929,0.022167,0.112915,0.023725,0.135143,0.061989,0.051596,0.046519,,1923400,,
0,0,,0.408568,0.044667,0.075884,0.027768,0.125312,0.057324,0.104355,0.060877,0.047692,0.047553,,1897100,,
0,0,,0.382784,0.048881,0.040316,0.048834,0.145376,0.034617,0.132462,0.050854,0.04136,0.074516,,1898000,,
0,0,,0.408348,0.045592,0.035641,0.07618,0.125164,0.046531,0.104355,0.062276,0.047482,0.048429,,1926000,,
0,0,,0.440346,0.04797,0.055049,0.013679,0.158118,0.024945,0.097308,0.070173,0.055164,0.037249,,1882300,,
0,0,,0.45594,0.045009,0.034749,0.05806,0.115155,0.023656,0.108084,0.067006,0.053677,0.038665,,1862600,,
0,0,,0.427561,0.02561,0.036086,0.056135,0.117316,0.057664,0.113522,0.04433,0.069827,0.051949,,1871800,,
0,0,,0.368513,0.052385,0.08197,0.025905,0.12826,0.0367,0.157238,0.045677,0.053051,0.050301,,1884200,,
0,0,,0.367664,0.051019,0.038958,0.036494,0.154825,0.038513,0.13527,0.054561,0.073435,0.049262,,1927700,,
0,0,,0.418326,0.044482,0.035848,0.030934,0.172486,0.061853,0.124464,0.052982,0.035428,0.023197,,2003300,,
0,0,,0.408794,0.02668,0.048066,0.058534,0.121058,0.051043,0.14148,0.038959,0.060601,0.044785,,1924200,,
0,0,,0.340658,0.064838,0.063899,0.041713,0.113679,0.048501,0.110971,0.063143,0.094939,0.05766,,1890200,,
0,0,,0.425683,0.066625,0.037949,0.022296,0.132413,0.02672,0.131827,0.04924,0.047927,0.05932,,1875600,,
0,0,,0.473798,0.045232,0.042923,0.023303,0.106413,0.024178,0.132731,0.050921,0.063246,0.037256,,1880500,,
0,0,,0.40831,0.046477,0.077654,0.022005,0.152425,0.023376,0.131543,0.048946,0.047927,0.041337,,1898400,,
0,0,,0.404937,0.045767,0.078214,0.01651,0.142807,0.062799,0.117391,0.057747,0.044864,0.028963,,1869900,,
0,0,,0.382849,0.056028,0.083321,0.015675,0.137435,0.025196,0.114428,0.058313,0.083454,0.043301,,1896500,,
0,0,,0.362783,0.060346,0.058238,0.015851,0.150837,0.028942,0.112342,0.078457,0.075964,0.05624,,2134100,,
0,0,,0.384085,0.0599,0.042881,0.047224,0.111591,0.03405,0.108521,0.066622,0.09989,0.045235,,2238800,,
0,0,,0.287825,0.065241,0.060217,0.077652,0.103631,0.15367,0.087566,0.053796,0.04018,0.070223,,2213300,,
0,0,,0.358204,0.050036,0.058741,0.058251,0.10988,0.043579,0.123626,0.047092,0.071063,0.079528,,2212300,,
0,0,,0.361049,0.05395,0.06085,0.034399,0.108799,0.041165,0.097568,0.068087,0.061696,0.112439,,2205700,,
0,0,,0.322665,0.049733,0.060248,0.017086,0.154157,0.041238,0.159009,0.054836,0.073345,0.067682,,2218000,,
0,0,,0.412497,0.04809,0.053021,0.011344,0.158941,0.045334,0.098858,0.064539,0.064252,0.043125,,2232700,,
0,0,,0.401262,0.048203,0.057763,0.010541,0.137607,0.059696,0.111831,0.081596,0.067395,0.024106,,2551900,,
0,0,,0.424663,0.046335,0.055967,0.015066,0.115858,0.027143,0.103852,0.06737,0.053179,0.090567,,1979200,,
0,0,,0.414695,0.047147,0.036867,0.02159,0.134865,0.029078,0.149538,0.052011,0.050238,0.063971,,1889200,,
0,0,,0.370785,0.050469,0.037945,0.066112,0.109864,0.045543,0.120942,0.059265,0.052507,0.086568,,1910100,,
0,0,,0.318666,0.063133,0.054128,0.107482,0.082624,0.066998,0.068574,0.063649,0.046923,0.127825,,1893300,,
0,0,,0.398151,0.044531,0.062935,0.021466,0.122619,0.022883,0.173675,0.04808,0.064547,0.041113,,1869800,,
0,0,,0.345442,0.060934,0.049348,0.125989,0.091957,0.055616,0.081063,0.068002,0.044402,0.077247,,1900400,,
0,0,,0.428854,0.046623,0.037096,0.049992,0.126576,0.042258,0.103568,0.06366,0.050231,0.051143,,1903000,,
1,1,,0.036755,0.232789,0.087041,0.08524,0.147147,0.117863,0.036576,0.129294,0.045275,0.082021,,1904400,,
1,4,,0.118693,0.181424,0.095746,0.011943,0.225745,0.061941,0.179076,0.039386,0.078244,0.0078,,1908400,,
1,1,,0.03572,0.301274,0.109341,0.088999,0.071288,0.076102,0.028733,0.119047,0.089972,0.079524,,1909100,,
1,1,,0.015486,0.237341,0.115526,0.140197,0.055174,0.160294,0.053258,0.061395,0.035149,0.12618,,1896100,,
1,1,,0.014374,0.212058,0.151815,0.169773,0.038037,0.141897,0.022786,0.062148,0.042837,0.144273,,1870300,,
1,9,,0.064809,0.15567,0.08732,0.169991,0.040152,0.104554,0.01561,0.070302,0.065537,0.226055,,1891600,,
1,3,,0.012452,0.183309,0.1338,0.207129,0.042489,0.128146,0.043424,0.067767,0.056668,0.124815,,1915700,,
1,1,,0.031964,0.268708,0.105196,0.157159,0.048625,0.097709,0.015575,0.074504,0.065741,0.134819,,1893900,,
1,1,,0.033063,0.237188,0.170662,0.129665,0.04169,0.074106,0.036018,0.099362,0.070461,0.107784,,1878200,,
1,1,,0.053235,0.244757,0.084636,0.147654,0.070309,0.087882,0.027319,0.090362,0.080776,0.113069,,1958900,,
1,1,,0.06477,0.28545,0.085786,0.021349,0.122457,0.024474,0.06791,0.103991,0.197319,0.026494,,1918100,,
1,1,,0.048111,0.296658,0.100007,0.020753,0.153212,0.060434,0.119404,0.066373,0.116986,0.018062,,1882500,,
1,1,,0.050587,0.266704,0.090088,0.028902,0.068072,0.027539,0.033341,0.212497,0.171085,0.051186,,1880000,,
1,1,,0.009966,0.279967,0.139323,0.092517,0.052162,0.125636,0.021956,0.109909,0.066869,0.101693,,1898100,,
1,1,,0.015123,0.278589,0.108723,0.088429,0.081296,0.095188,0.044831,0.139396,0.07643,0.071995,,1907300,,
1,1,,0.010303,0.201995,0.184231,0.148988,0.0443,0.094109,0.041501,0.125573,0.061238,0.087762,,1877000,,
1,1,,0.012719,0.190634,0.114977,0.184915,0.045716,0.148905,0.048873,0.07015,0.063568,0.119544,,1910100,,
1,1,,0.047216,0.319724,0.096833,0.048279,0.067619,0.051753,0.030268,0.143411,0.14549,0.049409,,1944400,,
1,1,,0.009315,0.255518,0.154909,0.130206,0.055585,0.116547,0.023841,0.111957,0.054561,0.08756,,1893900,,
1,1,,0.048843,0.29133,0.09672,0.014957,0.191444,0.057127,0.096928,0.073214,0.120012,0.009425,,1877000,,
1,1,,0.010275,0.282254,0.112816,0.102758,0.066295,0.120752,0.030976,0.1323,0.055142,0.086432,,1884800,,
1,1,,0.030319,0.311216,0.099381,0.014841,0.185856,0.056524,0.099271,0.062323,0.130222,0.010046,,1930400,,
1,1,,0.021913,0.269088,0.15564,0.109659,0.043704,0.116019,0.030617,0.071306,0.069271,0.112782,,1903500,,
1,1,,0.01864,0.254356,0.138316,0.112038,0.058971,0.085992,0.013159,0.158444,0.058911,0.101172,,1880200,,
1,1,,0.048713,0.281578,0.084261,0.113459,0.071742,0.085726,0.015127,0.089867,0.083206,0.12632,,1898600,,
1,1,,0.053878,0.338395,0.131778,0.022877,0.07107,0.031195,0.060089,0.088459,0.179785,0.022473,,1947300,,
1,2,,0.032799,0.168454,0.226763,0.075981,0.047743,0.036968,0.04186,0.15321,0.159821,0.0564,,1889900,,
1,1,,0.009237,0.27933,0.125795,0.129512,0.056061,0.099717,0.023102,0.133034,0.0564,0.087812,,1887300,,
1,1,,0.042588,0.323746,0.118028,0.018729,0.07077,0.041106,0.143647,0.051545,0.179138,0.010704,,1900900,,
1,1,,0.023229,0.2266,0.101465,0.084549,0.079891,0.117332,0.186566,0.061497,0.073806,0.045066,,1889000,,
1,1,,0.011814,0.291837,0.11984,0.095876,0.073834,0.101404,0.04811,0.109727,0.067744,0.079815,,1877600,,
1,1,,0.06429,0.26279,0.105377,0.020935,0.109205,0.051308,0.113379,0.069374,0.180814,0.022528,,1908300,,
1,1,,0.073313,0.238056,0.08531,0.01212,0.186277,0.056716,0.174494,0.06593,0.101087,0.006697,,1915700,,
1,8,,0.083691,0.232062,0.082255,0.062545,0.08792,0.025306,0.044554,0.101876,0.244815,0.034975,,1909200,,
1,1,,0.05375,0.256912,0.109786,0.01832,0.158283,0.056509,0.156262,0.075342,0.10285,0.011985,,1879000,,
1,1,,0.028346,0.240251,0.119095,0.102541,0.06061,0.089913,0.010527,0.143336,0.072818,0.132562,,1902600,,
1,1,,0.039986,0.250973,0.094982,0.020813,0.149397,0.057528,0.076646,0.12204,0.173817,0.013817,,1908700,,
1,1,,0.015271,0.199719,0.122808,0.148461,0.046136,0.186894,0.045218,0.052725,0.036376,0.146392,,1909200,,
1,1,,0.018781,0.320505,0.119038,0.054197,0.111093,0.068681,0.065959,0.090982,0.107633,0.04313,,1903800,,
1,1,,0.0372,0.17178,0.131535,0.158008,0.042085,0.164272,0.040876,0.058577,0.032559,0.163109,,1911200,,
1,1,,0.063293,0.285612,0.081995,0.047955,0.100724,0.046593,0.045814,0.100307,0.150892,0.076815,,1897000,,
1,5,,0.0206,0.17877,0.116765,0.132703,0.048939,0.186879,0.060218,0.064655,0.069124,0.121348,,1879900,,
1,1,,0.011638,0.192274,0.148699,0.113253,0.047791,0.189534,0.059722,0.060922,0.059414,0.116755,,2159600,,
1,1,,0.041542,0.255977,0.083218,0.075418,0.131752,0.077471,0.065035,0.099491,0.121436,0.04866,,1910100,,
1,5,,0.019841,0.163659,0.134381,0.12683,0.050083,0.190326,0.064473,0.060657,0.075705,0.114044,,1879300,,
1,1,,0.018145,0.299729,0.107393,0.055596,0.098378,0.068643,0.090042,0.127781,0.090691,0.043601,,1879000,,
1,1,,0.04082,0.326732,0.098172,0.020667,0.097447,0.048879,0.069737,0.133057,0.148533,0.015957,,1881600,,
1,1,,0.02823,0.260565,0.100068,0.133202,0.048304,0.146874,0.013509,0.070438,0.057855,0.140953,,1893200,,
1,1,,0.061977,0.304641,0.080502,0.022011,0.113825,0.023311,0.038447,0.152416,0.176748,0.026122,,1874900,,
1,1,,0.065007,0.285156,0.071113,0.019226,0.145824,0.030667,0.041977,0.13138,0.18464,0.025009,,1867800,,
1,1,,0.03276,0.272918,0.093677,0.10489,0.103288,0.116942,0.039343,0.088061,0.053707,0.094413,,1950500,,
1,5,,0.011275,0.161165,0.181677,0.095961,0.050212,0.18822,0.063516,0.060195,0.086776,0.101003,,1888200,,
1,1,,0.034572,0.287664,0.097474,0.016358,0.18677,0.052744,0.088388,0.081566,0.140909,0.013554,,1860200,,
1,1,,0.093514,0.240931,0.075123,0.013539,0.215995,0.057337,0.118508,0.083041,0.092841,0.009171,,1916200,,
1,1,,0.053738,0.27875,0.179612,0.028903,0.059911,0.018259,0.059802,0.092989,0.20039,0.027646,,1889800,,
1,1,,0.011836,0.232236,0.173573,0.085256,0.072054,0.126491,0.063974,0.072259,0.070634,0.091687,,1858400,,
1,1,,0.062854,0.225886,0.088953,0.024468,0.147997,0.033684,0.05871,0.138038,0.192763,0.026647,,1864200,,
1,1,,0.063143,0.25454,0.088832,0.021489,0.141836,0.026723,0.047287,0.132705,0.196431,0.027014,,1880300,,
1,1,,0.01214,0.253047,0.115935,0.112619,0.077011,0.145895,0.022496,0.090867,0.058274,0.111715,,1929300,,
1,3,,0.013219,0.15825,0.108025,0.187074,0.047012,0.158514,0.075444,0.062438,0.0586,0.131425,,1880400,,
1,1,,0.061667,0.241926,0.08185,0.041059,0.177234,0.095163,0.099497,0.084339,0.068169,0.049097,,1874300,,
1,3,,0.013036,0.180407,0.11856,0.182575,0.045656,0.151047,0.055498,0.069008,0.058122,0.126091,,1883700,,
1,3,,0.045467,0.182113,0.108935,0.229871,0.039182,0.096835,0.015648,0.07605,0.044625,0.161275,,1881500,,
1,1,,0.039237,0.309464,0.102762,0.017961,0.138049,0.042692,0.080038,0.109545,0.147321,0.01293,,1871900,,
1,1,,0.018764,0.208499,0.125872,0.114284,0.057699,0.080545,0.010945,0.198352,0.062496,0.122544,,1903800,,
1,5,,0.01098,0.163891,0.164243,0.124834,0.051695,0.177068,0.059513,0.059988,0.088487,0.099301,,1896500,,
1,1,,0.010496,0.241514,0.117577,0.09755,0.088014,0.13962,0.022672,0.085607,0.092348,0.104601,,1870200,,
1,1,,0.009302,0.281834,0.145422,0.109835,0.057018,0.116577,0.022782,0.11314,0.056196,0.087892,,1914500,,
1,9,,0.047554,0.180667,0.083749,0.163175,0.04325,0.110659,0.01561,0.06778,0.067955,0.219602,,1931400,,
1,1,,0.038744,0.273794,0.085721,0.106053,0.078623,0.131004,0.025914,0.083126,0.06409,0.11293,,1890400,,
1,2,,0.011201,0.163158,0.19824,0.091459,0.051228,0.166746,0.069231,0.059377,0.091691,0.09767,,1886000,,
1,1,,0.009551,0.31471,0.12509,0.102187,0.059148,0.091904,0.027185,0.120208,0.069725,0.080291,,1867900,,
1,1,,0.047787,0.236019,0.084224,0.160911,0.07341,0.086782,0.020648,0.091403,0.069023,0.129793,,1882300,,
1,1,,0.026466,0.293347,0.138836,0.016364,0.119603,0.051688,0.13228,0.073457,0.138501,0.009457,,1880000,,
1,1,,0.033767,0.30438,0.099711,0.015816,0.175096,0.052057,0.089527,0.088267,0.131212,0.010167,,1869500,,
1,1,,0.055142,0.292463,0.113497,0.023994,0.076759,0.025096,0.040988,0.158985,0.185847,0.027228,,1968800,,
1,1,,0.050536,0.235896,0.091618,0.086602,0.081379,0.069645,0.047971,0.148033,0.087671,0.100649,,1898500,,
1,1,,0.027953,0.271416,0.102532,0.015386,0.171959,0.056529,0.122514,0.079031,0.142597,0.010084,,1908200,,
1,1,,0.028988,0.278873,0.114748,0.016421,0.174441,0.052985,0.130463,0.065584,0.12877,0.008727,,1873100,,
1,1,,0.019907,0.330402,0.161771,0.046944,0.085885,0.058123,0.076617,0.062997,0.114959,0.042395,,1902600,,
1,1,,0.030086,0.224163,0.157198,0.181775,0.037808,0.089127,0.033713,0.077275,0.044996,0.123859,,1892600,,
1,1,,0.025864,0.3221,0.106317,0.046609,0.102468,0.066331,0.064549,0.118665,0.107683,0.039413,,1880400,,
1,5,,0.012888,0.184143,0.113755,0.145835,0.047704,0.184918,0.0508,0.059925,0.063142,0.136891,,1884500,,
1,1,,0.085922,0.231783,0.076196,0.014189,0.129257,0.054531,0.05002,0.152484,0.192853,0.012764,,1941300,,
1,1,,0.015504,0.278533,0.120761,0.134925,0.042812,0.140454,0.027178,0.065666,0.053443,0.120725,,1916900,,
1,1,,0.040206,0.218948,0.16236,0.091123,0.05629,0.112133,0.042457,0.084871,0.101568,0.090044,,1879600,,
1,9,,0.034858,0.174162,0.114315,0.193859,0.038022,0.104082,0.018925,0.072279,0.048955,0.200542,,1887800,,
1,3,,0.02621,0.157539,0.115984,0.186209,0.061914,0.147724,0.044676,0.05938,0.039721,0.160642,,1889800,,
1,1,,0.017803,0.254356,0.116828,0.119405,0.043928,0.170792,0.027213,0.060354,0.055574,0.133748,,1884500,,
1,1,,0.043822,0.237475,0.092471,0.071719,0.113877,0.087423,0.046046,0.123051,0.095097,0.08902,,1886300,,
1,1,,0.033887,0.246952,0.10496,0.018253,0.168545,0.052979,0.097665,0.089004,0.176396,0.011361,,1887800,,
1,1,,0.044316,0.273214,0.101573,0.097774,0.079229,0.112945,0.041994,0.084907,0.069893,0.094156,,2069800,,
1,1,,0.024992,0.314065,0.110683,0.04011,0.115211,0.069312,0.101161,0.079756,0.111794,0.032916,,1876500,,
1,1,,0.047106,0.236427,0.102502,0.120283,0.074859,0.120563,0.042677,0.088005,0.069752,0.097827,,1882300,,
1,1,,0.024849,0.290499,0.114017,0.145098,0.04054,0.094512,0.015112,0.074679,0.06599,0.134704,,1894900,,
1,1,,0.010491,0.275013,0.119723,0.094908,0.066552,0.127683,0.050316,0.096942,0.062166,0.096205,,1888400,,
1,1,,0.04769,0.185969,0.088458,0.145568,0.089389,0.109014,0.019805,0.12792,0.072448,0.113738,,1868400,,
1,1,,0.048639,0.215302,0.086027,0.113999,0.076825,0.110638,0.039771,0.090905,0.129122,0.088771,,1896400,,
1,1,,0.061883,0.266118,0.072492,0.017486,0.126786,0.034732,0.040266,0.190267,0.165548,0.024421,,1889500,,
1,1,,0.061899,0.244588,0.117756,0.020433,0.1115,0.053914,0.199499,0.053982,0.127101,0.009328,,1915500,,
1,1,,0.013969,0.193785,0.192029,0.105948,0.06203,0.128775,0.092965,0.065603,0.055842,0.089054,,1889100,,
1,1,,0.040691,0.265136,0.08948,0.048418,0.129727,0.081626,0.078802,0.082649,0.133834,0.049637,,1925100,,
1,1,,0.103427,0.202032,0.101598,0.012083,0.169005,0.055722,0.172061,0.099384,0.076966,0.007722,,1900700,,
1,1,,0.056611,0.25267,0.088045,0.042492,0.098127,0.050749,0.047319,0.148751,0.186789,0.028445,,1878600,,
1,1,,0.025143,0.30591,0.126327,0.053667,0.110629,0.066252,0.056788,0.105598,0.108503,0.041183,,1889000,,
1,1,,0.032081,0.207133,0.09749,0.141193,0.050052,0.107991,0.018859,0.125624,0.056909,0.162666,,1907900,,
1,1,,0.058602,0.222456,0.102616,0.171769,0.067657,0.077263,0.040239,0.085148,0.069501,0.10475,,1890700,,
1,1,,0.047616,0.257599,0.086476,0.109332,0.071511,0.1221,0.024901,0.088496,0.069538,0.122433,,1898300,,
1,1,,0.009872,0.239262,0.133432,0.096385,0.06238,0.158858,0.019561,0.098983,0.077479,0.103789,,1922700,,
1,1,,0.034884,0.261314,0.150576,0.062756,0.068518,0.074823,0.034314,0.095185,0.166007,0.051622,,1895600,,
1,1,,0.00926,0.303881,0.12435,0.109502,0.049025,0.099719,0.022262,0.133051,0.060465,0.088485,,1871900,,
1,1,,0.021947,0.272112,0.158587,0.101703,0.043937,0.090133,0.028342,0.070845,0.101228,0.111166,,1907700,,
1,1,,0.033134,0.252882,0.094894,0.125133,0.081559,0.11899,0.060046,0.078531,0.06061,0.094221,,1908000,,
1,1,,0.064768,0.265167,0.082202,0.098367,0.085224,0.040325,0.028761,0.088237,0.191132,0.055818,,1884100,,
1,4,,0.10948,0.186595,0.097116,0.010267,0.22991,0.06009,0.187231,0.048773,0.064835,0.005703,,1870500,,
2,2,,0.030207,0.177714,0.206435,0.094005,0.077564,0.083836,0.06581,0.108774,0.105184,0.050471,,1985000,,
2,3,,0.023148,0.163501,0.163609,0.191399,0.037057,0.122984,0.00979,0.072973,0.056154,0.159384,,1931400,,
2,2,,0.010801,0.144823,0.266477,0.155051,0.046154,0.101015,0.062828,0.069733,0.057668,0.085449,,1891100,,
2,2,,0.0629,0.1545,0.22601,0.035624,0.066768,0.024129,0.056408,0.147032,0.197083,0.029546,,1881000,,
2,2,,0.033338,0.207456,0.22641,0.031444,0.075901,0.050731,0.123289,0.090512,0.142663,0.018256,,1899000,,
2,2,,0.020361,0.140358,0.207492,0.139575,0.037343,0.101741,0.026314,0.143927,0.080148,0.102742,,1892400,,
2,2,,0.020821,0.145657,0.26545,0.145481,0.037002,0.077625,0.02541,0.10239,0.079741,0.100424,,1880300,,
2,2,,0.057651,0.151766,0.30442,0.041907,0.046581,0.027794,0.052957,0.103061,0.185318,0.028545,,1885800,,
2,2,,0.019337,0.146713,0.276627,0.082238,0.077019,0.083335,0.07704,0.073398,0.124578,0.039713,,1904800,,
2,2,,0.020656,0.146497,0.331321,0.038121,0.060152,0.04473,0.13427,0.051534,0.15603,0.01669,,2059800,,
2,2,,0.01372,0.123902,0.261482,0.131916,0.0458,0.134273,0.056016,0.090048,0.057432,0.085412,,1940000,,
2,1,,0.085874,0.190792,0.189116,0.030167,0.130119,0.058829,0.146516,0.037608,0.112175,0.018803,,1960700,,
2,2,,0.044507,0.150862,0.23577,0.073374,0.060056,0.060192,0.058748,0.135334,0.151203,0.029955,,1908600,,
2,2,,0.010819,0.144421,0.282289,0.111544,0.047281,0.106585,0.062828,0.085825,0.05926,0.089149,,1882000,,
2,2,,0.010898,0.117689,0.215125,0.176695,0.043397,0.149869,0.026977,0.089711,0.050919,0.11872,,1864500,,
2,2,,0.091786,0.133059,0.260023,0.040482,0.099427,0.048498,0.189829,0.026783,0.096825,0.013289,,1890900,,
2,2,,0.009724,0.155865,0.232188,0.136509,0.048538,0.112875,0.045245,0.107169,0.057785,0.094101,,1886400,,
2,2,,0.01038,0.164552,0.253233,0.142853,0.039203,0.092182,0.056182,0.093163,0.060287,0.087966,,1929000,,
2,3,,0.022207,0.140878,0.141651,0.202251,0.040402,0.112161,0.054934,0.106859,0.062848,0.115809,,1876400,,
2,2,,0.010591,0.143719,0.314911,0.11134,0.040098,0.097752,0.059591,0.068901,0.062787,0.09031,,1906100,,
2,2,,0.015017,0.146039,0.293385,0.100028,0.049954,0.084775,0.065461,0.093043,0.083513,0.068786,,1886100,,
2,2,,0.011271,0.168658,0.195873,0.13141,0.049243,0.112009,0.018956,0.130171,0.088706,0.093703,,1859000,,
2,2,,0.069805,0.151686,0.231769,0.065946,0.049005,0.02626,0.049574,0.128342,0.193182,0.03443,,1907700,,
2,2,,0.020093,0.153612,0.214517,0.145976,0.040009,0.088942,0.013465,0.139026,0.08267,0.101689,,1905400,,
2,1,,0.020381,0.230026,0.219693,0.038192,0.070658,0.050922,0.11652,0.091453,0.143512,0.018643,,1901800,,
2,2,,0.011125,0.145551,0.277548,0.105652,0.047624,0.11058,0.062809,0.084317,0.061343,0.093451,,1920200,,
2,2,,0.021014,0.179627,0.30372,0.032816,0.059441,0.04107,0.154703,0.041792,0.144638,0.021178,,1905000,,
2,2,,0.021154,0.201181,0.293138,0.033809,0.064086,0.039015,0.156496,0.037859,0.138283,0.014979,,1961600,,
2,2,,0.037746,0.164448,0.305283,0.066168,0.040975,0.05838,0.046527,0.066517,0.161045,0.052909,,1879800,,
2,3,,0.020482,0.158229,0.16477,0.186306,0.052548,0.084756,0.010011,0.15982,0.060524,0.102555,,1893800,,
2,3,,0.039226,0.119734,0.131151,0.17597,0.035283,0.130708,0.046318,0.113469,0.049374,0.158768,,1889700,,
2,2,,0.021156,0.122194,0.207885,0.191271,0.036505,0.120442,0.029907,0.085476,0.054257,0.130908,,1870600,,
2,2,,0.053518,0.144502,0.280913,0.067442,0.08652,0.077702,0.09466,0.056519,0.093677,0.044546,,1881800,,
2,2,,0.015495,0.148133,0.198254,0.138233,0.045207,0.085802,0.068672,0.14871,0.082953,0.068541,,2070400,,
2,2,,0.010913,0.121485,0.231174,0.104706,0.050613,0.107199,0.082453,0.111911,0.089188,0.090358,,1885200,,
2,2,,0.011214,0.162018,0.275126,0.101992,0.052556,0.094069,0.064668,0.068522,0.08626,0.083575,,1860400,,
2,2,,0.011234,0.118339,0.263801,0.181814,0.042485,0.108058,0.05164,0.07108,0.047139,0.104411,,1858300,,
2,2,,0.014186,0.152687,0.234859,0.126443,0.058137,0.133616,0.048284,0.072347,0.06841,0.091031,,1884400,,
2,2,,0.026015,0.087643,0.288471,0.120782,0.053935,0.095253,0.102327,0.062159,0.086844,0.076571,,1873700,,
2,2,,0.074871,0.183874,0.22414,0.052714,0.049063,0.042264,0.077339,0.059429,0.211388,0.024918,,1863500,,
2,2,,0.0339,0.174316,0.294997,0.033284,0.084888,0.054716,0.11934,0.047393,0.141163,0.016003,,1870200,,
2,2,,0.013648,0.122635,0.228385,0.200479,0.03883,0.127691,0.036065,0.071307,0.052069,0.108892,,1917800,,
2,2,,0.010578,0.150035,0.285424,0.110969,0.041532,0.097782,0.058532,0.090084,0.064423,0.090642,,1907400,,
2,2,,0.011144,0.141545,0.275838,0.101175,0.048866,0.117233,0.062809,0.086531,0.06159,0.093268,,1879700,,
2,3,,0.01227,0.120304,0.175198,0.217211,0.063397,0.146892,0.03444,0.064915,0.042892,0.122481,,1932300,,
2,2,,0.01038,0.145679,0.309664,0.126093,0.039203,0.091517,0.056182,0.073163,0.061333,0.086785,,1875400,,
2,2,,0.050501,0.182814,0.222282,0.059645,0.105603,0.052661,0.107927,0.055502,0.146392,0.016674,,1860600,,
2,2,,0.010801,0.14595,0.302909,0.118292,0.046154,0.100351,0.062828,0.069733,0.058714,0.084268,,1861100,,
2,2,,0.010137,0.151228,0.298258,0.123509,0.04059,0.098764,0.047524,0.076038,0.067029,0.086923,,1889600,,
2,6,,0.064886,0.114183,0.15326,0.137371,0.091961,0.069039,0.17083,0.036028,0.126358,0.036084,,1914900,,
2,9,,0.11304,0.106545,0.079578,0.162338,0.050193,0.119138,0.015727,0.075314,0.026082,0.252046,,1892800,,
2,2,,0.013253,0.150841,0.229162,0.133633,0.051136,0.136762,0.037228,0.102062,0.058087,0.087835,,1872300,,
2,2,,0.035347,0.211368,0.212588,0.043271,0.099566,0.055766,0.105648,0.059083,0.163389,0.013974,,1900400,,
2,2,,0.010894,0.138675,0.209316,0.185969,0.053635,0.117901,0.032957,0.098906,0.048694,0.103054,,1867400,,
2,2,,0.055211,0.166064,0.282942,0.03914,0.093146,0.062629,0.115072,0.046413,0.116143,0.023241,,1864000,,
2,1,,0.021598,0.223465,0.211531,0.032768,0.095059,0.040541,0.140211,0.084123,0.134353,0.016352,,1893100,,
2,2,,0.022129,0.169468,0.285375,0.029868,0.072801,0.041233,0.191679,0.037019,0.136793,0.013637,,1889800,,
2,3,,0.018045,0.149985,0.152573,0.194184,0.050057,0.112084,0.020248,0.072928,0.03819,0.191706,,1888100,,
2,2,,0.062298,0.143329,0.218501,0.064092,0.077284,0.07437,0.162423,0.077577,0.075277,0.04485,,1903800,,
2,2,,0.037657,0.139704,0.295796,0.087423,0.045639,0.064904,0.051102,0.092753,0.140222,0.044802,,1905000,,
2,2,,0.010133,0.193898,0.232612,0.114754,0.047148,0.103149,0.054993,0.102644,0.055145,0.085525,,1877500,,
2,2,,0.032965,0.136644,0.280584,0.087164,0.045562,0.096372,0.046801,0.088535,0.126873,0.0585,,1853400,,
2,2,,0.014011,0.145577,0.256302,0.102442,0.048438,0.127693,0.055938,0.087455,0.066317,0.095827,,1870600,,
2,2,,0.016538,0.174876,0.25128,0.092827,0.05159,0.078222,0.081598,0.101958,0.081827,0.069284,,1878700,,
2,9,,0.0389,0.117517,0.13491,0.15182,0.059449,0.149912,0.019868,0.093507,0.056582,0.177534,,1869200,,
2,1,,0.04318,0.19963,0.180554,0.045656,0.083513,0.049779,0.107403,0.130759,0.142419,0.017106,,1865000,,
2,2,,0.010365,0.150605,0.233502,0.153988,0.046538,0.099111,0.054049,0.104711,0.063341,0.083789,,1930900,,
2,2,,0.095762,0.106114,0.275917,0.03329,0.09645,0.041285,0.226925,0.024367,0.086728,0.013161,,1877600,,
2,2,,0.015359,0.191266,0.253391,0.080435,0.053048,0.101109,0.066438,0.065106,0.092443,0.081405,,1867800,,
2,3,,0.010445,0.130175,0.192932,0.203787,0.047411,0.0993,0.037501,0.130692,0.043088,0.104669,,1856000,,
2,2,,0.108898,0.123015,0.196358,0.038025,0.15875,0.065163,0.193635,0.028097,0.076371,0.011689,,1882900,,
2,6,,0.106687,0.075711,0.148421,0.04455,0.141634,0.090544,0.274389,0.029064,0.080477,0.008524,,1881900,,
2,2,,0.021923,0.119233,0.229318,0.125993,0.039059,0.123184,0.025462,0.080576,0.076433,0.158819,,1860200,,
2,2,,0.019431,0.15395,0.287571,0.094512,0.070478,0.092315,0.059875,0.069906,0.085027,0.066934,,1887500,,
2,2,,0.032671,0.198695,0.240863,0.059574,0.078219,0.076843,0.098425,0.047234,0.14697,0.020508,,1928000,,
2,2,,0.016565,0.144723,0.279991,0.090729,0.050219,0.083822,0.097517,0.062557,0.10854,0.065338,,1883700,,
2,2,,0.020722,0.192181,0.297948,0.03908,0.057664,0.037045,0.155781,0.042118,0.14092,0.016543,,1857400,,
2,9,,0.026,0.141065,0.148694,0.140474,0.038877,0.149875,0.022434,0.096864,0.052905,0.182811,,1884900,,
2,2,,0.010814,0.139634,0.312396,0.118663,0.04472,0.100321,0.063887,0.06855,0.057079,0.083936,,1879200,,
2,2,,0.056578,0.177907,0.220718,0.035129,0.067218,0.023406,0.057873,0.147161,0.181426,0.032584,,1866700,,
2,2,,0.077579,0.163536,0.204377,0.07156,0.048589,0.060366,0.080354,0.084479,0.16517,0.04399,,1869800,,
2,2,,0.011007,0.142115,0.315564,0.115953,0.044833,0.09153,0.067295,0.06855,0.059168,0.083984,,1936300,,
2,2,,0.080549,0.133928,0.219026,0.029415,0.105701,0.048985,0.207792,0.061045,0.098457,0.015102,,1875300,,
2,2,,0.011343,0.115341,0.1702,0.130503,0.084498,0.16007,0.056221,0.112974,0.047823,0.111026,,1923800,,
2,2,,0.045787,0.133673,0.290372,0.060745,0.054026,0.070239,0.098155,0.071491,0.153088,0.022424,,1903000,,
2,2,,0.059481,0.163016,0.239144,0.04117,0.091937,0.04603,0.206299,0.032653,0.106243,0.014028,,1908800,,
2,2,,0.010179,0.176137,0.224853,0.136953,0.041501,0.11593,0.052227,0.090449,0.058491,0.093281,,1890300,,
2,2,,0.033803,0.142157,0.310316,0.045351,0.053424,0.029705,0.080695,0.108883,0.163171,0.032495,,1878800,,
2,2,,0.01056,0.140346,0.251201,0.155535,0.044923,0.107204,0.057939,0.084982,0.056171,0.09114,,1928400,,
2,2,,0.011107,0.14708,0.298169,0.1124,0.046498,0.104345,0.062809,0.068225,0.060797,0.088571,,1951500,,
2,3,,0.02829,0.156634,0.138398,0.178679,0.057188,0.138538,0.013,0.079248,0.043839,0.166186,,1865400,,
2,6,,0.101611,0.123592,0.187359,0.044005,0.106759,0.061522,0.23119,0.024953,0.103027,0.015982,,1907700,,
2,2,,0.013299,0.141845,0.287367,0.117663,0.038505,0.113566,0.04937,0.093124,0.059916,0.085344,,1949800,,
2,2,,0.010895,0.144784,0.27563,0.103439,0.047578,0.137797,0.05521,0.066009,0.065404,0.093256,,1869600,,
2,2,,0.02071,0.146325,0.283813,0.126846,0.03684,0.082378,0.028681,0.1013,0.075568,0.097539,,1852500,,
2,2,,0.010602,0.137338,0.289857,0.109703,0.0458,0.113772,0.056287,0.086334,0.061686,0.088622,,1868300,,
2,2,,0.030482,0.109771,0.290179,0.06678,0.061713,0.067515,0.122964,0.080423,0.147666,0.022506,,1928500,,
2,2,,0.057277,0.116477,0.225241,0.086585,0.074907,0.067908,0.13866,0.037261,0.157171,0.038512,,1872100,,
2,2,,0.044523,0.170986,0.183356,0.144591,0.083158,0.047304,0.146237,0.03686,0.109961,0.033023,,1858600,,
2,2,,0.059278,0.18821,0.248881,0.025839,0.107657,0.06138,0.136981,0.040025,0.119199,0.012551,,1900700,,
2,2,,0.012569,0.145382,0.255869,0.115796,0.046015,0.124969,0.050616,0.085983,0.059821,0.102981,,1916700,,
2,7,,0.020412,0.118709,0.176233,0.143987,0.03965,0.095297,0.007215,0.20843,0.084259,0.105806,,1881500,,
2,2,,0.021143,0.158221,0.308824,0.036841,0.065315,0.037558,0.16524,0.039083,0.152212,0.015564,,1883300,,
2,2,,0.021577,0.114172,0.230228,0.174225,0.035366,0.110661,0.013614,0.107352,0.073827,0.118977,,1881600,,
2,5,,0.011175,0.124806,0.176635,0.177009,0.039224,0.187348,0.027521,0.068423,0.056241,0.131619,,1882000,,
2,2,,0.011066,0.110973,0.236384,0.15237,0.03848,0.148456,0.05732,0.095751,0.04782,0.101381,,1861500,,
2,2,,0.011157,0.155636,0.223521,0.168599,0.042485,0.108182,0.05164,0.089458,0.047051,0.102271,,1869600,,
2,2,,0.018232,0.170508,0.306726,0.071741,0.054393,0.058676,0.124652,0.049623,0.101412,0.044038,,1904700,,
2,2,,0.013739,0.141263,0.267008,0.110986,0.047725,0.122562,0.055978,0.088314,0.066903,0.085521,,1926700,,
2,2,,0.021707,0.148782,0.311285,0.103828,0.040821,0.07743,0.037855,0.082341,0.098518,0.077432,,1859500,,
2,2,,0.019993,0.113749,0.229925,0.154489,0.03376,0.147092,0.042324,0.098323,0.051617,0.108727,,1872600,,
2,2,,0.057516,0.205802,0.243978,0.050841,0.055081,0.019472,0.067448,0.081371,0.191452,0.027038,,1890700,,
3,3,,0.047976,0.126385,0.102068,0.212499,0.042795,0.085742,0.039053,0.069456,0.168273,0.105754,,1877400,,
3,3,,0.029244,0.125561,0.1021,0.296853,0.051347,0.099707,0.0219,0.092769,0.030822,0.149699,,1860400,,
3,3,,0.058876,0.116277,0.103087,0.219561,0.050603,0.083829,0.051265,0.080101,0.118102,0.118299,,1884200,,
3,1,,0.054726,0.209556,0.107277,0.140576,0.063636,0.059488,0.0452,0.085171,0.167854,0.066517,,1879100,,
3,3,,0.011938,0.110399,0.15421,0.31662,0.034446,0.111791,0.026127,0.06498,0.036975,0.132515,,1891000,,
3,3,,0.023139,0.120254,0.107692,0.277564,0.054128,0.13659,0.030083,0.086322,0.025273,0.138954,,1878500,,
3,3,,0.04712,0.12956,0.091961,0.251021,0.061284,0.08878,0.043493,0.099974,0.040942,0.145865,,1897400,,
3,3,,0.021699,0.106363,0.12412,0.290648,0.033497,0.122431,0.007457,0.07643,0.073982,0.143375,,1871000,,
3,3,,0.015625,0.110143,0.15468,0.281852,0.037304,0.139077,0.026794,0.067539,0.03472,0.132265,,1882600,,
3,3,,0.04306,0.132754,0.106254,0.252665,0.052969,0.117892,0.059431,0.076175,0.049906,0.108893,,1872600,,
3,3,,0.032484,0.119934,0.099726,0.276264,0.042521,0.11877,0.01424,0.10392,0.043415,0.148725,,1899900,,
3,3,,0.032881,0.12494,0.102003,0.313602,0.035186,0.103137,0.018486,0.074959,0.041915,0.15289,,1869000,,
3,3,,0.02489,0.131455,0.129387,0.273452,0.03522,0.103437,0.008019,0.080549,0.048626,0.164966,,1862100,,
3,3,,0.021761,0.128558,0.122089,0.279869,0.034209,0.122544,0.007729,0.079469,0.063537,0.140234,,1916300,,
3,7,,0.038391,0.141131,0.122125,0.147253,0.054381,0.113812,0.01998,0.188772,0.07496,0.099196,,1886900,,
3,1,,0.073323,0.165721,0.11202,0.103591,0.063453,0.09329,0.039808,0.139794,0.151519,0.057482,,1870400,,
3,3,,0.015001,0.137768,0.12904,0.272639,0.035308,0.145034,0.01952,0.068691,0.048518,0.12848,,1908400,,
3,3,,0.049387,0.099473,0.105921,0.287859,0.059099,0.096793,0.008683,0.078426,0.028935,0.185424,,1887700,,
3,3,,0.022011,0.132036,0.129609,0.246712,0.036731,0.120654,0.010443,0.099385,0.056492,0.145927,,1870200,,
3,3,,0.023749,0.1375,0.114491,0.256853,0.04395,0.126674,0.046775,0.077755,0.028583,0.14367,,1853600,,
3,3,,0.027275,0.132579,0.10512,0.268035,0.070575,0.121818,0.041783,0.07241,0.04916,0.111247,,1877100,,
3,3,,0.021569,0.166007,0.111297,0.285091,0.034271,0.093956,0.010328,0.07833,0.057075,0.142074,,1985800,,
3,8,,0.069053,0.154444,0.105325,0.130312,0.078585,0.068563,0.086958,0.07533,0.172617,0.058813,,1894000,,
3,3,,0.040826,0.10967,0.131661,0.197355,0.04297,0.091603,0.062759,0.056399,0.156068,0.110688,,1866200,,
3,3,,0.023662,0.131534,0.095687,0.299505,0.039084,0.112707,0.036305,0.065598,0.03073,0.165187,,1902600,,
3,3,,0.021492,0.163305,0.111018,0.271875,0.034271,0.09408,0.010328,0.096708,0.056988,0.139935,,1877400,,
3,3,,0.088398,0.106942,0.113832,0.188991,0.041186,0.068107,0.03775,0.084022,0.122424,0.148347,,1873800,,
3,3,,0.021022,0.158071,0.149627,0.18616,0.035849,0.126298,0.018735,0.099266,0.064085,0.140887,,1894200,,
3,3,,0.022002,0.180335,0.119322,0.233868,0.038111,0.108274,0.015804,0.101704,0.04153,0.13905,,1886100,,
3,3,,0.05216,0.073979,0.135237,0.226973,0.041469,0.091617,0.026341,0.087767,0.094824,0.169633,,1885100,,
3,3,,0.021436,0.12065,0.128627,0.297933,0.033767,0.096685,0.006933,0.077403,0.073465,0.143101,,1861400,,
3,3,,0.036169,0.156563,0.107442,0.262079,0.042457,0.100011,0.039828,0.072963,0.059119,0.123369,,1893000,,
3,3,,0.047427,0.133184,0.097161,0.267146,0.044119,0.109539,0.050792,0.080844,0.041587,0.1282,,1890000,,
3,3,,0.018423,0.124999,0.113325,0.240505,0.065614,0.141979,0.020226,0.124971,0.025187,0.12477,,1876200,,
3,3,,0.018113,0.139615,0.118764,0.301691,0.032489,0.101192,0.020927,0.069481,0.05991,0.137818,,1853900,,
3,3,,0.021776,0.109065,0.144399,0.263863,0.033497,0.122307,0.007457,0.078052,0.054069,0.165514,,1889300,,
3,5,,0.02582,0.15991,0.089374,0.113312,0.087699,0.201552,0.055785,0.078439,0.044033,0.144075,,1870900,,
3,3,,0.011925,0.133802,0.127421,0.290954,0.035537,0.140611,0.025069,0.06581,0.037428,0.131443,,1923500,,
3,3,,0.023356,0.130404,0.120427,0.285397,0.03874,0.108712,0.036324,0.067106,0.028647,0.160885,,1887800,,
3,3,,0.044215,0.120856,0.118829,0.260971,0.034478,0.105182,0.017705,0.09348,0.035566,0.168718,,1884700,,
