optical,CWE,test,2,NANOSECONDS,PREDICTIONS, Generated by ClassifierExperiments.java on 2022-05-16 22:41:49.    SYSTEMPROPERTIES:{user.name:matth,os.arch:amd64,os.name:Windows 10},ENDSYSTEMPROPERTIES
No parameter info
0.8733392382639504,2136742500,2320934200,-1,95265176,10,,-1,-1
0,0,,0.335802,0.057939,0.025407,0.032729,0.145353,0.036478,0.191964,0.057219,0.059649,0.05746,,2088200,,
0,0,,0.193091,0.061062,0.040166,0.079363,0.165256,0.145745,0.127809,0.056015,0.053661,0.077831,,2097400,,
0,0,,0.304338,0.065665,0.023435,0.078033,0.109924,0.033209,0.169352,0.071579,0.086417,0.058049,,1973300,,
0,0,,0.289585,0.057109,0.04311,0.037702,0.130046,0.034562,0.235436,0.055339,0.062898,0.054212,,2414900,,
0,0,,0.385997,0.071139,0.020883,0.047762,0.121822,0.043742,0.136161,0.06313,0.059639,0.049724,,1947300,,
0,0,,0.345533,0.052863,0.024023,0.053194,0.123449,0.033026,0.176133,0.057626,0.080848,0.053306,,1912000,,
0,0,,0.365533,0.036347,0.024023,0.033194,0.128449,0.033026,0.209467,0.055808,0.060848,0.053306,,2045600,,
0,0,,0.224416,0.057815,0.034337,0.071787,0.1055,0.202854,0.143667,0.04692,0.046414,0.066291,,1961300,,
0,0,,0.365987,0.076304,0.027462,0.032914,0.117454,0.067794,0.128991,0.060179,0.057162,0.065752,,1930200,,
0,0,,0.370568,0.049999,0.02564,0.032055,0.121719,0.03776,0.205219,0.055246,0.055752,0.046041,,2031900,,
0,0,,0.343568,0.058239,0.022752,0.028978,0.17161,0.026718,0.132532,0.105533,0.06298,0.04709,,1932600,,
0,0,,0.297908,0.055453,0.029543,0.057665,0.161276,0.050524,0.139744,0.056509,0.057892,0.093485,,1898400,,
0,0,,0.408485,0.053026,0.022028,0.049918,0.116623,0.033224,0.135681,0.065251,0.062384,0.05338,,2104000,,
0,0,,0.26646,0.080634,0.041902,0.031139,0.150268,0.055044,0.219266,0.051302,0.059014,0.04497,,1884300,,
0,0,,0.31809,0.053753,0.024881,0.0694,0.153844,0.036528,0.165001,0.05661,0.05499,0.066902,,1887400,,
0,0,,0.368485,0.053026,0.022028,0.049918,0.116623,0.053224,0.135681,0.065251,0.082384,0.05338,,2008200,,
0,0,,0.349553,0.074893,0.022158,0.049124,0.149705,0.035014,0.153314,0.057689,0.055769,0.052779,,1905300,,
0,0,,0.303459,0.060139,0.039512,0.032821,0.13999,0.025767,0.154712,0.105043,0.089027,0.049529,,2235500,,
0,0,,0.328231,0.050498,0.028435,0.034949,0.127539,0.047039,0.22397,0.052684,0.056061,0.050594,,2422500,,
0,0,,0.328105,0.053999,0.025181,0.053071,0.11639,0.041698,0.149062,0.086099,0.08886,0.057535,,2216700,,
0,0,,0.388485,0.053026,0.022028,0.029918,0.116623,0.033224,0.135681,0.065251,0.102384,0.05338,,2242500,,
0,0,,0.336422,0.054387,0.022497,0.050163,0.184697,0.043584,0.117611,0.074853,0.06033,0.055457,,2268600,,
0,0,,0.405997,0.054624,0.020883,0.027762,0.126822,0.043742,0.149495,0.061312,0.059639,0.049724,,2429400,,
0,0,,0.323316,0.071157,0.026653,0.08426,0.117207,0.075536,0.144506,0.062275,0.053812,0.041278,,2217400,,
0,0,,0.302693,0.054092,0.023845,0.047468,0.15277,0.129733,0.14475,0.054339,0.050725,0.039583,,2611500,,
0,0,,0.342593,0.054977,0.019738,0.045686,0.131113,0.10457,0.136671,0.061662,0.056951,0.046037,,2228100,,
0,0,,0.335133,0.056857,0.045117,0.031256,0.128271,0.045959,0.183819,0.056307,0.053598,0.063684,,2209800,,
0,0,,0.341546,0.073795,0.022535,0.052725,0.137775,0.033281,0.172234,0.056546,0.056449,0.053113,,2501600,,
0,0,,0.340811,0.055813,0.021702,0.04876,0.144435,0.068072,0.136572,0.061993,0.0572,0.064642,,1919500,,
0,0,,0.376966,0.053443,0.023711,0.052852,0.136424,0.034907,0.135582,0.065585,0.062634,0.057896,,2013000,,
0,0,,0.376966,0.056928,0.023711,0.032852,0.121424,0.034907,0.148916,0.063766,0.082634,0.057896,,1988900,,
0,0,,0.243593,0.073398,0.039813,0.083281,0.099784,0.040254,0.168527,0.070331,0.083353,0.097667,,2122100,,
0,0,,0.39949,0.036987,0.021979,0.033235,0.121591,0.032854,0.153576,0.063433,0.083139,0.053715,,1911400,,
0,0,,0.345274,0.053977,0.02216,0.049323,0.141378,0.033163,0.135715,0.072259,0.062483,0.084268,,2037800,,
0,0,,0.330764,0.039111,0.023899,0.04432,0.163213,0.033974,0.156283,0.061768,0.083028,0.063639,,1921800,,
0,0,,0.328562,0.058525,0.022277,0.032252,0.153841,0.068472,0.143322,0.084061,0.058746,0.049941,,1897900,,
0,0,,0.355642,0.056038,0.024035,0.078798,0.110151,0.053919,0.135681,0.067355,0.064244,0.054136,,1903800,,
0,0,,0.307231,0.074455,0.029692,0.052729,0.140353,0.056478,0.15863,0.059037,0.059649,0.061746,,1895200,,
0,0,,0.35426,0.071246,0.020805,0.045709,0.114873,0.074974,0.136319,0.060761,0.060692,0.060361,,1899400,,
0,0,,0.326719,0.072798,0.022862,0.03341,0.116677,0.035132,0.162699,0.061552,0.060791,0.107359,,2193000,,
0,0,,0.405997,0.071139,0.020883,0.027762,0.121822,0.043742,0.136161,0.06313,0.059639,0.049724,,1957600,,
0,0,,0.300089,0.071573,0.024308,0.031346,0.154021,0.035783,0.220567,0.052658,0.058391,0.051265,,1901100,,
0,0,,0.314386,0.059613,0.035936,0.034668,0.12799,0.03502,0.224148,0.051349,0.061114,0.055775,,1892000,,
0,0,,0.37347,0.053893,0.023889,0.032603,0.134887,0.03673,0.16368,0.063031,0.060362,0.057454,,1893400,,
0,0,,0.388485,0.053026,0.022028,0.049918,0.116623,0.033224,0.135681,0.065251,0.062384,0.07338,,1875300,,
0,0,,0.41949,0.036987,0.021979,0.033235,0.121591,0.032854,0.153576,0.063433,0.063139,0.053715,,2179200,,
0,0,,0.334593,0.075891,0.021779,0.048962,0.129609,0.068108,0.138087,0.061928,0.056431,0.064613,,1880700,,
0,0,,0.428485,0.036511,0.022028,0.029918,0.121623,0.033224,0.149015,0.063433,0.062384,0.05338,,1895600,,
0,0,,0.294786,0.05518,0.034746,0.118857,0.105332,0.058758,0.145646,0.053762,0.05253,0.080402,,1983500,,
0,0,,0.356966,0.053443,0.023711,0.052852,0.136424,0.034907,0.135582,0.065585,0.062634,0.077896,,1899700,,
0,0,,0.345918,0.054478,0.027765,0.029219,0.128525,0.062558,0.209771,0.051136,0.0548,0.035831,,1873200,,
0,0,,0.292689,0.053016,0.024023,0.109363,0.116977,0.033562,0.17621,0.057414,0.061084,0.075664,,2042000,,
0,0,,0.228033,0.062783,0.039747,0.10359,0.129425,0.130832,0.149023,0.06057,0.044571,0.051425,,1893300,,
0,0,,0.311807,0.050064,0.030674,0.040878,0.132801,0.042026,0.223626,0.054587,0.054581,0.058955,,1893000,,
0,0,,0.323545,0.060819,0.038043,0.052726,0.149709,0.036386,0.140161,0.068398,0.058961,0.071251,,1949700,,
0,0,,0.282656,0.06801,0.034085,0.069406,0.122035,0.060267,0.113765,0.070472,0.062687,0.116616,,1931700,,
0,0,,0.251103,0.042376,0.06262,0.033229,0.143234,0.033876,0.228976,0.075882,0.066637,0.062067,,1887500,,
0,0,,0.41949,0.053502,0.021979,0.033235,0.116591,0.032854,0.140243,0.065251,0.063139,0.053715,,2065900,,
0,0,,0.345452,0.056369,0.034561,0.05322,0.121837,0.030709,0.184938,0.0612,0.060768,0.050946,,1909500,,
0,0,,0.37949,0.053502,0.021979,0.073235,0.116591,0.032854,0.140243,0.065251,0.063139,0.053715,,1925300,,
0,0,,0.335597,0.050839,0.027591,0.062192,0.114363,0.055831,0.161989,0.08018,0.059755,0.051662,,1928800,,
0,0,,0.283934,0.057599,0.033416,0.0682,0.13961,0.102061,0.136906,0.052338,0.051992,0.073945,,1898400,,
0,0,,0.33004,0.053862,0.024276,0.032482,0.116582,0.104449,0.172759,0.051475,0.051179,0.062895,,1889100,,
0,0,,0.330346,0.054883,0.02347,0.055712,0.152295,0.05751,0.144176,0.066557,0.064098,0.050953,,2154600,,
0,0,,0.299793,0.055433,0.030126,0.078675,0.114492,0.100324,0.126733,0.052716,0.056557,0.08515,,1941100,,
0,0,,0.391697,0.071015,0.021422,0.028637,0.121442,0.061148,0.136264,0.060309,0.057454,0.05061,,1912600,,
0,0,,0.369085,0.056962,0.033741,0.029162,0.142595,0.026761,0.145412,0.06402,0.082512,0.04975,,1960700,,
0,0,,0.377566,0.037257,0.022095,0.030393,0.142604,0.033359,0.169083,0.06384,0.068622,0.055182,,1910800,,
0,0,,0.334485,0.075587,0.021194,0.045679,0.126608,0.066952,0.144949,0.06224,0.062441,0.059864,,1889200,,
0,0,,0.328642,0.054696,0.020846,0.034535,0.137046,0.037688,0.136335,0.062156,0.109373,0.078683,,2078400,,
0,0,,0.349553,0.058378,0.022158,0.029124,0.154705,0.035014,0.186648,0.055871,0.055769,0.052779,,1916900,,
0,0,,0.312959,0.039927,0.025149,0.037139,0.115856,0.054051,0.151296,0.084331,0.084436,0.094856,,1901900,,
0,0,,0.41949,0.053502,0.021979,0.033235,0.116591,0.032854,0.140243,0.065251,0.063139,0.053715,,2049600,,
0,0,,0.313163,0.056006,0.019948,0.045294,0.181042,0.064546,0.13822,0.068604,0.05628,0.056897,,1922100,,
0,0,,0.323638,0.076116,0.040506,0.032946,0.129585,0.034381,0.195952,0.058513,0.061355,0.047008,,1991500,,
0,0,,0.346857,0.0512,0.025113,0.052222,0.120328,0.077336,0.164279,0.058878,0.05733,0.046456,,2369400,,
0,0,,0.386283,0.058259,0.021597,0.026686,0.139978,0.036838,0.145024,0.081302,0.060504,0.04353,,2247600,,
0,0,,0.323525,0.061225,0.022156,0.067237,0.149809,0.064961,0.138186,0.070108,0.056607,0.046186,,2233300,,
0,0,,0.371074,0.075394,0.021422,0.02862,0.150914,0.046254,0.136572,0.061996,0.057201,0.050554,,2201300,,
0,0,,0.33745,0.060102,0.022898,0.043342,0.128085,0.036698,0.137527,0.075989,0.092506,0.065403,,3777200,,
0,0,,0.328105,0.053999,0.025181,0.033071,0.13639,0.041698,0.149062,0.086099,0.08886,0.057535,,3659700,,
0,0,,0.277217,0.056964,0.037121,0.099888,0.099991,0.07976,0.147677,0.059309,0.05717,0.084904,,1948800,,
0,0,,0.346083,0.075967,0.034232,0.053257,0.127564,0.038593,0.150354,0.062233,0.060771,0.050947,,1962800,,
0,0,,0.340811,0.075813,0.021702,0.04876,0.124435,0.068072,0.136572,0.061993,0.0572,0.064642,,1874200,,
0,0,,0.177192,0.115684,0.055688,0.084124,0.088929,0.046935,0.082316,0.126039,0.105075,0.118018,,2017000,,
0,0,,0.283345,0.061429,0.046252,0.040847,0.110008,0.051874,0.150896,0.064555,0.134903,0.055891,,1942500,,
0,0,,0.388485,0.053026,0.022028,0.049918,0.116623,0.033224,0.135681,0.065251,0.062384,0.07338,,1877000,,
0,0,,0.31048,0.082264,0.025346,0.065654,0.142061,0.060236,0.144806,0.08022,0.053121,0.035811,,1882800,,
0,0,,0.317765,0.038671,0.022368,0.037062,0.147163,0.058136,0.163388,0.058865,0.103087,0.053496,,1893000,,
0,0,,0.294059,0.057825,0.034019,0.103269,0.118666,0.040589,0.123566,0.086532,0.064073,0.077401,,1898300,,
0,0,,0.283962,0.070462,0.031107,0.046404,0.180224,0.080663,0.15661,0.054458,0.059862,0.036247,,1998000,,
0,0,,0.291748,0.056017,0.024864,0.064809,0.131586,0.062895,0.172915,0.056257,0.06274,0.076169,,1874900,,
0,0,,0.37949,0.053502,0.021979,0.053235,0.116591,0.032854,0.140243,0.065251,0.063139,0.073715,,1895700,,
0,0,,0.354494,0.070491,0.021438,0.051114,0.128355,0.043833,0.163179,0.059434,0.058046,0.049616,,1914400,,
0,0,,0.339349,0.071876,0.019659,0.025443,0.173857,0.057722,0.136464,0.067393,0.063541,0.044696,,1861300,,
0,0,,0.305296,0.080663,0.036664,0.046882,0.140617,0.076988,0.158015,0.063167,0.055173,0.036534,,2008000,,
0,0,,0.356966,0.053443,0.023711,0.072852,0.136424,0.034907,0.135582,0.065585,0.062634,0.057896,,1886100,,
0,0,,0.362813,0.071542,0.025316,0.05216,0.108676,0.039118,0.162763,0.05894,0.058099,0.060573,,1938200,,
0,0,,0.367321,0.054038,0.023723,0.029796,0.160552,0.034794,0.15873,0.058704,0.059399,0.052943,,1887300,,
0,0,,0.307783,0.054087,0.040454,0.097384,0.124288,0.053064,0.125081,0.064096,0.05272,0.081043,,1867000,,
0,0,,0.352003,0.053523,0.022384,0.070261,0.115318,0.035078,0.137197,0.065183,0.061614,0.087439,,2000400,,
0,0,,0.285821,0.053926,0.040306,0.067776,0.106168,0.084055,0.176597,0.056023,0.056234,0.073094,,2072100,,
0,0,,0.316716,0.07468,0.02445,0.051766,0.147857,0.046043,0.186326,0.052149,0.049718,0.050293,,1919000,,
0,0,,0.395567,0.071184,0.023153,0.025059,0.124756,0.067424,0.145798,0.055321,0.052849,0.038889,,1947600,,
0,0,,0.368259,0.071633,0.022644,0.030898,0.126797,0.045462,0.157578,0.063398,0.059119,0.054212,,1889200,,
0,0,,0.388485,0.053026,0.022028,0.029918,0.136623,0.033224,0.155681,0.065251,0.062384,0.05338,,1927200,,
0,0,,0.325533,0.052863,0.024023,0.053194,0.123449,0.053026,0.196133,0.057626,0.060848,0.053306,,1857600,,
0,0,,0.318134,0.056847,0.028927,0.056685,0.131102,0.038286,0.137848,0.058362,0.061157,0.112652,,2317300,,
0,0,,0.304125,0.063037,0.040267,0.11101,0.110734,0.065801,0.09689,0.076289,0.058184,0.073664,,1930500,,
0,0,,0.388771,0.040146,0.022742,0.028842,0.154779,0.02632,0.144544,0.083423,0.06325,0.047185,,2021600,,
0,0,,0.35233,0.075397,0.020018,0.045826,0.124634,0.066388,0.136671,0.06166,0.05695,0.060125,,2002200,,
1,1,,0.069114,0.203615,0.054604,0.111908,0.079376,0.07675,0.051449,0.132084,0.110093,0.111007,,2072700,,
1,1,,0.077036,0.240606,0.127801,0.030572,0.120003,0.069079,0.152044,0.04461,0.124412,0.013837,,1901100,,
1,1,,0.017907,0.212793,0.121283,0.110832,0.056332,0.104311,0.157016,0.084074,0.063438,0.072014,,2063400,,
1,6,,0.01922,0.195967,0.143338,0.089613,0.062373,0.101698,0.197877,0.060931,0.058154,0.070827,,1922400,,
1,1,,0.031238,0.294957,0.126471,0.02856,0.112359,0.053609,0.13576,0.055613,0.146682,0.01475,,1902500,,
1,1,,0.028424,0.267082,0.09828,0.106694,0.076979,0.089035,0.039375,0.082239,0.100445,0.111446,,1965600,,
1,1,,0.007906,0.315159,0.13014,0.093318,0.073618,0.104322,0.026343,0.102339,0.066951,0.079905,,1911700,,
1,1,,0.054764,0.276576,0.05978,0.075568,0.091728,0.064641,0.052964,0.103688,0.110157,0.110135,,1904600,,
1,1,,0.06178,0.251906,0.083996,0.034537,0.091557,0.039883,0.073935,0.11085,0.189237,0.062319,,2039200,,
1,1,,0.032798,0.261889,0.101706,0.027648,0.173936,0.061214,0.105764,0.078767,0.140778,0.0155,,1902300,,
1,1,,0.032251,0.310977,0.101261,0.050333,0.127606,0.08348,0.07108,0.087392,0.097237,0.038384,,1954500,,
1,1,,0.016501,0.268573,0.112021,0.116038,0.080855,0.139093,0.046678,0.060848,0.065146,0.094246,,1911200,,
1,1,,0.061048,0.246609,0.056951,0.106525,0.089424,0.07642,0.048367,0.106655,0.119204,0.088797,,1916600,,
1,1,,0.009344,0.293175,0.14234,0.096223,0.062553,0.103799,0.070141,0.068111,0.074001,0.080313,,1924600,,
1,1,,0.049027,0.30457,0.086928,0.032286,0.118684,0.055387,0.057642,0.110772,0.148318,0.036385,,2065900,,
1,9,,0.061732,0.140034,0.073697,0.157197,0.075708,0.104853,0.013639,0.103085,0.061238,0.208816,,1893700,,
1,1,,0.067975,0.267761,0.048525,0.083148,0.09141,0.067998,0.045325,0.125911,0.103041,0.098907,,1903200,,
1,1,,0.012224,0.264379,0.130387,0.108612,0.061279,0.107812,0.075114,0.070795,0.07231,0.097088,,1947400,,
1,1,,0.048982,0.271558,0.165337,0.060077,0.041848,0.064407,0.065024,0.072745,0.144005,0.066018,,1932300,,
1,1,,0.05498,0.255369,0.108976,0.069557,0.051998,0.039471,0.083186,0.108585,0.126679,0.101199,,1898900,,
1,9,,0.105011,0.135941,0.068939,0.099464,0.104389,0.090903,0.03927,0.106085,0.063034,0.186963,,2078200,,
1,6,,0.037972,0.173798,0.091629,0.092335,0.066541,0.137941,0.200788,0.06408,0.056999,0.077917,,1917400,,
1,1,,0.025907,0.291884,0.108705,0.057421,0.120425,0.084885,0.0834,0.085912,0.097449,0.044011,,2137900,,
1,1,,0.044885,0.289997,0.09139,0.047554,0.108592,0.050853,0.124546,0.066674,0.124361,0.051148,,1898800,,
1,1,,0.059909,0.283115,0.060245,0.091701,0.089355,0.09233,0.03951,0.099392,0.080411,0.104032,,1888600,,
1,1,,0.06007,0.222739,0.054688,0.053333,0.129219,0.037363,0.089868,0.11319,0.196469,0.043061,,1884000,,
1,1,,0.050748,0.312911,0.097392,0.02706,0.114566,0.032903,0.096417,0.075446,0.161041,0.031516,,2053400,,
1,1,,0.062809,0.306913,0.072767,0.0308,0.082486,0.031251,0.041462,0.144581,0.182318,0.044612,,1914600,,
1,1,,0.035584,0.245376,0.101947,0.103464,0.041465,0.076402,0.055137,0.097019,0.083989,0.159618,,1899100,,
1,1,,0.032469,0.195527,0.132186,0.125483,0.085196,0.078545,0.044337,0.095445,0.068874,0.141937,,1927100,,
1,1,,0.047541,0.258841,0.101053,0.05992,0.088285,0.041735,0.056031,0.111077,0.187534,0.047983,,1968900,,
1,1,,0.010872,0.2442,0.107969,0.152659,0.035611,0.137941,0.089591,0.061372,0.051438,0.108346,,1899400,,
1,1,,0.032584,0.299385,0.108217,0.028871,0.126024,0.06238,0.12106,0.05807,0.148278,0.015131,,2032000,,
1,1,,0.00982,0.182705,0.144063,0.124245,0.045591,0.123104,0.155289,0.065212,0.06255,0.087421,,1897800,,
1,1,,0.053255,0.312952,0.086228,0.04867,0.093452,0.049856,0.074501,0.094122,0.135002,0.051963,,1925800,,
1,1,,0.007906,0.276977,0.13014,0.113318,0.073618,0.124322,0.026343,0.100521,0.066951,0.079905,,1889400,,
1,1,,0.035462,0.284044,0.098223,0.111599,0.06479,0.081999,0.030225,0.088193,0.077315,0.128149,,1851800,,
1,1,,0.072525,0.232424,0.060578,0.111717,0.085756,0.094791,0.025597,0.093639,0.066141,0.156833,,2101600,,
1,9,,0.072872,0.09449,0.065497,0.163458,0.057456,0.09597,0.0422,0.085772,0.051997,0.270288,,2181200,,
1,1,,0.051265,0.217525,0.083952,0.1082,0.083936,0.061633,0.05914,0.115311,0.127555,0.091483,,2239000,,
1,1,,0.0313,0.304382,0.114207,0.02758,0.146857,0.051233,0.115492,0.053655,0.141597,0.013696,,2279700,,
1,1,,0.061019,0.263648,0.069939,0.028713,0.093022,0.031759,0.068354,0.115873,0.206636,0.061038,,2220300,,
1,1,,0.036453,0.304242,0.101462,0.031101,0.112447,0.062836,0.116313,0.061058,0.158227,0.015862,,2296700,,
1,1,,0.036536,0.247661,0.130619,0.03747,0.081695,0.041738,0.224658,0.047297,0.134182,0.018144,,2203700,,
1,1,,0.010506,0.248829,0.135364,0.141989,0.057802,0.120614,0.077056,0.064064,0.051895,0.091882,,2257200,,
1,1,,0.019281,0.192635,0.113752,0.094599,0.058688,0.137767,0.179456,0.063027,0.052498,0.088298,,2265400,,
1,1,,0.033073,0.240099,0.067754,0.155802,0.059855,0.099736,0.032901,0.083549,0.068971,0.158261,,2220400,,
1,1,,0.007914,0.255578,0.126644,0.117015,0.094396,0.108027,0.026272,0.102408,0.058037,0.103709,,2472300,,
1,1,,0.009539,0.1761,0.163434,0.105757,0.050228,0.1433,0.113546,0.088103,0.054353,0.09564,,2292200,,
1,1,,0.050636,0.292772,0.109302,0.03112,0.091256,0.044957,0.109703,0.081043,0.160502,0.02871,,2211000,,
1,1,,0.031032,0.303341,0.095824,0.079188,0.084113,0.089112,0.06287,0.091332,0.078684,0.084504,,2044400,,
1,1,,0.059977,0.29989,0.059882,0.085651,0.09202,0.086464,0.037266,0.090719,0.082553,0.105579,,1907500,,
1,1,,0.018997,0.291065,0.091864,0.090636,0.083024,0.09697,0.056542,0.10572,0.073061,0.09212,,1866100,,
1,1,,0.054637,0.235319,0.070439,0.043551,0.091844,0.02845,0.064954,0.184949,0.150999,0.074857,,2114000,,
1,1,,0.060404,0.237693,0.054782,0.117437,0.082728,0.0846,0.030842,0.141999,0.073299,0.116216,,1914800,,
1,1,,0.040543,0.241005,0.075,0.130915,0.087137,0.095163,0.0188,0.082962,0.071619,0.156855,,1870800,,
1,1,,0.04174,0.260675,0.068028,0.127848,0.08439,0.094345,0.019786,0.086825,0.07123,0.145134,,1907300,,
1,1,,0.063881,0.219384,0.049377,0.03574,0.137516,0.036684,0.071387,0.14268,0.1585,0.08485,,1907800,,
1,1,,0.00877,0.278769,0.137467,0.094858,0.074515,0.111995,0.044295,0.091456,0.075484,0.082391,,1906200,,
1,1,,0.066852,0.269593,0.065448,0.034248,0.084997,0.025856,0.088947,0.098176,0.196441,0.069442,,2020800,,
1,1,,0.033781,0.228344,0.083615,0.148474,0.08238,0.08733,0.033632,0.09925,0.076593,0.126602,,1873900,,
1,1,,0.007914,0.275578,0.126644,0.117015,0.094396,0.108027,0.026272,0.102408,0.058037,0.083709,,1976100,,
1,1,,0.028968,0.234772,0.104701,0.119374,0.079648,0.102944,0.031359,0.106559,0.080662,0.111013,,2021200,,
1,1,,0.089749,0.2445,0.089471,0.048346,0.128285,0.0588,0.149002,0.052628,0.124851,0.014367,,1868500,,
1,1,,0.073729,0.230685,0.09949,0.075051,0.073181,0.044478,0.083945,0.109292,0.110255,0.099894,,1995100,,
1,1,,0.007897,0.278376,0.133636,0.109621,0.07284,0.100616,0.026414,0.118634,0.075865,0.076101,,1871800,,
1,1,,0.042363,0.22572,0.075854,0.118166,0.072311,0.105782,0.031533,0.085654,0.073773,0.168843,,1870200,,
1,1,,0.008791,0.282178,0.119973,0.09215,0.074542,0.129388,0.046907,0.091427,0.072729,0.081915,,1914700,,
1,1,,0.007997,0.267109,0.139211,0.097102,0.07295,0.115261,0.04658,0.101109,0.071708,0.080973,,1931000,,
1,1,,0.031848,0.255963,0.111814,0.050025,0.129473,0.099208,0.095877,0.085739,0.1018,0.038253,,1950800,,
1,1,,0.02979,0.253005,0.076122,0.142653,0.087245,0.107947,0.029637,0.073482,0.061348,0.138773,,2000100,,
1,1,,0.048131,0.27095,0.093632,0.029186,0.119929,0.051357,0.116394,0.058213,0.162755,0.049455,,1857300,,
1,1,,0.009666,0.177191,0.160526,0.096757,0.073826,0.169073,0.098738,0.072261,0.055906,0.086056,,1914200,,
1,1,,0.016866,0.290455,0.108608,0.079433,0.104687,0.094048,0.040026,0.100772,0.088484,0.07662,,1907500,,
1,1,,0.035292,0.240649,0.072851,0.160062,0.06703,0.096301,0.027746,0.092648,0.071687,0.135733,,1885900,,
1,1,,0.0379,0.240632,0.106666,0.030642,0.103635,0.09508,0.154719,0.061992,0.153379,0.015356,,1943900,,
1,1,,0.064872,0.17809,0.092416,0.098292,0.067323,0.062831,0.074752,0.108667,0.085934,0.166822,,2137700,,
1,1,,0.06793,0.211508,0.052808,0.132118,0.076485,0.093484,0.042607,0.094678,0.085973,0.142409,,1903900,,
1,1,,0.053956,0.247629,0.062761,0.120742,0.086032,0.082785,0.036252,0.108159,0.095822,0.105862,,1942000,,
1,3,,0.058655,0.132082,0.060369,0.198128,0.078688,0.093829,0.024415,0.09767,0.063997,0.192167,,1958000,,
1,1,,0.036601,0.326515,0.119247,0.028086,0.106585,0.050957,0.113524,0.055471,0.149159,0.013854,,1937200,,
1,9,,0.054702,0.182664,0.06027,0.151971,0.089954,0.09232,0.019887,0.10468,0.058079,0.185473,,1868400,,
1,1,,0.034555,0.304179,0.11495,0.024629,0.106757,0.058767,0.132452,0.053598,0.152207,0.017907,,2097800,,
1,1,,0.040405,0.274084,0.070591,0.091851,0.127388,0.122414,0.060962,0.067797,0.062373,0.082135,,1914300,,
1,1,,0.042631,0.253388,0.066372,0.142145,0.060856,0.095411,0.013542,0.08535,0.061897,0.178409,,1873900,,
1,1,,0.03104,0.241423,0.084606,0.10754,0.1036,0.096239,0.064274,0.090782,0.075409,0.105087,,1932500,,
1,1,,0.032377,0.278653,0.116449,0.098922,0.041324,0.078893,0.06132,0.08501,0.086661,0.12039,,2185500,,
1,1,,0.032087,0.275062,0.120702,0.030321,0.118266,0.083976,0.112034,0.061063,0.151838,0.01465,,2235700,,
1,1,,0.040958,0.275565,0.086668,0.089077,0.066861,0.087865,0.066819,0.100313,0.08756,0.098314,,2211500,,
1,1,,0.010036,0.163844,0.153097,0.130415,0.047408,0.149307,0.10541,0.068959,0.090507,0.081018,,1909500,,
1,1,,0.044869,0.323914,0.114059,0.036961,0.095853,0.068724,0.060139,0.093622,0.139324,0.022536,,1894000,,
1,1,,0.047475,0.302547,0.117417,0.038046,0.092958,0.024103,0.057395,0.086668,0.168013,0.065377,,1916200,,
1,1,,0.007914,0.255578,0.126644,0.117015,0.094396,0.108027,0.026272,0.122408,0.058037,0.083709,,1915500,,
1,1,,0.06837,0.24279,0.058297,0.092048,0.091992,0.041059,0.065914,0.098942,0.164671,0.075917,,1973000,,
1,3,,0.01046,0.169891,0.100477,0.212573,0.054167,0.141736,0.047499,0.062982,0.045504,0.154712,,3685900,,
1,1,,0.081494,0.221025,0.053679,0.118618,0.09147,0.088603,0.041827,0.102196,0.079844,0.121244,,4100300,,
1,1,,0.060165,0.2782,0.091221,0.040855,0.076264,0.031375,0.094949,0.127171,0.151505,0.048293,,2484200,,
1,1,,0.028869,0.292169,0.108429,0.096944,0.050237,0.079117,0.055906,0.093391,0.080112,0.114826,,1902300,,
1,9,,0.054303,0.141632,0.062361,0.173869,0.089788,0.095413,0.014921,0.1071,0.051773,0.20884,,2003800,,
1,1,,0.082292,0.221429,0.056508,0.079266,0.091512,0.030693,0.06882,0.144941,0.164568,0.05997,,2416500,,
1,9,,0.038614,0.160563,0.083204,0.137269,0.080434,0.077198,0.020923,0.156848,0.075686,0.169262,,2285300,,
1,1,,0.03369,0.228114,0.116554,0.030393,0.144078,0.100156,0.127929,0.055603,0.148614,0.014869,,2295800,,
1,9,,0.039924,0.164874,0.069223,0.148423,0.074696,0.085972,0.039343,0.107934,0.072375,0.197236,,2225200,,
1,1,,0.032156,0.307542,0.090013,0.026842,0.172891,0.055903,0.083676,0.076796,0.139767,0.014415,,2307100,,
1,1,,0.047641,0.283611,0.117191,0.040167,0.065093,0.032429,0.078683,0.097069,0.191003,0.047113,,2309600,,
1,1,,0.060042,0.265458,0.101132,0.04582,0.069277,0.039414,0.091552,0.085589,0.19074,0.050976,,2261500,,
1,2,,0.010012,0.17011,0.172448,0.124861,0.037591,0.13812,0.116976,0.082688,0.05864,0.088553,,2267700,,
1,1,,0.081494,0.221025,0.053679,0.118618,0.09147,0.088603,0.041827,0.102196,0.079844,0.121244,,2197000,,
1,1,,0.022367,0.251579,0.141989,0.125117,0.070694,0.077593,0.049282,0.083284,0.091952,0.086143,,2120200,,
1,9,,0.069607,0.099497,0.068035,0.149974,0.058445,0.104614,0.03952,0.097773,0.052505,0.26003,,1973400,,
1,1,,0.049087,0.268399,0.048119,0.073843,0.151683,0.067997,0.072294,0.091358,0.120936,0.056284,,1962900,,
1,1,,0.048313,0.239354,0.174598,0.065455,0.069949,0.044317,0.090388,0.077253,0.121912,0.068462,,1924000,,
1,1,,0.007914,0.295578,0.126644,0.117015,0.074396,0.108027,0.026272,0.102408,0.058037,0.083709,,1878300,,
1,1,,0.060158,0.194224,0.047353,0.055852,0.175073,0.032704,0.10554,0.108408,0.164657,0.05603,,1880800,,
1,1,,0.050191,0.286338,0.114331,0.029915,0.080281,0.050571,0.109288,0.078622,0.171614,0.028849,,2211400,,
2,6,,0.130887,0.072399,0.118455,0.055606,0.101105,0.086926,0.307503,0.033842,0.071186,0.02209,,1868200,,
2,6,,0.070728,0.096161,0.197732,0.068594,0.078616,0.086617,0.231239,0.038805,0.109388,0.022119,,1901300,,
2,2,,0.023982,0.142754,0.209715,0.104422,0.048394,0.113784,0.161848,0.045095,0.109986,0.04002,,1897700,,
2,2,,0.031041,0.114699,0.168362,0.154897,0.075167,0.115292,0.06719,0.098672,0.065318,0.109363,,1879500,,
2,2,,0.036702,0.110259,0.16417,0.130911,0.068106,0.101511,0.052769,0.116924,0.089293,0.129355,,1871600,,
2,2,,0.019225,0.101765,0.234184,0.146956,0.038022,0.143778,0.089709,0.081232,0.062071,0.083057,,1999000,,
2,2,,0.066479,0.112199,0.185741,0.116351,0.044348,0.073926,0.073052,0.115864,0.139548,0.072492,,1880900,,
2,6,,0.079198,0.097481,0.177469,0.091305,0.084571,0.089314,0.213717,0.03543,0.108118,0.023397,,1878300,,
2,2,,0.056782,0.126755,0.171576,0.137464,0.065903,0.078387,0.05176,0.093622,0.090537,0.127214,,1962100,,
2,7,,0.075353,0.123028,0.130859,0.114139,0.072555,0.05663,0.072469,0.131043,0.127444,0.096479,,1867300,,
2,2,,0.009725,0.111188,0.263452,0.105156,0.045555,0.148176,0.088421,0.086059,0.064051,0.078216,,2129400,,
2,2,,0.019419,0.115385,0.251785,0.141023,0.061405,0.093997,0.085262,0.07391,0.068448,0.089367,,1899300,,
2,2,,0.039589,0.107292,0.219894,0.086088,0.089985,0.075473,0.0608,0.104975,0.166305,0.0496,,1875800,,
2,2,,0.02311,0.127989,0.16121,0.145383,0.051281,0.125439,0.038912,0.139454,0.090719,0.096504,,1879400,,
2,2,,0.02787,0.158067,0.253217,0.057789,0.05498,0.102765,0.109911,0.063509,0.123557,0.048335,,1876800,,
2,2,,0.022001,0.171845,0.239962,0.102045,0.061937,0.074166,0.104678,0.070325,0.108405,0.044638,,1864400,,
2,2,,0.012104,0.103637,0.304562,0.119973,0.05056,0.102336,0.081254,0.077135,0.066748,0.081691,,2214700,,
2,2,,0.00858,0.108125,0.227746,0.13055,0.076188,0.143724,0.060049,0.097217,0.066631,0.08119,,1897400,,
2,9,,0.06354,0.126634,0.115091,0.154965,0.055738,0.093752,0.03848,0.087714,0.074292,0.189793,,1884900,,
2,2,,0.008953,0.111478,0.271895,0.123937,0.06054,0.103608,0.102757,0.067791,0.068904,0.080138,,1914500,,
2,2,,0.008751,0.121682,0.247618,0.116689,0.059038,0.090107,0.089686,0.096386,0.099307,0.070736,,2052500,,
2,2,,0.008172,0.122711,0.290757,0.129279,0.03902,0.105446,0.087413,0.068082,0.068965,0.080154,,2043800,,
2,2,,0.059436,0.117057,0.28633,0.071878,0.038276,0.035284,0.075542,0.08266,0.187604,0.045932,,1887400,,
2,2,,0.062933,0.118157,0.216364,0.08525,0.083696,0.095447,0.160543,0.046891,0.109991,0.020728,,1882300,,
2,2,,0.032697,0.133549,0.228892,0.087986,0.081414,0.086168,0.115023,0.06376,0.104065,0.066446,,1979800,,
2,2,,0.012114,0.094499,0.260819,0.166878,0.040995,0.108526,0.082421,0.090311,0.057535,0.085901,,1878600,,
2,3,,0.029177,0.126908,0.146095,0.148328,0.079803,0.112099,0.077553,0.082634,0.083932,0.113472,,2047200,,
2,2,,0.022286,0.111558,0.26987,0.099768,0.069187,0.095832,0.127099,0.055063,0.097899,0.051437,,1925100,,
2,2,,0.047147,0.113703,0.243341,0.089961,0.041525,0.085143,0.07005,0.10403,0.12501,0.08009,,1892100,,
2,2,,0.012912,0.107969,0.208446,0.141289,0.066253,0.129936,0.095424,0.090331,0.065332,0.082108,,1881700,,
2,2,,0.046451,0.100766,0.301029,0.077995,0.05741,0.076216,0.152928,0.051208,0.107874,0.028124,,1898700,,
2,2,,0.012398,0.109978,0.270544,0.124794,0.041447,0.124255,0.095645,0.078209,0.05711,0.08562,,1879400,,
2,2,,0.017786,0.112645,0.187341,0.161147,0.055828,0.154618,0.072679,0.062583,0.052936,0.122438,,2172400,,
2,2,,0.049257,0.145982,0.199658,0.055566,0.062229,0.093703,0.169953,0.055947,0.13155,0.036156,,1905700,,
2,2,,0.02951,0.114483,0.148406,0.129372,0.095881,0.08986,0.066281,0.117757,0.079722,0.128726,,1904500,,
2,2,,0.008335,0.135211,0.23423,0.143248,0.04117,0.106907,0.069265,0.111032,0.075058,0.075544,,1910200,,
2,2,,0.0356,0.110527,0.163507,0.153123,0.059492,0.085546,0.052544,0.142409,0.082994,0.114256,,1910400,,
2,2,,0.021408,0.104185,0.279532,0.09281,0.059497,0.105967,0.097755,0.061619,0.101825,0.075402,,2012700,,
2,2,,0.021658,0.097614,0.318374,0.100356,0.048181,0.094908,0.105004,0.062341,0.100187,0.051376,,1888800,,
2,2,,0.008815,0.153993,0.20603,0.161624,0.053877,0.113357,0.070426,0.066266,0.065449,0.100164,,1886500,,
2,2,,0.008583,0.102206,0.288786,0.122657,0.049372,0.136897,0.081254,0.066823,0.065356,0.078066,,1882400,,
2,2,,0.028344,0.091474,0.238483,0.153891,0.057604,0.109082,0.058068,0.083994,0.073789,0.105272,,1909400,,
2,2,,0.020053,0.107549,0.195802,0.147022,0.066332,0.130805,0.101992,0.074815,0.066081,0.089549,,2123500,,
2,2,,0.033459,0.132279,0.160644,0.141932,0.086329,0.094247,0.056268,0.098739,0.082921,0.113182,,1869300,,
2,2,,0.041229,0.096353,0.214279,0.100696,0.055518,0.115178,0.096479,0.087993,0.124415,0.06786,,1879900,,
2,2,,0.018659,0.134554,0.231738,0.149085,0.048766,0.104701,0.075567,0.068142,0.061944,0.106843,,1895500,,
2,6,,0.132372,0.051997,0.113787,0.049197,0.105018,0.06851,0.371157,0.01824,0.068665,0.021057,,1883100,,
2,2,,0.022533,0.120146,0.300072,0.050848,0.056113,0.053233,0.11813,0.099185,0.153921,0.025818,,2031500,,
2,2,,0.008151,0.115809,0.276286,0.131082,0.038426,0.127711,0.084461,0.067885,0.069941,0.080248,,1864800,,
2,2,,0.009158,0.117719,0.226295,0.153814,0.050314,0.105429,0.069846,0.112835,0.082689,0.071902,,1931700,,
2,2,,0.047928,0.161606,0.233239,0.098904,0.042419,0.05534,0.070364,0.092026,0.123212,0.074962,,1905000,,
2,2,,0.039102,0.10185,0.263388,0.08992,0.054859,0.057919,0.161005,0.046011,0.150382,0.035563,,1894400,,
2,2,,0.02655,0.13786,0.259068,0.076004,0.090182,0.068371,0.130065,0.055695,0.108636,0.047569,,2035700,,
2,2,,0.083577,0.081403,0.213636,0.098135,0.073297,0.058715,0.172921,0.058043,0.116476,0.043798,,1892800,,
2,2,,0.023687,0.12913,0.228154,0.096911,0.049901,0.090259,0.090306,0.078997,0.160299,0.052357,,1886500,,
2,2,,0.010248,0.152851,0.214663,0.101391,0.048443,0.163414,0.097737,0.067513,0.063847,0.079893,,1907500,,
2,2,,0.013502,0.118241,0.280336,0.127591,0.040831,0.117791,0.077091,0.071053,0.065764,0.087801,,1883400,,
2,2,,0.012218,0.142741,0.2783,0.093138,0.040485,0.092959,0.092194,0.084654,0.087224,0.076086,,1991000,,
2,6,,0.022439,0.101822,0.145216,0.139776,0.103388,0.133343,0.155548,0.064447,0.058258,0.075764,,2082800,,
2,2,,0.009622,0.108155,0.230686,0.096537,0.064828,0.131054,0.086745,0.097111,0.100165,0.075097,,1920500,,
2,2,,0.008551,0.117133,0.285695,0.125643,0.039172,0.112935,0.08799,0.073137,0.067335,0.082411,,1894100,,
2,6,,0.090794,0.118258,0.137048,0.042169,0.092741,0.11488,0.233955,0.03387,0.112634,0.023651,,1908500,,
2,2,,0.013893,0.099146,0.289241,0.117122,0.040799,0.132642,0.080691,0.068236,0.072072,0.086159,,1943200,,
2,2,,0.017698,0.117104,0.195438,0.116431,0.057029,0.131079,0.137075,0.083611,0.071256,0.073279,,1880900,,
2,2,,0.038518,0.124671,0.276068,0.051678,0.052004,0.064844,0.182456,0.037456,0.15149,0.020815,,2018700,,
2,3,,0.061294,0.101879,0.138153,0.164763,0.05481,0.120983,0.05047,0.082716,0.072298,0.152634,,1864700,,
2,2,,0.070749,0.101621,0.199764,0.098332,0.073429,0.110796,0.159595,0.049603,0.104476,0.031636,,1926100,,
2,3,,0.035475,0.143575,0.1342,0.145107,0.06175,0.081068,0.05073,0.134288,0.080423,0.133385,,1923900,,
2,2,,0.060095,0.129081,0.177735,0.06574,0.08002,0.082784,0.055644,0.15785,0.126076,0.064975,,1873100,,
2,2,,0.011587,0.097526,0.282431,0.149576,0.038555,0.11132,0.07742,0.082598,0.067062,0.081925,,2002900,,
2,2,,0.033067,0.103905,0.181425,0.140034,0.044792,0.116227,0.048458,0.141553,0.084722,0.105817,,1861900,,
2,2,,0.03692,0.114521,0.215544,0.117509,0.05662,0.075227,0.080343,0.081335,0.134348,0.087632,,1881900,,
2,2,,0.032925,0.107964,0.189538,0.14944,0.065503,0.099544,0.048209,0.102501,0.0884,0.115976,,1880000,,
2,8,,0.054582,0.123939,0.197388,0.080655,0.040897,0.03381,0.074935,0.094161,0.245186,0.054447,,1884000,,
2,2,,0.029062,0.141997,0.203325,0.118828,0.060113,0.103247,0.066239,0.081573,0.082863,0.112755,,1913000,,
2,2,,0.013138,0.115534,0.250211,0.138085,0.056944,0.125964,0.081475,0.071875,0.065046,0.081728,,2097100,,
2,2,,0.033605,0.122447,0.19947,0.12163,0.059873,0.08493,0.071419,0.096466,0.104445,0.105715,,1886300,,
2,2,,0.04229,0.123802,0.184764,0.1297,0.058123,0.072338,0.057749,0.114415,0.122025,0.094793,,1899700,,
2,6,,0.123517,0.083517,0.149228,0.079305,0.095338,0.11236,0.216085,0.038844,0.074112,0.027694,,1896900,,
2,2,,0.028725,0.135823,0.273963,0.118991,0.037504,0.074205,0.0617,0.080238,0.091331,0.097518,,1888700,,
2,2,,0.008395,0.120727,0.29922,0.124722,0.038894,0.099722,0.080628,0.082845,0.066409,0.078438,,1862700,,
2,8,,0.086456,0.145128,0.125186,0.079628,0.067979,0.048029,0.055781,0.100098,0.188653,0.103062,,2010200,,
2,2,,0.00887,0.139888,0.255278,0.096216,0.059963,0.095523,0.092157,0.082565,0.087471,0.082068,,1988100,,
2,2,,0.062481,0.108928,0.234777,0.069251,0.067698,0.088192,0.182357,0.035448,0.130312,0.020556,,1895600,,
2,3,,0.064411,0.095015,0.142334,0.187129,0.036868,0.125271,0.050545,0.101168,0.056568,0.140692,,1920400,,
2,2,,0.030578,0.129259,0.181245,0.138409,0.064451,0.097007,0.066083,0.101677,0.083573,0.107717,,1868200,,
2,2,,0.047429,0.081201,0.225285,0.103961,0.054668,0.145418,0.157911,0.057362,0.059361,0.067405,,1875900,,
2,2,,0.070325,0.098132,0.286895,0.093401,0.074858,0.049109,0.134636,0.059897,0.107597,0.025151,,2016600,,
2,6,,0.073078,0.116729,0.170831,0.061665,0.088738,0.055852,0.241872,0.040028,0.108688,0.042519,,1901800,,
2,9,,0.07022,0.100004,0.123958,0.148326,0.076616,0.103203,0.036203,0.086554,0.073035,0.181881,,1959400,,
2,2,,0.086696,0.121814,0.205825,0.070848,0.042934,0.040185,0.086605,0.073253,0.194396,0.077445,,1878000,,
2,2,,0.011515,0.139256,0.190728,0.1219,0.049784,0.156868,0.094906,0.079353,0.088262,0.067429,,1916300,,
2,8,,0.066969,0.127808,0.150143,0.085381,0.053245,0.023404,0.091909,0.094189,0.246393,0.060559,,2148300,,
2,6,,0.103204,0.082265,0.145719,0.046688,0.137898,0.060964,0.28819,0.029024,0.080509,0.02554,,1888700,,
2,2,,0.013593,0.095858,0.186592,0.1633,0.076092,0.137529,0.082394,0.076692,0.050538,0.11741,,1878000,,
2,2,,0.009871,0.131816,0.180562,0.14368,0.058302,0.161437,0.096727,0.063635,0.063495,0.090476,,1880600,,
2,9,,0.055995,0.127528,0.132674,0.12422,0.061912,0.090974,0.052588,0.122493,0.090176,0.141441,,1962600,,
2,2,,0.022729,0.114145,0.300136,0.07089,0.047189,0.088645,0.118774,0.08151,0.111695,0.044287,,1910900,,
2,1,,0.030274,0.176491,0.175755,0.122444,0.078689,0.084662,0.069248,0.082977,0.077738,0.101722,,2065700,,
2,2,,0.009094,0.091591,0.263781,0.145119,0.039829,0.140291,0.103006,0.065026,0.064048,0.078215,,1931500,,
2,2,,0.008465,0.117647,0.296286,0.127039,0.038823,0.106034,0.080911,0.080303,0.066336,0.078154,,1883900,,
2,2,,0.015696,0.139189,0.222383,0.127267,0.042901,0.133097,0.080387,0.070944,0.076797,0.091341,,1888200,,
2,2,,0.029901,0.156816,0.200622,0.116552,0.037445,0.100706,0.06095,0.097212,0.104849,0.094947,,1877400,,
2,8,,0.066241,0.106385,0.139499,0.112391,0.054585,0.048602,0.055508,0.160301,0.170073,0.086414,,2182900,,
2,6,,0.153845,0.037945,0.065895,0.030427,0.150261,0.112914,0.340266,0.028448,0.051207,0.028791,,1878100,,
2,2,,0.040859,0.134867,0.237908,0.091628,0.065483,0.067293,0.08867,0.082373,0.12491,0.066009,,1949000,,
2,2,,0.037743,0.08431,0.257527,0.079551,0.056866,0.118002,0.152401,0.081668,0.080733,0.051199,,1931600,,
2,3,,0.043817,0.078536,0.132595,0.190707,0.054717,0.123951,0.035374,0.127368,0.073047,0.139886,,2357800,,
2,2,,0.055151,0.113205,0.181249,0.133022,0.06056,0.089335,0.050564,0.117251,0.080495,0.119168,,2095100,,
2,2,,0.06211,0.094388,0.252343,0.106704,0.067874,0.054272,0.163352,0.045718,0.127343,0.025896,,2303800,,
2,2,,0.009103,0.128373,0.240286,0.148816,0.040607,0.123997,0.102935,0.068731,0.055134,0.082019,,1946200,,
2,2,,0.04298,0.166767,0.217139,0.068215,0.045283,0.099371,0.081846,0.06477,0.145966,0.067663,,1903600,,
3,3,,0.017707,0.119386,0.081664,0.299503,0.037209,0.131259,0.063825,0.08298,0.038139,0.128328,,1902500,,
3,3,,0.017421,0.110412,0.079813,0.266717,0.043326,0.167891,0.053816,0.095818,0.036029,0.128758,,2558100,,
3,3,,0.038933,0.163207,0.066363,0.233439,0.034484,0.123781,0.040482,0.081201,0.07563,0.14248,,1974200,,
3,9,,0.040539,0.104532,0.07722,0.187531,0.058821,0.087688,0.039269,0.10526,0.069492,0.229648,,2327300,,
3,3,,0.03617,0.116043,0.069835,0.26209,0.07199,0.10581,0.041123,0.093771,0.062471,0.140697,,1994600,,
3,3,,0.011774,0.138744,0.101261,0.229828,0.049978,0.175289,0.0651,0.0639,0.051926,0.1122,,1997200,,
3,3,,0.04904,0.101023,0.066925,0.246489,0.087085,0.107038,0.038676,0.097135,0.056433,0.150155,,1981500,,
3,3,,0.037969,0.152628,0.067831,0.220606,0.075261,0.103388,0.045745,0.088168,0.08179,0.126614,,1863600,,
3,3,,0.045516,0.093813,0.087926,0.227121,0.037368,0.091942,0.044505,0.095389,0.093608,0.182812,,2744000,,
3,3,,0.032558,0.077942,0.068124,0.262026,0.039471,0.114636,0.059953,0.112961,0.070179,0.162151,,2193800,,
3,3,,0.019915,0.097024,0.109401,0.198942,0.053934,0.191724,0.120767,0.054349,0.042865,0.111078,,2284900,,
3,3,,0.048406,0.094752,0.071644,0.244822,0.037635,0.089574,0.037977,0.096972,0.084493,0.193725,,2196700,,
3,3,,0.023894,0.107672,0.104948,0.25514,0.056249,0.106386,0.053297,0.075087,0.066856,0.150471,,2354700,,
3,3,,0.077008,0.078856,0.086025,0.198091,0.048393,0.060318,0.109174,0.070546,0.142369,0.129219,,1896100,,
3,3,,0.041317,0.099236,0.074179,0.214054,0.038183,0.109533,0.045898,0.113208,0.06508,0.199314,,1906400,,
3,8,,0.092632,0.118474,0.058559,0.119115,0.067771,0.09081,0.10169,0.115092,0.137416,0.098443,,1899800,,
3,3,,0.016787,0.092595,0.077866,0.280704,0.03725,0.139136,0.058302,0.112365,0.062399,0.122595,,1867000,,
3,3,,0.042515,0.096703,0.069355,0.26059,0.072125,0.10092,0.038967,0.093383,0.079059,0.146382,,1854700,,
3,9,,0.066524,0.123422,0.078209,0.163237,0.065847,0.091325,0.038939,0.106039,0.071945,0.194513,,2487300,,
3,3,,0.042318,0.120202,0.07278,0.201401,0.072972,0.097343,0.041928,0.104452,0.083295,0.163308,,2198100,,
3,3,,0.033412,0.097372,0.083496,0.264793,0.040043,0.124116,0.046789,0.078769,0.085753,0.145458,,2201700,,
3,3,,0.035657,0.151749,0.098222,0.183726,0.034192,0.100502,0.032568,0.118187,0.083005,0.162192,,2199600,,
3,3,,0.049545,0.105306,0.086114,0.229726,0.037909,0.105737,0.039266,0.111884,0.06201,0.172503,,2268100,,
3,3,,0.036738,0.120429,0.079814,0.239382,0.054421,0.107817,0.032287,0.090737,0.069475,0.1689,,1857600,,
3,3,,0.030022,0.123615,0.080304,0.275748,0.032286,0.113142,0.03742,0.087122,0.074024,0.146316,,1892700,,
3,3,,0.084398,0.090262,0.062164,0.22972,0.0383,0.078728,0.051824,0.08347,0.071069,0.210065,,1956300,,
3,3,,0.022209,0.108583,0.104604,0.253385,0.0465,0.140107,0.065805,0.073307,0.066907,0.118594,,1953300,,
3,3,,0.027393,0.155339,0.124311,0.162914,0.045992,0.150897,0.067579,0.076912,0.075515,0.113148,,1865100,,
3,3,,0.061753,0.096559,0.070755,0.234669,0.037156,0.090331,0.037051,0.099391,0.071377,0.200958,,2030600,,
3,3,,0.042515,0.096703,0.069355,0.26059,0.072125,0.10092,0.038967,0.093383,0.079059,0.146382,,1907000,,
3,3,,0.054148,0.113493,0.061506,0.262139,0.037509,0.094878,0.034868,0.101332,0.051136,0.188991,,1876700,,
3,3,,0.046434,0.091862,0.082857,0.250652,0.034664,0.101391,0.03689,0.093945,0.061182,0.200122,,1883800,,
3,3,,0.028425,0.099082,0.075334,0.236899,0.039052,0.116203,0.075918,0.095726,0.062569,0.170793,,1859600,,
3,3,,0.030096,0.096266,0.080399,0.279592,0.038318,0.114992,0.061139,0.101296,0.060955,0.136948,,2015400,,
3,3,,0.030022,0.130567,0.110512,0.22375,0.052144,0.108509,0.037678,0.085415,0.075661,0.145743,,1860500,,
3,3,,0.022002,0.120696,0.130558,0.249078,0.034463,0.121937,0.063782,0.068708,0.06428,0.124496,,1891300,,
3,3,,0.011374,0.099854,0.101344,0.224348,0.071145,0.201224,0.064211,0.064003,0.043995,0.118501,,1880600,,
3,3,,0.048791,0.085072,0.065732,0.237165,0.052,0.080824,0.111475,0.118481,0.104594,0.095865,,1868500,,
3,3,,0.037755,0.089411,0.07498,0.255882,0.059524,0.105509,0.086958,0.077565,0.074019,0.138397,,2036700,,
3,3,,0.064505,0.117382,0.055896,0.232264,0.053911,0.086649,0.051816,0.106248,0.065949,0.165381,,1890000,,
