optical,CWE,test,1,NANOSECONDS,PREDICTIONS, Generated by ClassifierExperiments.java on 2022-05-16 22:38:49.    SYSTEMPROPERTIES:{user.name:matth,os.arch:amd64,os.name:Windows 10},ENDSYSTEMPROPERTIES
No parameter info
0.8768821966341895,2623298400,2302313300,-1,96365864,10,,-1,-1
0,0,,0.423571,0.051869,0.043751,0.081684,0.085166,0.040176,0.087198,0.056668,0.036607,0.093309,,2077000,,
0,0,,0.371999,0.064333,0.016142,0.030189,0.111318,0.031804,0.122243,0.086944,0.046713,0.118315,,2375700,,
0,0,,0.233965,0.093751,0.017545,0.06652,0.128248,0.02874,0.138798,0.131416,0.085462,0.075556,,2025600,,
0,0,,0.381139,0.055818,0.028426,0.103432,0.085452,0.03561,0.073782,0.081857,0.031229,0.123255,,1960000,,
0,0,,0.422667,0.043954,0.016809,0.0498,0.095057,0.031436,0.133926,0.057124,0.039101,0.110126,,2093000,,
0,0,,0.462065,0.044252,0.016824,0.067966,0.097933,0.03426,0.108919,0.055013,0.034745,0.078023,,2321500,,
0,0,,0.379394,0.067041,0.016478,0.039785,0.15388,0.039216,0.137226,0.048054,0.033391,0.085535,,2256800,,
0,0,,0.437296,0.043578,0.016694,0.044753,0.10022,0.033451,0.120969,0.074969,0.03785,0.090221,,2013000,,
0,0,,0.369864,0.053771,0.037601,0.091963,0.08222,0.042447,0.087172,0.061318,0.054857,0.118789,,2063200,,
0,0,,0.431333,0.051694,0.040784,0.056194,0.097252,0.035835,0.093074,0.059472,0.041855,0.092508,,2122400,,
0,0,,0.4093,0.048949,0.018327,0.027549,0.133945,0.050073,0.148024,0.056595,0.037217,0.070023,,1997500,,
0,0,,0.457296,0.043578,0.016694,0.044753,0.10022,0.033451,0.140969,0.054969,0.03785,0.070221,,2087300,,
0,0,,0.431028,0.070158,0.019766,0.021588,0.136403,0.049102,0.13247,0.046194,0.030762,0.062529,,2180900,,
0,0,,0.405071,0.062553,0.015831,0.039279,0.141783,0.047448,0.103761,0.079473,0.037546,0.067256,,2382100,,
0,0,,0.414598,0.042941,0.016678,0.041607,0.121479,0.05529,0.11621,0.065727,0.03675,0.08872,,1942800,,
0,0,,0.386179,0.049396,0.033181,0.053721,0.100668,0.034048,0.138429,0.061103,0.042692,0.100582,,2186500,,
0,0,,0.477296,0.043578,0.016694,0.024753,0.12022,0.033451,0.120969,0.054969,0.03785,0.070221,,1953500,,
0,0,,0.435929,0.044062,0.037281,0.025017,0.131674,0.024567,0.131625,0.056347,0.039388,0.07411,,1928600,,
0,0,,0.44033,0.049757,0.033241,0.054523,0.092498,0.033804,0.09083,0.060476,0.043633,0.100907,,2146500,,
0,0,,0.454707,0.042437,0.016031,0.021103,0.132877,0.028959,0.092244,0.086348,0.036022,0.089272,,1917400,,
0,0,,0.433516,0.047966,0.019674,0.05075,0.137014,0.034374,0.092208,0.038689,0.041967,0.103842,,1937000,,
0,0,,0.418578,0.043413,0.015539,0.027551,0.142564,0.027173,0.093759,0.068009,0.065688,0.097727,,1974900,,
0,0,,0.406771,0.06571,0.018771,0.017096,0.153472,0.03323,0.120587,0.094324,0.03795,0.052088,,2025500,,
0,0,,0.352887,0.069116,0.01795,0.065263,0.10461,0.079621,0.106502,0.091194,0.035489,0.077368,,1918400,,
0,0,,0.417804,0.052868,0.048457,0.052712,0.093649,0.039077,0.086357,0.089372,0.037849,0.081855,,1920400,,
0,0,,0.509348,0.043067,0.016039,0.024467,0.112167,0.024603,0.11166,0.05559,0.037971,0.065089,,1935000,,
0,0,,0.39216,0.044051,0.015888,0.029748,0.146586,0.025102,0.130545,0.057745,0.045078,0.113097,,1925000,,
0,0,,0.474707,0.062437,0.016031,0.021103,0.132877,0.028959,0.092244,0.046348,0.036022,0.089272,,2077800,,
0,0,,0.386192,0.05071,0.035214,0.022934,0.153297,0.029052,0.08558,0.077864,0.061754,0.097402,,1918900,,
0,0,,0.360654,0.043393,0.01349,0.018885,0.208862,0.043137,0.114835,0.079211,0.035214,0.082319,,2021200,,
0,0,,0.469239,0.043571,0.016687,0.024971,0.120768,0.030934,0.135626,0.054969,0.038699,0.064537,,1935600,,
0,0,,0.441174,0.045204,0.016678,0.021542,0.129202,0.04013,0.116472,0.087263,0.03472,0.067615,,2034100,,
0,0,,0.399987,0.048488,0.032,0.07019,0.092015,0.034235,0.110901,0.059545,0.039434,0.113203,,1910300,,
0,0,,0.351598,0.067462,0.016965,0.017052,0.164467,0.047794,0.124457,0.129701,0.047711,0.032794,,1926500,,
0,0,,0.493259,0.043259,0.015817,0.022566,0.131597,0.028817,0.093068,0.056035,0.04353,0.072053,,1920900,,
0,0,,0.489239,0.043571,0.016687,0.024971,0.120768,0.030934,0.135626,0.034969,0.038699,0.064537,,1926000,,
0,0,,0.394701,0.052201,0.027495,0.051368,0.116877,0.069486,0.096992,0.064824,0.034389,0.091668,,2028600,,
0,0,,0.439466,0.046294,0.019191,0.056549,0.099277,0.036279,0.104089,0.088239,0.035474,0.075143,,1962200,,
0,0,,0.396974,0.054329,0.035378,0.082471,0.092955,0.036769,0.086187,0.076656,0.036797,0.101483,,1916900,,
0,0,,0.443877,0.044573,0.017935,0.045303,0.119727,0.033415,0.120934,0.055726,0.039267,0.079243,,1930900,,
0,0,,0.333341,0.08749,0.019908,0.022622,0.194183,0.031692,0.14122,0.046908,0.084547,0.03809,,1924000,,
0,0,,0.430878,0.048965,0.018418,0.041063,0.123466,0.049304,0.130056,0.065138,0.030116,0.062596,,2116900,,
0,0,,0.324392,0.058142,0.073429,0.049275,0.127683,0.058045,0.115561,0.045873,0.069421,0.078178,,1927000,,
0,0,,0.448086,0.052269,0.030149,0.070834,0.116175,0.034296,0.097093,0.034915,0.037383,0.078801,,1965600,,
0,0,,0.457405,0.043075,0.036046,0.024249,0.111618,0.02712,0.137003,0.03559,0.037121,0.090773,,1919800,,
0,0,,0.436474,0.043633,0.018626,0.028952,0.130848,0.044509,0.12787,0.067723,0.043581,0.057784,,1967900,,
0,0,,0.429539,0.064235,0.01634,0.026425,0.145706,0.031244,0.138311,0.034897,0.045969,0.067333,,2125700,,
0,0,,0.42745,0.045492,0.016031,0.040899,0.148186,0.054121,0.101743,0.067852,0.031173,0.067054,,1930300,,
0,0,,0.408343,0.051663,0.023774,0.054499,0.116712,0.032148,0.096879,0.036777,0.043925,0.135281,,1921500,,
0,0,,0.427183,0.051797,0.045813,0.055048,0.096375,0.034656,0.117049,0.058185,0.036102,0.077792,,1910000,,
0,0,,0.494707,0.042437,0.036031,0.021103,0.112877,0.028959,0.092244,0.066348,0.036022,0.069272,,2047100,,
0,0,,0.433516,0.047966,0.019674,0.05075,0.117014,0.034374,0.092208,0.058689,0.041967,0.103842,,2142400,,
0,0,,0.477405,0.043075,0.016046,0.024249,0.131618,0.02712,0.097003,0.07559,0.037121,0.070773,,1924600,,
0,0,,0.358492,0.051649,0.035061,0.057617,0.097398,0.037285,0.112198,0.06309,0.062592,0.124617,,2185000,,
0,0,,0.372538,0.043481,0.033408,0.024167,0.168395,0.025809,0.093755,0.060981,0.082494,0.094972,,1920300,,
0,0,,0.450342,0.045425,0.016738,0.042553,0.107792,0.03999,0.116713,0.07695,0.035522,0.067975,,2059600,,
0,0,,0.497405,0.043075,0.016046,0.024249,0.111618,0.02712,0.097003,0.05559,0.037121,0.090773,,1923400,,
0,0,,0.477296,0.043578,0.016694,0.024753,0.12022,0.033451,0.120969,0.054969,0.03785,0.070221,,1947900,,
0,0,,0.483766,0.063162,0.016738,0.022618,0.100068,0.035151,0.11645,0.055414,0.037552,0.069081,,1956500,,
0,0,,0.207786,0.120689,0.049565,0.027012,0.14878,0.058661,0.101975,0.063313,0.127536,0.094684,,2061600,,
0,0,,0.46612,0.064342,0.018316,0.040923,0.119297,0.020271,0.117575,0.065048,0.049122,0.038987,,1941800,,
0,0,,0.448343,0.071663,0.023774,0.054499,0.096712,0.032148,0.096879,0.036777,0.043925,0.095281,,2129400,,
0,0,,0.45801,0.041366,0.016037,0.021178,0.139774,0.027455,0.117277,0.076662,0.036158,0.066083,,1910600,,
0,0,,0.40033,0.049757,0.053241,0.054523,0.092498,0.033804,0.09083,0.060476,0.043633,0.120907,,2447400,,
0,0,,0.413239,0.046778,0.01584,0.025511,0.172472,0.027012,0.117655,0.055409,0.052076,0.074007,,3916800,,
0,0,,0.448964,0.046978,0.025726,0.050832,0.09821,0.037245,0.104472,0.055458,0.036305,0.095811,,2305700,,
0,0,,0.402457,0.061845,0.01592,0.024315,0.164733,0.026069,0.143897,0.036145,0.03702,0.087599,,2249800,,
0,0,,0.412462,0.045268,0.017742,0.032047,0.104115,0.050663,0.136865,0.076255,0.03858,0.086003,,2389200,,
0,0,,0.398087,0.07127,0.028767,0.043518,0.126345,0.056127,0.133251,0.046906,0.032793,0.062938,,2241200,,
0,0,,0.327301,0.054029,0.02911,0.115874,0.083564,0.043872,0.082304,0.073939,0.054693,0.135313,,2311800,,
0,0,,0.418622,0.044172,0.016413,0.025422,0.140899,0.030931,0.15621,0.054969,0.045405,0.066957,,2238800,,
0,0,,0.483875,0.042658,0.016091,0.022115,0.131467,0.02882,0.092484,0.056035,0.036824,0.089632,,2339800,,
0,0,,0.425879,0.046394,0.051984,0.054032,0.105518,0.034081,0.118227,0.056158,0.032068,0.075658,,2258100,,
0,0,,0.510251,0.043031,0.015841,0.024839,0.135927,0.024453,0.112222,0.042482,0.040103,0.050851,,2308400,,
0,0,,0.411119,0.070765,0.028623,0.042871,0.108132,0.045944,0.132315,0.064484,0.031867,0.06388,,2328500,,
0,0,,0.436659,0.047409,0.018086,0.042938,0.128314,0.040111,0.128363,0.057974,0.03335,0.066796,,2585200,,
0,0,,0.509348,0.043067,0.016039,0.024467,0.132167,0.024603,0.11166,0.03559,0.037971,0.065089,,2272100,,
0,0,,0.44735,0.043326,0.01637,0.044501,0.105919,0.030286,0.128986,0.05528,0.037485,0.090497,,2295100,,
0,0,,0.388881,0.043015,0.015797,0.055425,0.143755,0.03846,0.122796,0.078014,0.055174,0.058683,,2267000,,
0,0,,0.455575,0.042581,0.015958,0.021247,0.135825,0.050686,0.103824,0.066995,0.037892,0.069416,,2252700,,
0,0,,0.45333,0.043003,0.015688,0.021347,0.139707,0.026507,0.092794,0.079035,0.062589,0.065999,,2354400,,
0,0,,0.348217,0.049914,0.018502,0.040349,0.139142,0.087135,0.123205,0.081646,0.032471,0.079419,,2410500,,
0,0,,0.449733,0.06488,0.018646,0.020723,0.15035,0.023439,0.129092,0.064866,0.04278,0.035491,,1977100,,
0,0,,0.428515,0.055411,0.039006,0.055834,0.096604,0.035582,0.097164,0.054915,0.03924,0.09773,,1894700,,
0,0,,0.338116,0.044045,0.015993,0.043247,0.167649,0.030596,0.142058,0.077753,0.054426,0.086117,,2111500,,
0,0,,0.413576,0.049603,0.018434,0.024209,0.122207,0.047465,0.154815,0.05438,0.031215,0.084097,,1895500,,
0,0,,0.479525,0.044136,0.016214,0.025794,0.124659,0.030781,0.136772,0.041861,0.047537,0.05272,,1899600,,
0,0,,0.417351,0.045926,0.022,0.021943,0.113773,0.034319,0.216828,0.060482,0.037997,0.029381,,1901400,,
0,0,,0.45382,0.06291,0.016414,0.022366,0.125768,0.031985,0.104467,0.055724,0.037188,0.089357,,1890100,,
0,0,,0.419744,0.046343,0.019079,0.044803,0.111929,0.044628,0.168029,0.052286,0.030086,0.063074,,2038500,,
0,0,,0.463766,0.043162,0.016738,0.042618,0.100068,0.035151,0.11645,0.055414,0.037552,0.089081,,1894600,,
0,0,,0.419183,0.053072,0.035198,0.080081,0.091286,0.031,0.091041,0.085745,0.033666,0.079729,,1927400,,
0,0,,0.433892,0.062654,0.016285,0.021147,0.133878,0.029675,0.104192,0.078725,0.036248,0.083303,,1900400,,
0,0,,0.441174,0.045204,0.016678,0.041542,0.109202,0.04013,0.116472,0.087263,0.03472,0.067615,,2018300,,
0,0,,0.32741,0.061794,0.083245,0.039115,0.113072,0.084706,0.108693,0.037867,0.106804,0.037294,,1887500,,
0,0,,0.413576,0.049603,0.018434,0.024209,0.142207,0.047465,0.134815,0.05438,0.031215,0.084097,,1932000,,
0,0,,0.40033,0.049757,0.053241,0.054523,0.092498,0.033804,0.09083,0.060476,0.043633,0.120907,,1910500,,
0,0,,0.414598,0.042941,0.016678,0.021607,0.141479,0.05529,0.11621,0.065727,0.03675,0.08872,,2009600,,
0,0,,0.454598,0.042941,0.016678,0.021607,0.121479,0.03529,0.11621,0.085727,0.03675,0.06872,,2141100,,
0,0,,0.398377,0.058687,0.040745,0.055495,0.116207,0.045551,0.102046,0.052896,0.036734,0.093263,,1932400,,
0,0,,0.448127,0.043357,0.016634,0.043741,0.121631,0.03359,0.120729,0.045283,0.037047,0.089861,,1908000,,
0,0,,0.312581,0.057458,0.028428,0.083049,0.101628,0.072144,0.060429,0.099148,0.038437,0.146698,,1916800,,
0,0,,0.407621,0.071207,0.021305,0.02119,0.123427,0.044099,0.142363,0.063498,0.050644,0.054645,,2059500,,
0,0,,0.454707,0.062437,0.036031,0.021103,0.152877,0.028959,0.092244,0.046348,0.036022,0.069272,,1901100,,
0,0,,0.416056,0.045017,0.016687,0.049083,0.112544,0.067031,0.101343,0.086521,0.031864,0.073855,,1907000,,
0,0,,0.39097,0.049572,0.027275,0.042346,0.115195,0.046145,0.129902,0.083428,0.03122,0.083948,,1873600,,
0,0,,0.435059,0.06356,0.015964,0.020353,0.18561,0.025857,0.092421,0.036211,0.036443,0.088521,,2217000,,
0,0,,0.411993,0.06726,0.01804,0.042102,0.117738,0.083191,0.09807,0.066128,0.031812,0.063665,,1926100,,
0,0,,0.496736,0.043741,0.018589,0.020471,0.139167,0.020274,0.116991,0.065048,0.042416,0.036567,,1926400,,
0,0,,0.375835,0.061168,0.035753,0.037625,0.156184,0.05192,0.127052,0.056033,0.037501,0.060929,,1879900,,
0,0,,0.477296,0.043578,0.016694,0.024753,0.12022,0.033451,0.120969,0.034969,0.03785,0.090221,,2156500,,
1,1,,0.028573,0.254661,0.105762,0.122737,0.079593,0.076814,0.014861,0.127882,0.076447,0.112671,,1888800,,
1,1,,0.053998,0.239685,0.078874,0.02705,0.109589,0.05671,0.077321,0.096232,0.232813,0.027726,,1906000,,
1,1,,0.028367,0.290335,0.067288,0.124003,0.091207,0.108321,0.012606,0.063006,0.070911,0.143956,,1910600,,
1,1,,0.014766,0.384039,0.052112,0.079623,0.104263,0.081161,0.036439,0.066781,0.097209,0.083608,,2323800,,
1,9,,0.073508,0.171516,0.04936,0.17349,0.090955,0.086091,0.017347,0.089733,0.023035,0.224965,,1959800,,
1,1,,0.010939,0.306665,0.131987,0.120337,0.037557,0.09583,0.026447,0.141672,0.049211,0.079354,,2023800,,
1,1,,0.045736,0.305146,0.143201,0.066683,0.061174,0.06229,0.075997,0.10846,0.091652,0.039661,,1954200,,
1,1,,0.03106,0.339286,0.049459,0.081846,0.098293,0.09202,0.024534,0.07918,0.093387,0.110935,,2024400,,
1,1,,0.030727,0.319774,0.055529,0.095524,0.090685,0.08149,0.018829,0.101073,0.087027,0.119341,,1933600,,
1,1,,0.00974,0.294625,0.108494,0.085067,0.08982,0.116534,0.025735,0.081492,0.069338,0.119155,,1930200,,
1,1,,0.049748,0.233578,0.151231,0.092949,0.066678,0.053332,0.064006,0.079422,0.162358,0.046698,,1952600,,
1,1,,0.011067,0.302884,0.119415,0.120147,0.037483,0.096446,0.026373,0.137252,0.049508,0.099425,,2003300,,
1,1,,0.036829,0.318746,0.10346,0.041606,0.096554,0.023619,0.069851,0.083895,0.193342,0.032098,,2302700,,
1,1,,0.053453,0.335344,0.044375,0.053307,0.137665,0.045587,0.05433,0.069111,0.126771,0.080056,,2035500,,
1,1,,0.039333,0.172777,0.137283,0.090762,0.061086,0.155539,0.166043,0.046691,0.045519,0.084967,,2060700,,
1,1,,0.010873,0.259403,0.104612,0.185297,0.042301,0.102858,0.024205,0.077895,0.042799,0.149757,,2059200,,
1,9,,0.080175,0.168616,0.046918,0.138365,0.115701,0.105056,0.024216,0.074462,0.025278,0.221213,,2182200,,
1,1,,0.01292,0.324416,0.070854,0.125339,0.095066,0.08918,0.020708,0.073905,0.088515,0.099096,,1901400,,
1,1,,0.031366,0.332054,0.051333,0.089726,0.101498,0.073277,0.027992,0.094106,0.086696,0.111952,,2058200,,
1,1,,0.017903,0.343785,0.07811,0.09144,0.095519,0.071059,0.0228,0.092498,0.100927,0.085959,,1994000,,
1,1,,0.007397,0.29973,0.156139,0.080968,0.066586,0.101592,0.043844,0.090101,0.072825,0.080818,,2161900,,
1,1,,0.030226,0.310581,0.140858,0.101174,0.030355,0.078532,0.031825,0.132791,0.082908,0.06075,,1892800,,
1,1,,0.011313,0.384456,0.056136,0.080235,0.095465,0.082221,0.054895,0.066555,0.089784,0.078939,,1999400,,
1,1,,0.032188,0.288107,0.11308,0.0761,0.074807,0.029433,0.049764,0.131134,0.150904,0.054483,,1881700,,
1,1,,0.076137,0.193631,0.068609,0.092619,0.115519,0.076141,0.027581,0.092285,0.11927,0.138209,,1984900,,
1,1,,0.052404,0.332882,0.110849,0.026724,0.114212,0.054389,0.094457,0.056093,0.139919,0.01807,,1899800,,
1,1,,0.053813,0.28326,0.067833,0.025326,0.123659,0.056166,0.070031,0.083284,0.208095,0.028533,,2069800,,
1,1,,0.031172,0.207986,0.133913,0.18399,0.06716,0.065362,0.062534,0.086588,0.0502,0.111094,,1915600,,
1,1,,0.023464,0.326198,0.156646,0.111967,0.023835,0.086798,0.026757,0.105819,0.066905,0.07161,,2007600,,
1,7,,0.07457,0.16708,0.082187,0.129874,0.127601,0.031559,0.055945,0.188567,0.073487,0.06913,,1901500,,
1,1,,0.009346,0.28725,0.074358,0.09054,0.088922,0.15429,0.025223,0.058547,0.106925,0.1046,,1912900,,
1,1,,0.014928,0.363985,0.05498,0.080533,0.13047,0.098148,0.044495,0.055996,0.076926,0.07954,,1889000,,
1,1,,0.062611,0.297913,0.125624,0.042263,0.095209,0.087475,0.115876,0.034746,0.09127,0.047013,,2130500,,
1,1,,0.067112,0.270114,0.054283,0.117266,0.094724,0.038869,0.043082,0.13501,0.121503,0.058036,,3873600,,
1,1,,0.047222,0.328302,0.140212,0.044446,0.056161,0.035023,0.051913,0.11726,0.151036,0.028424,,2352800,,
1,1,,0.0235,0.317408,0.141337,0.11297,0.02388,0.083422,0.023365,0.112352,0.088157,0.073608,,1953000,,
1,1,,0.049822,0.272474,0.189967,0.039343,0.059202,0.071668,0.088674,0.033015,0.167203,0.028631,,2037300,,
1,1,,0.04592,0.325765,0.140592,0.054193,0.060353,0.044307,0.081595,0.090861,0.12907,0.027346,,1905700,,
1,9,,0.025661,0.146108,0.062272,0.145438,0.060594,0.133829,0.047393,0.05825,0.073759,0.246695,,1916600,,
1,1,,0.05252,0.261745,0.147141,0.078891,0.066321,0.037712,0.043742,0.094279,0.162883,0.054766,,1988800,,
1,1,,0.104885,0.297666,0.103277,0.024227,0.109072,0.074713,0.126411,0.048817,0.094858,0.016074,,1964800,,
1,1,,0.069313,0.2951,0.077492,0.023516,0.13962,0.064638,0.073127,0.051975,0.181231,0.023989,,2060200,,
1,1,,0.030245,0.339025,0.133992,0.109994,0.028289,0.07449,0.024803,0.111721,0.076521,0.070921,,1972200,,
1,1,,0.053982,0.260961,0.080072,0.032789,0.128941,0.037686,0.075678,0.097834,0.207414,0.024644,,1910800,,
1,1,,0.01724,0.333752,0.059793,0.086333,0.097453,0.071278,0.023792,0.130039,0.090975,0.089346,,1882600,,
1,1,,0.027642,0.290471,0.079876,0.108553,0.077252,0.140498,0.017588,0.054803,0.083082,0.120235,,2025000,,
1,9,,0.043651,0.16423,0.098568,0.159733,0.071734,0.088958,0.022,0.051401,0.078141,0.221585,,1932400,,
1,1,,0.054236,0.300258,0.069731,0.023217,0.121032,0.071994,0.074091,0.064786,0.195355,0.0253,,1936700,,
1,9,,0.026094,0.106734,0.061485,0.17331,0.08731,0.13361,0.050147,0.061635,0.051086,0.248587,,1985600,,
1,1,,0.034643,0.331787,0.063788,0.028603,0.134817,0.038539,0.08028,0.038858,0.219325,0.02936,,2124800,,
1,1,,0.013067,0.325046,0.15021,0.086501,0.07805,0.073733,0.064483,0.065811,0.08476,0.058339,,1943700,,
1,1,,0.01544,0.310025,0.067308,0.152232,0.067929,0.100875,0.012606,0.082071,0.071053,0.120462,,1894200,,
1,1,,0.009836,0.325622,0.076776,0.097699,0.073284,0.136104,0.018999,0.050094,0.096622,0.114963,,1943600,,
1,5,,0.050936,0.175527,0.103799,0.067533,0.070047,0.194946,0.175507,0.036659,0.056834,0.068212,,1914900,,
1,1,,0.014312,0.308343,0.062396,0.078035,0.139824,0.082522,0.030938,0.070358,0.109667,0.103605,,2027300,,
1,1,,0.011835,0.338766,0.05721,0.076815,0.141132,0.096446,0.05022,0.078808,0.072467,0.0763,,1934600,,
1,1,,0.017863,0.223542,0.125628,0.160862,0.047414,0.063332,0.019686,0.196371,0.050237,0.095064,,2041900,,
1,1,,0.01183,0.349398,0.104718,0.077773,0.065047,0.134292,0.015336,0.049333,0.098276,0.093997,,1935900,,
1,1,,0.062671,0.317208,0.070176,0.021571,0.123219,0.064503,0.112059,0.060845,0.144603,0.023145,,2012500,,
1,1,,0.037039,0.387021,0.083184,0.032836,0.104064,0.026225,0.068753,0.043342,0.18737,0.030165,,1913400,,
1,1,,0.01694,0.30991,0.067725,0.154319,0.070698,0.099964,0.016289,0.050797,0.080899,0.132459,,1944900,,
1,1,,0.052993,0.288952,0.083188,0.024028,0.108957,0.061334,0.118144,0.061213,0.184207,0.016983,,1941800,,
1,1,,0.011246,0.365432,0.090475,0.089793,0.07284,0.089149,0.015096,0.055583,0.085616,0.124772,,1895900,,
1,1,,0.031136,0.313682,0.059024,0.147639,0.090052,0.065455,0.021772,0.09478,0.086955,0.089507,,2192700,,
1,1,,0.035748,0.309972,0.0678,0.05491,0.105361,0.044084,0.044459,0.142242,0.138667,0.056758,,2042600,,
1,1,,0.033818,0.31866,0.098699,0.057254,0.100313,0.026974,0.050086,0.110664,0.16681,0.036722,,1920100,,
1,1,,0.055182,0.293722,0.107852,0.060588,0.058297,0.020387,0.057114,0.121742,0.198121,0.026996,,1900300,,
1,1,,0.010668,0.354331,0.089959,0.100182,0.079167,0.092777,0.02094,0.067732,0.085206,0.099038,,2022900,,
1,1,,0.056974,0.272687,0.075368,0.03726,0.102909,0.056802,0.060574,0.074488,0.203547,0.059391,,1915300,,
1,1,,0.011036,0.302314,0.167054,0.126621,0.036307,0.090407,0.046808,0.089572,0.050198,0.079683,,1904100,,
1,1,,0.053641,0.312509,0.102093,0.031426,0.093319,0.032021,0.068153,0.079926,0.202179,0.024733,,1954200,,
1,1,,0.027607,0.287795,0.096735,0.14603,0.062365,0.091859,0.009459,0.050863,0.058259,0.169026,,1909300,,
1,1,,0.012748,0.327972,0.131546,0.109804,0.057293,0.065201,0.027186,0.119123,0.08149,0.067638,,2028100,,
1,1,,0.058326,0.241391,0.118011,0.087335,0.106588,0.035169,0.047442,0.095394,0.118368,0.091974,,1913800,,
1,1,,0.019836,0.271078,0.108725,0.078853,0.111178,0.133083,0.08616,0.043373,0.068533,0.079181,,1936100,,
1,1,,0.054128,0.304027,0.056911,0.028651,0.130235,0.044013,0.077399,0.062463,0.212342,0.029831,,1892500,,
1,1,,0.070348,0.20707,0.106911,0.09877,0.086626,0.022603,0.094773,0.152902,0.110373,0.049623,,2126400,,
1,1,,0.011245,0.275175,0.077648,0.073858,0.14917,0.108319,0.047684,0.081934,0.08145,0.093515,,1961600,,
1,1,,0.056563,0.260735,0.05738,0.029316,0.155611,0.029773,0.063521,0.081886,0.230261,0.034953,,1913500,,
1,1,,0.036067,0.270485,0.145282,0.11295,0.036594,0.061761,0.02328,0.120677,0.097997,0.094908,,1896000,,
1,1,,0.052844,0.255876,0.092788,0.023918,0.11379,0.08665,0.110969,0.060699,0.183326,0.019141,,2083400,,
1,1,,0.133897,0.211732,0.051777,0.105447,0.073844,0.081403,0.049618,0.071583,0.057311,0.163388,,2444200,,
1,1,,0.078805,0.289568,0.110764,0.021411,0.107599,0.06542,0.148679,0.026615,0.136581,0.014557,,1886400,,
1,1,,0.027363,0.229206,0.097877,0.173425,0.061968,0.112471,0.009459,0.0524,0.055888,0.179942,,1877300,,
1,1,,0.031581,0.33633,0.051128,0.096644,0.101406,0.076855,0.027992,0.074214,0.085522,0.118327,,1933800,,
1,9,,0.025463,0.139232,0.073178,0.176243,0.105453,0.102459,0.045707,0.061098,0.062903,0.208264,,2015600,,
1,1,,0.06817,0.326688,0.09643,0.020172,0.094113,0.083045,0.095905,0.053299,0.138913,0.023265,,1897000,,
1,1,,0.036854,0.392828,0.044077,0.044841,0.115093,0.035949,0.066435,0.064849,0.15421,0.044864,,2093500,,
1,1,,0.008201,0.327313,0.10304,0.106024,0.075127,0.131305,0.03464,0.060353,0.068199,0.085798,,2072200,,
1,1,,0.01741,0.329392,0.051619,0.091017,0.092576,0.092228,0.023792,0.124459,0.086887,0.090621,,1928000,,
1,1,,0.03435,0.23746,0.067432,0.107705,0.164339,0.072171,0.038772,0.089216,0.051093,0.13746,,1919700,,
1,1,,0.053593,0.28883,0.083679,0.021267,0.15792,0.063373,0.081662,0.061509,0.165874,0.022293,,2251000,,
1,1,,0.026598,0.323833,0.064152,0.114322,0.070289,0.101101,0.011883,0.052765,0.069726,0.165333,,2248400,,
1,1,,0.015403,0.333333,0.063362,0.125163,0.076747,0.084726,0.018311,0.064914,0.076022,0.142019,,2261200,,
1,1,,0.00925,0.320681,0.132462,0.116959,0.051895,0.066551,0.018558,0.113937,0.091603,0.078104,,2251400,,
1,1,,0.011116,0.326045,0.125978,0.112625,0.035925,0.088984,0.026577,0.114066,0.067194,0.09149,,2351300,,
1,1,,0.011413,0.326384,0.103573,0.101126,0.101426,0.082983,0.039535,0.074729,0.085909,0.072922,,2295900,,
1,1,,0.076546,0.271335,0.089663,0.026629,0.143807,0.076991,0.164109,0.037636,0.084636,0.028649,,2254600,,
1,1,,0.00938,0.327155,0.100035,0.096278,0.092407,0.114509,0.048359,0.043674,0.073066,0.095138,,2350100,,
1,1,,0.056185,0.247404,0.085707,0.022787,0.129988,0.133618,0.109305,0.044371,0.153958,0.016678,,2270700,,
1,1,,0.026029,0.228746,0.117716,0.127302,0.09838,0.058322,0.027756,0.14969,0.04832,0.11774,,2286400,,
1,1,,0.052976,0.278896,0.116812,0.028749,0.109573,0.054996,0.125691,0.061892,0.155438,0.014977,,2230800,,
1,1,,0.036623,0.285662,0.046717,0.027751,0.137605,0.029115,0.061727,0.115103,0.205852,0.053845,,2310300,,
1,1,,0.032794,0.32247,0.0629,0.110543,0.099672,0.082756,0.022274,0.087661,0.083402,0.095528,,2281700,,
1,1,,0.027443,0.243999,0.222072,0.10365,0.046872,0.098058,0.044783,0.042595,0.088232,0.082296,,2262200,,
1,1,,0.007785,0.334143,0.098074,0.099378,0.094534,0.10319,0.031428,0.080787,0.070171,0.08051,,2316500,,
1,1,,0.039391,0.307654,0.064709,0.110772,0.07248,0.098141,0.011999,0.056815,0.067088,0.170951,,2264700,,
1,1,,0.013677,0.260277,0.111203,0.101522,0.114911,0.121615,0.048918,0.043528,0.07832,0.106027,,2265100,,
1,1,,0.073454,0.308548,0.132636,0.032009,0.094778,0.050397,0.078095,0.078835,0.129072,0.022177,,2247600,,
1,1,,0.034253,0.345664,0.049208,0.050198,0.123272,0.062971,0.067159,0.090309,0.129537,0.047428,,2326400,,
1,1,,0.013561,0.350377,0.059712,0.111035,0.073679,0.127549,0.022256,0.048922,0.077926,0.114984,,2346200,,
1,1,,0.019869,0.314568,0.060545,0.156312,0.077728,0.057861,0.028245,0.116595,0.090037,0.078241,,2163400,,
1,1,,0.031701,0.301847,0.147658,0.08099,0.053441,0.077321,0.044082,0.090986,0.111687,0.060287,,1966900,,
1,1,,0.054256,0.330383,0.063837,0.024238,0.124399,0.05308,0.089588,0.039018,0.197582,0.023619,,2140400,,
1,1,,0.052156,0.339987,0.132894,0.043566,0.087145,0.052381,0.092948,0.054919,0.122424,0.021579,,1892200,,
2,2,,0.052665,0.14214,0.333247,0.127077,0.032035,0.035599,0.039225,0.080553,0.110882,0.046577,,1914700,,
2,2,,0.032226,0.147184,0.226181,0.154492,0.042244,0.12108,0.037761,0.047086,0.086499,0.105246,,1908500,,
2,2,,0.032041,0.143477,0.280393,0.138181,0.023665,0.108342,0.020436,0.070272,0.068681,0.114513,,2027500,,
2,2,,0.042433,0.15628,0.233489,0.118803,0.065699,0.100926,0.053187,0.05382,0.086112,0.089253,,1908200,,
2,2,,0.029315,0.146472,0.298631,0.13018,0.021325,0.063481,0.012554,0.123353,0.098184,0.076505,,1908700,,
2,2,,0.048106,0.197825,0.250055,0.129376,0.037249,0.055524,0.061062,0.077555,0.10451,0.038739,,1939200,,
2,1,,0.011616,0.215262,0.184544,0.19566,0.020727,0.08625,0.013886,0.100841,0.064639,0.106575,,1995800,,
2,2,,0.026105,0.153581,0.339832,0.110577,0.022559,0.075713,0.040201,0.091369,0.069251,0.070813,,1895200,,
2,2,,0.025926,0.151812,0.353666,0.124503,0.022539,0.080749,0.026434,0.079767,0.064076,0.070528,,1959200,,
2,2,,0.048551,0.162039,0.337028,0.073773,0.038077,0.064366,0.060758,0.066729,0.099445,0.049234,,1909500,,
2,2,,0.029947,0.130553,0.285644,0.176779,0.030405,0.063922,0.018019,0.095326,0.08546,0.083947,,1861600,,
2,2,,0.031572,0.131752,0.244695,0.132068,0.046635,0.138047,0.044464,0.045526,0.074414,0.110826,,2095900,,
2,2,,0.029402,0.149801,0.31789,0.129978,0.030352,0.060753,0.018093,0.099912,0.086171,0.077648,,1891200,,
2,2,,0.025855,0.196461,0.26018,0.162977,0.022618,0.081147,0.026292,0.089567,0.064198,0.070704,,2076100,,
2,2,,0.078657,0.190823,0.238834,0.094969,0.043152,0.043749,0.075958,0.037311,0.155062,0.041484,,1883200,,
2,2,,0.026064,0.165933,0.310988,0.103056,0.043187,0.081566,0.063486,0.068851,0.067474,0.069394,,2008700,,
2,2,,0.067306,0.191856,0.252461,0.099713,0.03365,0.020701,0.044607,0.102404,0.159071,0.02823,,1882900,,
2,2,,0.032788,0.215202,0.239715,0.13058,0.051529,0.071231,0.056589,0.069188,0.076302,0.056877,,1915400,,
2,2,,0.048149,0.154598,0.340229,0.094166,0.036244,0.054335,0.060449,0.079674,0.092905,0.039251,,1885300,,
2,2,,0.053303,0.120446,0.373364,0.104479,0.034251,0.02025,0.046201,0.081339,0.13904,0.027327,,2102200,,
2,1,,0.052611,0.223165,0.218444,0.04176,0.058846,0.038124,0.041434,0.095543,0.174099,0.055974,,1915300,,
2,2,,0.025912,0.166805,0.327873,0.127383,0.024675,0.088315,0.02634,0.081894,0.052884,0.077916,,1874900,,
2,2,,0.048514,0.180142,0.27872,0.07615,0.039515,0.0679,0.081434,0.046559,0.112318,0.068749,,1873100,,
2,2,,0.063292,0.169153,0.313295,0.092756,0.036564,0.041741,0.068405,0.037293,0.156981,0.020519,,1897000,,
2,2,,0.031571,0.126583,0.206866,0.164021,0.03116,0.098489,0.042977,0.0832,0.071401,0.143733,,2109800,,
2,2,,0.025969,0.153034,0.340605,0.126744,0.022422,0.075513,0.023081,0.091369,0.069119,0.072145,,1886300,,
2,2,,0.042811,0.127393,0.294762,0.12596,0.04445,0.085601,0.012505,0.056207,0.085611,0.124701,,1952300,,
2,1,,0.066752,0.19248,0.192018,0.145511,0.036147,0.024881,0.043558,0.09211,0.17636,0.030184,,1958100,,
2,2,,0.034101,0.128264,0.310097,0.123535,0.049279,0.077286,0.021408,0.092812,0.08264,0.080578,,2147800,,
2,2,,0.078506,0.189497,0.255054,0.068186,0.042948,0.038143,0.093236,0.040782,0.150875,0.042773,,1890800,,
2,2,,0.049744,0.12886,0.390799,0.069719,0.035548,0.02988,0.053595,0.089055,0.1306,0.022201,,1964400,,
2,2,,0.026843,0.159363,0.316247,0.090907,0.046498,0.100044,0.063544,0.054993,0.054208,0.087353,,1879200,,
2,2,,0.048184,0.168919,0.339377,0.097062,0.033569,0.042584,0.04635,0.070556,0.112054,0.041346,,2025100,,
2,1,,0.048084,0.279288,0.192067,0.1038,0.037252,0.056534,0.061104,0.056898,0.105442,0.059532,,1904700,,
2,2,,0.026321,0.127752,0.340562,0.119354,0.026246,0.101547,0.026027,0.095263,0.049562,0.087365,,2002400,,
2,2,,0.048033,0.159449,0.270712,0.087891,0.037143,0.093147,0.093694,0.057076,0.094956,0.0579,,1974700,,
2,1,,0.095085,0.22072,0.206797,0.090296,0.052543,0.051459,0.089208,0.02722,0.120456,0.046216,,1931300,,
2,3,,0.015575,0.157641,0.196794,0.205924,0.030265,0.078095,0.015727,0.127237,0.070567,0.102175,,2153400,,
2,2,,0.029473,0.125151,0.311377,0.131505,0.030272,0.060355,0.038235,0.110111,0.086049,0.077472,,1935200,,
2,6,,0.155613,0.132634,0.128081,0.046997,0.08686,0.075243,0.230643,0.02135,0.101588,0.020991,,2014500,,
2,2,,0.065797,0.135477,0.254144,0.121628,0.042919,0.034007,0.046068,0.123904,0.144958,0.031096,,1925600,,
2,2,,0.031141,0.132311,0.291324,0.098434,0.04464,0.077684,0.013278,0.107191,0.111836,0.092161,,2004200,,
2,2,,0.063294,0.193118,0.281528,0.106925,0.036616,0.040704,0.070006,0.048055,0.139988,0.019766,,1908900,,
2,2,,0.063622,0.156122,0.296597,0.119637,0.036533,0.031796,0.050171,0.081707,0.137234,0.026581,,2325200,,
2,2,,0.049249,0.146738,0.370166,0.07049,0.037666,0.039173,0.070743,0.060576,0.135572,0.019627,,2258500,,
2,2,,0.032756,0.182971,0.28199,0.162652,0.027694,0.062564,0.042011,0.065895,0.08536,0.056107,,2005700,,
2,2,,0.047201,0.161135,0.188227,0.136526,0.050146,0.084495,0.015295,0.077492,0.087959,0.151525,,1912900,,
2,2,,0.04822,0.149949,0.333716,0.135692,0.036164,0.053937,0.060591,0.049873,0.092783,0.039074,,1941500,,
2,2,,0.078584,0.181898,0.247252,0.098723,0.04272,0.043531,0.075886,0.038027,0.151918,0.041462,,1916100,,
2,2,,0.065005,0.138771,0.317071,0.125947,0.035156,0.02527,0.049799,0.07631,0.142401,0.024272,,2053100,,
2,2,,0.093845,0.201043,0.240613,0.084584,0.051441,0.044724,0.088945,0.040389,0.114802,0.039614,,1915100,,
2,2,,0.029402,0.129801,0.27789,0.149978,0.030352,0.060753,0.018093,0.139912,0.086171,0.077648,,2058800,,
2,3,,0.137419,0.103048,0.116424,0.213224,0.037483,0.084172,0.017056,0.09321,0.019416,0.178548,,1893200,,
2,2,,0.046179,0.11488,0.290225,0.101827,0.035932,0.095611,0.05137,0.080331,0.084857,0.098788,,2011500,,
2,8,,0.070839,0.156049,0.206143,0.103951,0.045037,0.024412,0.071604,0.051524,0.215372,0.055069,,1913700,,
2,2,,0.048149,0.154598,0.320229,0.094166,0.036244,0.054335,0.060449,0.099674,0.092905,0.039251,,1886100,,
2,2,,0.064009,0.184079,0.259905,0.081163,0.041535,0.044762,0.070972,0.036389,0.170175,0.047011,,1889100,,
2,2,,0.03373,0.181349,0.316026,0.083674,0.031556,0.082609,0.046339,0.058238,0.101359,0.065119,,1882200,,
2,2,,0.06417,0.17389,0.280257,0.126424,0.032937,0.022987,0.051735,0.046868,0.155321,0.045411,,2071700,,
2,2,,0.072186,0.133588,0.266952,0.080643,0.034853,0.019004,0.045714,0.10239,0.215768,0.028902,,2029300,,
2,2,,0.052638,0.121394,0.256891,0.122469,0.034997,0.041221,0.039006,0.155091,0.10828,0.068012,,1925600,,
2,2,,0.026257,0.150055,0.299629,0.1496,0.031693,0.06473,0.022177,0.097634,0.084077,0.074148,,1887800,,
2,2,,0.026471,0.132563,0.32142,0.151304,0.022591,0.083918,0.02636,0.07518,0.083365,0.076827,,2014500,,
2,2,,0.049364,0.207569,0.290933,0.068846,0.038963,0.062764,0.058113,0.060778,0.111608,0.051062,,1894400,,
2,2,,0.053133,0.143767,0.312654,0.11743,0.034245,0.019967,0.046201,0.088671,0.157476,0.026454,,1893000,,
2,2,,0.026706,0.201473,0.287566,0.080824,0.045592,0.093951,0.044146,0.060204,0.080476,0.079061,,1919400,,
2,1,,0.050588,0.274297,0.183734,0.075083,0.040072,0.053771,0.062472,0.044142,0.15781,0.058031,,1891700,,
2,2,,0.026471,0.152563,0.32142,0.151304,0.022591,0.083918,0.02636,0.07518,0.063365,0.076827,,2071000,,
2,2,,0.037404,0.146689,0.321103,0.105239,0.036885,0.070183,0.023005,0.081849,0.092598,0.085044,,1993300,,
2,2,,0.049643,0.238422,0.263912,0.044947,0.058324,0.061878,0.080285,0.032685,0.128849,0.041054,,1956000,,
2,2,,0.03327,0.159006,0.339983,0.094526,0.047786,0.081545,0.048255,0.055716,0.070048,0.069866,,1917600,,
2,2,,0.054308,0.13851,0.329721,0.066721,0.032576,0.035171,0.063712,0.069956,0.157353,0.051972,,2006700,,
2,2,,0.033114,0.166393,0.329277,0.103218,0.028873,0.087298,0.031171,0.071499,0.073746,0.075411,,1893200,,
2,2,,0.067094,0.18615,0.227416,0.115854,0.059661,0.023171,0.041824,0.098386,0.151724,0.02872,,1900900,,
2,2,,0.050104,0.114876,0.228788,0.170154,0.029026,0.078722,0.028547,0.109708,0.069083,0.120991,,1923800,,
2,2,,0.030222,0.130011,0.279677,0.155919,0.025026,0.07526,0.012508,0.120816,0.076982,0.093579,,2084200,,
2,2,,0.029279,0.145291,0.32232,0.130071,0.020579,0.059961,0.032734,0.084851,0.097895,0.077018,,2198200,,
2,2,,0.064534,0.202569,0.268077,0.092642,0.037686,0.047799,0.068673,0.035034,0.156687,0.0263,,2023400,,
2,2,,0.068003,0.183858,0.238573,0.080271,0.050104,0.031887,0.073328,0.078946,0.138475,0.056555,,2033600,,
2,2,,0.049316,0.14777,0.365987,0.069419,0.036172,0.040811,0.063407,0.06998,0.126555,0.030582,,2190200,,
2,2,,0.027187,0.161483,0.284123,0.078551,0.048001,0.119805,0.067372,0.049579,0.082701,0.081199,,2294700,,
2,2,,0.02387,0.153201,0.233989,0.137089,0.062824,0.09935,0.01396,0.069033,0.068429,0.138254,,1913300,,
2,3,,0.026638,0.129682,0.195443,0.21441,0.035435,0.072554,0.016865,0.123615,0.077922,0.107435,,1894900,,
2,1,,0.06355,0.215623,0.214293,0.066273,0.064211,0.039297,0.080247,0.110749,0.122551,0.023207,,1949900,,
2,2,,0.07271,0.157491,0.184269,0.156708,0.078896,0.052166,0.036375,0.098663,0.063238,0.099485,,2268500,,
2,2,,0.066557,0.20022,0.252769,0.099464,0.032683,0.02058,0.046935,0.070946,0.180826,0.02902,,2162800,,
2,2,,0.02804,0.191507,0.272416,0.088409,0.048893,0.120846,0.044071,0.049762,0.067402,0.088654,,1947800,,
2,1,,0.111764,0.180797,0.146594,0.075693,0.065801,0.052843,0.14728,0.024952,0.155761,0.038514,,2122200,,
2,2,,0.093695,0.186287,0.255196,0.079198,0.051519,0.045119,0.089061,0.044152,0.115437,0.040337,,3070100,,
2,2,,0.121419,0.173431,0.250728,0.065076,0.05516,0.044562,0.112863,0.030941,0.126673,0.019147,,1966900,,
2,2,,0.025969,0.133034,0.320605,0.126744,0.022422,0.075513,0.043081,0.091369,0.089119,0.072145,,2235100,,
2,2,,0.048192,0.198625,0.285227,0.103706,0.036001,0.047861,0.063118,0.044348,0.122163,0.050758,,2333800,,
2,2,,0.153122,0.141341,0.172667,0.06138,0.076419,0.07412,0.152824,0.024586,0.118902,0.02464,,2238900,,
2,2,,0.035054,0.145328,0.257058,0.167922,0.029772,0.084625,0.015725,0.07338,0.08089,0.110246,,2234500,,
2,2,,0.064842,0.19157,0.279608,0.082297,0.035999,0.062792,0.069431,0.042674,0.145853,0.024934,,2216000,,
2,2,,0.081057,0.129287,0.184092,0.084332,0.094448,0.025601,0.130456,0.088026,0.156042,0.026659,,2376000,,
2,2,,0.052522,0.164359,0.214253,0.131045,0.048819,0.100079,0.090902,0.060427,0.072179,0.065415,,2218800,,
2,2,,0.050025,0.116804,0.203839,0.185746,0.02926,0.080051,0.028806,0.115906,0.069596,0.119968,,2958400,,
2,2,,0.115868,0.152739,0.184854,0.043751,0.072357,0.070124,0.17492,0.035504,0.116247,0.033636,,2318500,,
2,2,,0.029359,0.13994,0.34631,0.128083,0.030003,0.060427,0.018235,0.088578,0.082092,0.076972,,2228000,,
2,2,,0.071706,0.116172,0.224116,0.083531,0.08267,0.028224,0.105895,0.127531,0.133261,0.026895,,2243700,,
2,2,,0.063791,0.173218,0.295188,0.132093,0.034822,0.033996,0.065994,0.050809,0.129425,0.020664,,2150300,,
2,1,,0.079033,0.249552,0.211488,0.090055,0.046689,0.046639,0.076265,0.048661,0.127133,0.024485,,2009000,,
2,2,,0.086514,0.155393,0.216133,0.123887,0.035671,0.020103,0.044962,0.09345,0.195811,0.028077,,1879700,,
2,2,,0.048478,0.175765,0.242059,0.112016,0.058813,0.066837,0.060472,0.062454,0.103206,0.069899,,1925800,,
2,2,,0.026328,0.125405,0.333116,0.131126,0.031613,0.064332,0.04232,0.087833,0.083955,0.073972,,1877500,,
2,2,,0.064816,0.15602,0.30108,0.089869,0.033574,0.033876,0.055047,0.062399,0.173964,0.029356,,1991100,,
2,2,,0.063883,0.155801,0.352991,0.07358,0.036146,0.043124,0.066484,0.062707,0.121408,0.023875,,1896600,,
2,2,,0.063242,0.203632,0.243297,0.092582,0.034512,0.025567,0.050945,0.074174,0.186383,0.025666,,1915400,,
2,2,,0.031684,0.14882,0.292058,0.13193,0.042012,0.104929,0.040972,0.045285,0.059863,0.102447,,1871700,,
2,2,,0.094131,0.187988,0.195554,0.110341,0.048058,0.045641,0.079105,0.045263,0.147938,0.045982,,2012600,,
2,2,,0.014705,0.127245,0.197685,0.175471,0.019799,0.101615,0.009801,0.152696,0.072081,0.128902,,1921000,,
3,3,,0.034159,0.187213,0.092714,0.263391,0.020451,0.081813,0.009895,0.098432,0.103756,0.108177,,2028500,,
3,3,,0.04835,0.073497,0.098282,0.325592,0.031905,0.092594,0.02858,0.09015,0.056705,0.154346,,1900900,,
3,3,,0.12893,0.066293,0.048348,0.209742,0.061943,0.06271,0.065851,0.090457,0.103938,0.161787,,2113100,,
3,3,,0.058227,0.11904,0.120309,0.221178,0.062657,0.050292,0.048283,0.103336,0.139386,0.077292,,1937400,,
3,3,,0.054981,0.095563,0.045802,0.367245,0.036336,0.089228,0.033308,0.072357,0.056816,0.148363,,1905900,,
3,3,,0.016235,0.119609,0.112242,0.279437,0.025081,0.091453,0.009612,0.151908,0.075595,0.118828,,1962800,,
3,3,,0.0482,0.07972,0.059889,0.346714,0.031983,0.092921,0.028696,0.095704,0.057665,0.158508,,1899500,,
3,3,,0.045694,0.108489,0.103886,0.357751,0.033507,0.080581,0.015584,0.068603,0.055046,0.130858,,1998800,,
3,3,,0.034438,0.124989,0.136622,0.323387,0.018739,0.073005,0.009558,0.078893,0.099893,0.100475,,1982800,,
3,3,,0.031325,0.168427,0.09631,0.290177,0.024115,0.097163,0.041418,0.051554,0.080457,0.119054,,1885500,,
3,3,,0.015236,0.153938,0.098856,0.300363,0.028736,0.075275,0.015599,0.099549,0.112551,0.099896,,1938200,,
3,9,,0.059156,0.12791,0.147436,0.164243,0.033802,0.094945,0.015952,0.06765,0.060573,0.228333,,1875800,,
3,3,,0.049549,0.119894,0.054143,0.285593,0.032115,0.11391,0.028983,0.079413,0.062714,0.173685,,2035100,,
3,3,,0.02672,0.103102,0.096509,0.338372,0.057623,0.073503,0.021334,0.09468,0.072419,0.115738,,1919700,,
3,3,,0.091005,0.113459,0.080157,0.190594,0.050305,0.05173,0.044205,0.084204,0.167623,0.126718,,1989600,,
3,3,,0.047491,0.151848,0.145898,0.245555,0.048755,0.098174,0.036606,0.050961,0.054789,0.119922,,1900300,,
3,3,,0.047674,0.079782,0.08795,0.351511,0.04972,0.083116,0.023893,0.071701,0.059258,0.145395,,1878000,,
3,3,,0.049433,0.100821,0.091811,0.284625,0.032113,0.094794,0.029208,0.073913,0.063902,0.17938,,2030800,,
3,3,,0.042412,0.14843,0.077274,0.323964,0.031165,0.093494,0.024296,0.062128,0.079346,0.117491,,1883500,,
3,3,,0.031709,0.134401,0.112103,0.338709,0.023621,0.095223,0.029103,0.054645,0.08692,0.093566,,1905300,,
3,3,,0.026781,0.093002,0.056918,0.238959,0.073404,0.115844,0.048596,0.06934,0.048774,0.228382,,2016700,,
3,3,,0.046751,0.088791,0.076095,0.300157,0.033479,0.073238,0.021361,0.074249,0.140197,0.145683,,1917700,,
3,3,,0.044821,0.096907,0.069538,0.287481,0.059467,0.086663,0.049025,0.105062,0.053729,0.147309,,1994100,,
3,0,,0.171771,0.092395,0.05334,0.159535,0.069722,0.049091,0.1025,0.061033,0.14032,0.100295,,1905100,,
3,3,,0.044448,0.104489,0.076138,0.345527,0.031668,0.092227,0.02892,0.066177,0.086079,0.124327,,1919100,,
3,3,,0.034543,0.103354,0.127127,0.321815,0.020464,0.080588,0.00947,0.087843,0.078661,0.136135,,1961300,,
3,3,,0.043697,0.104597,0.069656,0.38504,0.030282,0.09856,0.023375,0.066035,0.048434,0.130325,,1901700,,
3,2,,0.034091,0.165018,0.23868,0.21674,0.018063,0.07404,0.009632,0.064404,0.077117,0.102216,,1990900,,
3,3,,0.119748,0.109356,0.078466,0.228636,0.066941,0.052659,0.06877,0.055353,0.082691,0.137379,,1898600,,
3,3,,0.093732,0.090083,0.087701,0.260211,0.054767,0.071606,0.05601,0.082649,0.089714,0.113527,,1898900,,
3,3,,0.0482,0.05972,0.059889,0.366714,0.031983,0.092921,0.028696,0.095704,0.057665,0.158508,,1899000,,
3,3,,0.034363,0.198117,0.153738,0.229453,0.037323,0.067721,0.060053,0.054848,0.088434,0.075949,,2046800,,
3,1,,0.034464,0.171292,0.11319,0.128573,0.07685,0.087254,0.022709,0.154516,0.130989,0.080161,,1905800,,
3,3,,0.05149,0.119976,0.049542,0.304765,0.033378,0.119987,0.0574,0.067871,0.045852,0.149738,,1965600,,
3,3,,0.047473,0.073705,0.057523,0.350798,0.050725,0.102203,0.023731,0.090143,0.038964,0.164736,,1883300,,
3,3,,0.031379,0.08701,0.036615,0.302017,0.064606,0.090166,0.045994,0.121555,0.076209,0.144449,,1932500,,
3,3,,0.047756,0.10333,0.064842,0.36205,0.030122,0.084311,0.024102,0.069506,0.067702,0.14628,,2088800,,
3,3,,0.031792,0.101385,0.129903,0.320734,0.049863,0.077102,0.019143,0.083875,0.081771,0.104432,,1924900,,
3,3,,0.044839,0.147909,0.065614,0.163264,0.080533,0.127472,0.078221,0.064286,0.069333,0.158528,,1908500,,
3,3,,0.015656,0.15504,0.122173,0.306757,0.028253,0.074306,0.015059,0.10123,0.079658,0.101868,,1884000,,
