optical,CWE,test,0,NANOSECONDS,PREDICTIONS, Generated by ClassifierExperiments.java on 2022-05-16 22:35:58.    SYSTEMPROPERTIES:{user.name:matth,os.arch:amd64,os.name:Windows 10},ENDSYSTEMPROPERTIES
No parameter info
0.8963684676705048,3052630500,2285813100,-1,97155920,10,,-1,-1
0,0,,0.41325,0.023457,0.043797,0.022097,0.136276,0.076258,0.120425,0.058784,0.072963,0.032693,,2158800,,
0,0,,0.4657,0.020669,0.020523,0.018217,0.126771,0.02736,0.135518,0.059759,0.061347,0.064136,,2093800,,
0,0,,0.41809,0.026016,0.023795,0.027948,0.114717,0.029465,0.218993,0.051181,0.056923,0.032872,,1907500,,
0,0,,0.439401,0.041833,0.043489,0.021028,0.103607,0.049531,0.152756,0.040332,0.075528,0.032495,,2209900,,
0,0,,0.315003,0.05685,0.034024,0.085169,0.149032,0.106129,0.103172,0.055717,0.040328,0.054576,,1918100,,
0,0,,0.3706,0.02748,0.019729,0.029474,0.213664,0.026157,0.089741,0.106371,0.058251,0.058532,,1911400,,
0,0,,0.487622,0.01868,0.036049,0.079047,0.089766,0.025942,0.081649,0.04287,0.06267,0.075705,,2014100,,
0,0,,0.560294,0.042833,0.01846,0.022068,0.112957,0.041516,0.087631,0.039181,0.041117,0.033943,,1897600,,
0,0,,0.375939,0.058127,0.051527,0.109803,0.064378,0.095763,0.07368,0.046438,0.057421,0.066925,,1915100,,
0,0,,0.510279,0.04413,0.020115,0.029474,0.133709,0.024692,0.092808,0.054453,0.040922,0.049418,,1938600,,
0,0,,0.293845,0.092988,0.025037,0.005701,0.253465,0.016883,0.1507,0.105542,0.049062,0.006776,,1910400,,
0,0,,0.473131,0.028055,0.024597,0.022446,0.146586,0.027488,0.120936,0.056524,0.046434,0.053804,,2059800,,
0,0,,0.419299,0.020628,0.020927,0.020824,0.135963,0.113295,0.119421,0.081001,0.038511,0.030131,,1902400,,
0,0,,0.548254,0.025352,0.019936,0.018007,0.112377,0.025366,0.121479,0.05931,0.043353,0.026567,,1944900,,
0,0,,0.510222,0.031443,0.018418,0.02233,0.126709,0.028919,0.116572,0.063839,0.044423,0.037123,,1920700,,
0,0,,0.587952,0.018841,0.037749,0.026192,0.083522,0.025064,0.081321,0.043095,0.040959,0.055306,,1918800,,
0,0,,0.583963,0.025501,0.039531,0.022107,0.094421,0.027789,0.094462,0.033537,0.04536,0.03333,,2030400,,
0,0,,0.541384,0.039477,0.057635,0.02381,0.089795,0.027959,0.087385,0.041033,0.050618,0.040904,,1935200,,
0,0,,0.512881,0.01818,0.019289,0.017742,0.109775,0.047114,0.149115,0.038795,0.038313,0.048795,,2019000,,
0,0,,0.545441,0.043706,0.039255,0.026254,0.093499,0.024825,0.113566,0.040552,0.038413,0.034488,,1954900,,
0,0,,0.405101,0.038464,0.054117,0.025075,0.124341,0.039004,0.109859,0.054995,0.094036,0.055009,,1930000,,
0,0,,0.500955,0.040237,0.037754,0.078737,0.088579,0.026501,0.088797,0.040083,0.057597,0.040759,,2058100,,
0,0,,0.433381,0.043752,0.026795,0.092786,0.108341,0.034726,0.100149,0.065206,0.059323,0.035542,,1931600,,
0,0,,0.545441,0.043706,0.039255,0.026254,0.093499,0.024825,0.093566,0.040552,0.058413,0.034488,,1936200,,
0,0,,0.514281,0.018992,0.015572,0.021237,0.116651,0.025624,0.129411,0.071599,0.043833,0.0428,,2015600,,
0,0,,0.451199,0.049607,0.028816,0.100261,0.108439,0.033628,0.086089,0.045431,0.061386,0.035143,,1941300,,
0,0,,0.500304,0.018622,0.040042,0.06849,0.088076,0.048113,0.081569,0.043001,0.058682,0.053101,,2096400,,
0,0,,0.508442,0.021085,0.02533,0.017675,0.109002,0.0461,0.165683,0.03931,0.040882,0.026491,,1953700,,
0,0,,0.393574,0.056436,0.042635,0.011126,0.180117,0.021931,0.154489,0.048914,0.071193,0.019586,,1933200,,
0,0,,0.414672,0.047399,0.038212,0.086553,0.144059,0.046026,0.096753,0.047507,0.044224,0.034594,,1961100,,
0,0,,0.489128,0.053564,0.039751,0.007881,0.140503,0.014059,0.146079,0.047991,0.049737,0.011307,,1940900,,
0,0,,0.451922,0.018165,0.038409,0.085787,0.088072,0.04686,0.100284,0.042545,0.058815,0.069141,,1962500,,
0,0,,0.529832,0.049876,0.046325,0.023099,0.089759,0.030074,0.117518,0.043038,0.041606,0.028873,,2151100,,
0,0,,0.552956,0.024305,0.03429,0.041601,0.093108,0.025868,0.086417,0.0428,0.043582,0.055073,,1931100,,
0,0,,0.422282,0.021705,0.026438,0.018218,0.165897,0.027349,0.165925,0.059697,0.061046,0.031442,,2095200,,
0,0,,0.540736,0.040237,0.037754,0.038737,0.090118,0.026501,0.088797,0.037226,0.059135,0.040759,,1988700,,
0,0,,0.491922,0.039594,0.041901,0.02801,0.129501,0.02686,0.111712,0.042545,0.058815,0.029141,,1920300,,
0,0,,0.33882,0.083784,0.025131,0.010992,0.209194,0.020987,0.10406,0.083008,0.101099,0.022924,,2036300,,
0,0,,0.542584,0.043706,0.039255,0.026254,0.093499,0.024825,0.093566,0.04341,0.058413,0.034488,,1909400,,
0,0,,0.428216,0.01959,0.015933,0.042985,0.094711,0.147427,0.102662,0.058367,0.036557,0.053553,,1947300,,
0,0,,0.545057,0.022141,0.036712,0.023006,0.099703,0.026668,0.081393,0.041056,0.067736,0.056528,,1958200,,
0,0,,0.487203,0.029527,0.043285,0.023407,0.127865,0.026125,0.121151,0.060143,0.047361,0.033934,,1954200,,
0,0,,0.469345,0.101116,0.019131,0.0505,0.088472,0.036812,0.086089,0.041128,0.044822,0.062584,,1991000,,
0,0,,0.530515,0.044092,0.041031,0.028956,0.093581,0.026224,0.093351,0.040939,0.063495,0.037817,,2026800,,
0,0,,0.53023,0.018236,0.050478,0.035787,0.087995,0.046714,0.081784,0.040403,0.058601,0.049772,,1930100,,
0,0,,0.367515,0.061412,0.040276,0.009544,0.147578,0.012244,0.213773,0.082705,0.053322,0.011631,,1982900,,
0,0,,0.53023,0.019664,0.05397,0.01801,0.109423,0.026714,0.093212,0.040403,0.058601,0.049772,,1915900,,
0,0,,0.600072,0.016751,0.013506,0.017606,0.088072,0.026052,0.120149,0.038795,0.04005,0.038947,,2012800,,
0,0,,0.397532,0.07339,0.031554,0.023794,0.133156,0.034147,0.158385,0.03676,0.074505,0.036777,,1930800,,
0,0,,0.409657,0.049465,0.044834,0.035718,0.136826,0.03097,0.122301,0.045936,0.063911,0.060383,,1944400,,
0,0,,0.521069,0.045862,0.058218,0.039068,0.09346,0.026427,0.093566,0.037156,0.045047,0.040127,,1975800,,
0,0,,0.453381,0.043752,0.039007,0.082786,0.088341,0.054726,0.120149,0.042994,0.039323,0.035542,,1929200,,
0,0,,0.413852,0.049581,0.037917,0.045809,0.15015,0.062906,0.116866,0.048774,0.042921,0.031222,,2077800,,
0,0,,0.527979,0.046622,0.037175,0.043337,0.088364,0.026591,0.086089,0.042485,0.045043,0.056314,,1932100,,
0,0,,0.490533,0.048796,0.058218,0.023098,0.109116,0.027462,0.124229,0.041639,0.040862,0.036047,,1947500,,
0,0,,0.462992,0.045862,0.038218,0.023068,0.114999,0.026427,0.093566,0.037156,0.061585,0.096127,,1964500,,
0,0,,0.451506,0.046733,0.044814,0.022943,0.121702,0.049627,0.131982,0.035463,0.039545,0.055686,,1933800,,
0,0,,0.485126,0.043276,0.024506,0.02259,0.094696,0.025304,0.204038,0.036547,0.035631,0.028286,,2062700,,
0,0,,0.325611,0.05127,0.075427,0.022755,0.143274,0.050168,0.095182,0.07133,0.091665,0.073319,,1944900,,
0,0,,0.383627,0.02687,0.037512,0.038256,0.181369,0.063186,0.112384,0.044882,0.042166,0.069747,,2163000,,
0,0,,0.422792,0.090826,0.057635,0.009882,0.121399,0.013582,0.16632,0.051955,0.049333,0.016276,,1931900,,
0,0,,0.406177,0.042756,0.036264,0.061498,0.146766,0.061872,0.119424,0.047954,0.044071,0.033216,,2028400,,
0,0,,0.355811,0.031632,0.025378,0.005976,0.221652,0.044633,0.133641,0.107051,0.04521,0.029016,,1954900,,
0,0,,0.566555,0.015992,0.03301,0.017336,0.113169,0.025887,0.107625,0.057861,0.033804,0.028761,,1951800,,
0,0,,0.512391,0.03861,0.073969,0.021269,0.088305,0.026087,0.100149,0.0428,0.061346,0.035073,,1951000,,
0,0,,0.404224,0.027547,0.039471,0.021223,0.187039,0.04691,0.123847,0.072059,0.04312,0.034561,,1993500,,
0,0,,0.467087,0.037462,0.035674,0.058496,0.113316,0.054416,0.128214,0.039185,0.036583,0.029567,,1951000,,
0,0,,0.512283,0.039966,0.037149,0.01932,0.110215,0.06898,0.105221,0.038866,0.039129,0.028871,,2073300,,
0,0,,0.54734,0.024003,0.016592,0.020747,0.126681,0.028014,0.084677,0.05943,0.055518,0.037,,1955800,,
0,0,,0.528254,0.025352,0.019936,0.018007,0.092377,0.025366,0.141479,0.05931,0.043353,0.046567,,2004700,,
0,0,,0.552956,0.024305,0.05429,0.021601,0.093108,0.025868,0.086417,0.0428,0.043582,0.055073,,1962700,,
0,0,,0.532015,0.04402,0.042082,0.017846,0.089661,0.031172,0.131578,0.042813,0.039544,0.029271,,1917100,,
0,0,,0.465208,0.024466,0.038212,0.035856,0.088403,0.02499,0.086089,0.043024,0.068409,0.125341,,2009200,,
0,0,,0.507518,0.025166,0.02603,0.029475,0.133963,0.024167,0.104171,0.054392,0.039317,0.055801,,1947700,,
0,0,,0.398593,0.045652,0.020905,0.021303,0.156661,0.032572,0.135316,0.042573,0.050211,0.096214,,1983700,,
0,0,,0.45023,0.031569,0.036044,0.06801,0.127995,0.033381,0.081784,0.042615,0.058601,0.069772,,1958100,,
0,0,,0.341526,0.059502,0.032438,0.007424,0.224655,0.015542,0.173976,0.055273,0.056956,0.032708,,1996700,,
0,0,,0.48256,0.045675,0.05621,0.021043,0.094386,0.028039,0.157766,0.040719,0.041132,0.03247,,1942000,,
0,0,,0.478812,0.040237,0.037754,0.038737,0.088579,0.026501,0.108797,0.037226,0.042597,0.100759,,2036900,,
0,0,,0.512391,0.03861,0.033969,0.041269,0.088305,0.046087,0.100149,0.0428,0.061346,0.035073,,1942100,,
0,0,,0.526069,0.027291,0.063932,0.023068,0.094889,0.026427,0.104994,0.037156,0.040047,0.056127,,1972500,,
0,0,,0.350368,0.057524,0.028129,0.007861,0.232371,0.016491,0.150309,0.093984,0.052735,0.010226,,1949000,,
0,0,,0.445521,0.051972,0.048633,0.022203,0.094925,0.030991,0.159128,0.035786,0.057614,0.053228,,1959600,,
0,0,,0.394361,0.022704,0.040574,0.024733,0.107399,0.039365,0.178521,0.084584,0.052076,0.055684,,2031200,,
0,0,,0.449832,0.029876,0.046325,0.063099,0.109759,0.030074,0.097518,0.043038,0.061606,0.068873,,1947000,,
0,0,,0.552015,0.025769,0.019596,0.022919,0.125108,0.049204,0.086116,0.036397,0.042742,0.040135,,1980600,,
0,0,,0.472518,0.048415,0.046721,0.035691,0.080025,0.055429,0.105883,0.04148,0.05857,0.055269,,1955600,,
0,0,,0.492222,0.037116,0.034047,0.055677,0.10873,0.061495,0.101943,0.040403,0.038717,0.02965,,1953200,,
0,0,,0.437321,0.043646,0.044901,0.020279,0.114839,0.032405,0.178839,0.040727,0.034629,0.052414,,2029600,,
0,0,,0.507548,0.01861,0.037441,0.059194,0.090294,0.028952,0.102089,0.049833,0.050528,0.055513,,1942400,,
0,0,,0.421557,0.054262,0.043359,0.010355,0.108773,0.016078,0.191815,0.078768,0.059258,0.015776,,1999200,,
0,0,,0.490208,0.044466,0.038212,0.026523,0.088403,0.02499,0.086089,0.043024,0.063409,0.094675,,2015200,,
0,0,,0.387738,0.023598,0.022238,0.021423,0.179595,0.032163,0.146066,0.069734,0.044088,0.073357,,1943600,,
0,0,,0.417783,0.091962,0.043421,0.026652,0.088937,0.04044,0.132606,0.039378,0.077606,0.041214,,1916400,,
0,0,,0.310885,0.048721,0.031887,0.07108,0.170248,0.075159,0.168665,0.050665,0.045976,0.026715,,2013300,,
0,0,,0.445762,0.038786,0.037295,0.068552,0.107634,0.048109,0.100525,0.042932,0.058979,0.051425,,1939600,,
0,0,,0.305918,0.033734,0.029456,0.010211,0.19263,0.088029,0.132176,0.104574,0.066841,0.036432,,1944800,,
0,0,,0.388972,0.048431,0.052741,0.009321,0.166406,0.029055,0.158404,0.05235,0.076934,0.017387,,1909500,,
0,0,,0.369101,0.048821,0.019957,0.041662,0.182486,0.049032,0.111876,0.047735,0.0462,0.08313,,2125800,,
0,0,,0.449077,0.048075,0.042894,0.08692,0.081101,0.054732,0.073789,0.049086,0.058883,0.055442,,1916500,,
0,4,,0.301424,0.028757,0.025627,0.006309,0.301677,0.037391,0.133494,0.109597,0.043488,0.012236,,1937300,,
0,0,,0.351421,0.02768,0.047733,0.031361,0.148904,0.026666,0.176648,0.071808,0.045743,0.072035,,1992900,,
0,0,,0.402129,0.063119,0.06133,0.038622,0.128564,0.047643,0.147016,0.041236,0.041297,0.029045,,1935400,,
0,0,,0.490872,0.067036,0.033836,0.007814,0.128276,0.014062,0.13715,0.060605,0.049772,0.010576,,2149700,,
0,0,,0.469732,0.037415,0.036044,0.018683,0.123519,0.061552,0.15435,0.035204,0.036879,0.026622,,1968500,,
0,0,,0.422211,0.02641,0.019008,0.017559,0.206556,0.027095,0.105492,0.046845,0.059974,0.068851,,1925200,,
0,0,,0.568465,0.01818,0.01922,0.017606,0.129501,0.026052,0.111578,0.041652,0.0388,0.028947,,2010700,,
0,0,,0.487349,0.039792,0.055417,0.022248,0.111133,0.048182,0.088139,0.0395,0.074749,0.033491,,1936400,,
0,0,,0.246706,0.059325,0.058343,0.035454,0.1542,0.158475,0.129571,0.067645,0.068863,0.021418,,2019600,,
0,0,,0.471922,0.019594,0.074113,0.01801,0.129501,0.02686,0.111712,0.060333,0.058815,0.029141,,1930100,,
0,0,,0.344774,0.045178,0.067876,0.021638,0.145557,0.01503,0.186489,0.080239,0.057656,0.035563,,1932900,,
1,1,,0.041022,0.377874,0.096732,0.028647,0.095348,0.034098,0.079593,0.074424,0.154151,0.018112,,1958700,,
1,1,,0.029991,0.26852,0.086059,0.199785,0.064818,0.078047,0.015729,0.103873,0.053251,0.099928,,1921900,,
1,1,,0.026949,0.287591,0.125814,0.038456,0.12482,0.013246,0.104829,0.058913,0.205434,0.013949,,1995000,,
1,1,,0.094911,0.25217,0.08322,0.144711,0.077101,0.081234,0.011106,0.080209,0.040217,0.135121,,1941900,,
1,1,,0.017968,0.271385,0.067906,0.173144,0.050593,0.111215,0.015774,0.063625,0.047128,0.181261,,1980700,,
1,6,,0.048613,0.178064,0.096199,0.013126,0.178921,0.044071,0.259879,0.057572,0.114503,0.009052,,1926800,,
1,1,,0.004033,0.360862,0.072876,0.11223,0.076913,0.07641,0.019028,0.102927,0.068825,0.105895,,1921100,,
1,1,,0.048743,0.301026,0.062426,0.029707,0.14857,0.016497,0.046082,0.125177,0.179798,0.041973,,2106700,,
1,1,,0.004238,0.321112,0.089776,0.103696,0.072537,0.112747,0.076925,0.072233,0.066222,0.080514,,1941600,,
1,1,,0.048027,0.421652,0.057644,0.016151,0.09409,0.045014,0.052974,0.066866,0.18174,0.015841,,1919800,,
1,1,,0.042513,0.307772,0.154852,0.048527,0.064278,0.050883,0.070803,0.044415,0.13495,0.081007,,1907800,,
1,1,,0.04459,0.358763,0.086721,0.01597,0.12271,0.03499,0.162106,0.053203,0.111045,0.009902,,1989700,,
1,1,,0.003884,0.276748,0.153805,0.139773,0.06497,0.07983,0.077083,0.067686,0.059987,0.076234,,2038500,,
1,1,,0.017532,0.30075,0.092737,0.167325,0.050363,0.094996,0.017812,0.044082,0.055107,0.159295,,1906400,,
1,1,,0.012879,0.240031,0.151914,0.187392,0.024607,0.110273,0.073646,0.050587,0.033771,0.1149,,1911200,,
1,1,,0.005974,0.358486,0.108552,0.098895,0.057371,0.106703,0.025684,0.06642,0.05533,0.116586,,1961100,,
1,1,,0.027138,0.334016,0.097916,0.03578,0.122814,0.009134,0.089432,0.064793,0.206036,0.012941,,1894400,,
1,1,,0.021696,0.229882,0.12126,0.194963,0.021613,0.125991,0.015965,0.044457,0.066393,0.157781,,1985200,,
1,1,,0.021116,0.298268,0.107514,0.084127,0.103236,0.046678,0.087432,0.107495,0.094125,0.05001,,1895100,,
1,1,,0.024,0.33921,0.168913,0.023549,0.073769,0.056176,0.123614,0.059672,0.115096,0.016001,,2045100,,
1,1,,0.026903,0.392968,0.068995,0.017123,0.151156,0.010811,0.089786,0.053729,0.173422,0.015107,,1932400,,
1,1,,0.017163,0.206911,0.202645,0.069515,0.055878,0.189895,0.067967,0.048754,0.049228,0.092043,,1908100,,
1,1,,0.017663,0.34252,0.087246,0.162857,0.05509,0.085698,0.04185,0.054059,0.047033,0.105983,,2074000,,
1,1,,0.004671,0.303324,0.110139,0.11623,0.065578,0.140743,0.016157,0.077385,0.063367,0.102406,,1894300,,
1,1,,0.044845,0.375752,0.089854,0.019425,0.093617,0.022149,0.106759,0.07778,0.153358,0.016461,,1931800,,
1,1,,0.026819,0.365578,0.0689,0.053829,0.123062,0.015815,0.088931,0.070283,0.164143,0.02264,,2117900,,
1,1,,0.030029,0.306445,0.077158,0.138539,0.083504,0.09566,0.049936,0.058239,0.047441,0.11305,,1922300,,
1,1,,0.049867,0.392527,0.082053,0.01872,0.080405,0.020534,0.052655,0.090252,0.197025,0.015962,,2118500,,
1,1,,0.046993,0.391284,0.107037,0.016124,0.091046,0.016767,0.077411,0.051931,0.186623,0.014784,,1907300,,
1,1,,0.023498,0.351167,0.147394,0.100264,0.048218,0.078515,0.041295,0.062216,0.069815,0.077619,,1927600,,
1,1,,0.046726,0.376048,0.091216,0.019365,0.095988,0.041176,0.098588,0.073461,0.144385,0.013047,,1900400,,
1,9,,0.08457,0.159287,0.060301,0.132859,0.091099,0.098761,0.013089,0.049037,0.040896,0.2701,,1900400,,
1,4,,0.18514,0.192473,0.032349,0.050391,0.205031,0.036549,0.059004,0.076294,0.071592,0.091177,,2064300,,
1,1,,0.004145,0.340891,0.10165,0.093998,0.078355,0.068159,0.080287,0.069617,0.08424,0.078659,,1907500,,
1,1,,0.026198,0.333311,0.135661,0.078506,0.06994,0.074104,0.081753,0.060449,0.081278,0.058799,,1875400,,
1,1,,0.041735,0.273495,0.069879,0.074007,0.166099,0.041204,0.130163,0.03364,0.118356,0.051421,,1925600,,
1,1,,0.024237,0.292338,0.070312,0.215603,0.065172,0.074357,0.015187,0.074933,0.062452,0.105409,,1985900,,
1,1,,0.049462,0.356155,0.121723,0.048497,0.075341,0.030492,0.095332,0.057597,0.129322,0.036078,,1908900,,
1,1,,0.049927,0.34816,0.063731,0.021235,0.102628,0.013561,0.092846,0.113394,0.177802,0.016715,,1998500,,
1,1,,0.04911,0.360101,0.087101,0.026188,0.087643,0.038312,0.085469,0.087895,0.157304,0.020877,,1898600,,
1,6,,0.030752,0.203177,0.085211,0.032373,0.11874,0.061675,0.307104,0.034839,0.098815,0.027314,,1937700,,
1,1,,0.002337,0.289808,0.161614,0.143769,0.03484,0.13623,0.016343,0.079247,0.053167,0.082646,,1945500,,
1,1,,0.024825,0.335782,0.176015,0.100262,0.044939,0.089186,0.036586,0.071727,0.049502,0.071174,,1890100,,
1,1,,0.017416,0.304832,0.06561,0.10351,0.150846,0.094561,0.047873,0.063753,0.060301,0.091299,,2032900,,
1,1,,0.049866,0.371776,0.090991,0.022708,0.085629,0.011404,0.117925,0.062109,0.171661,0.015931,,1920200,,
1,9,,0.084589,0.157967,0.059694,0.126086,0.092067,0.104919,0.013089,0.045202,0.021401,0.294987,,1890400,,
1,3,,0.009333,0.179321,0.118427,0.184776,0.08648,0.069855,0.015281,0.159019,0.051463,0.126045,,1885300,,
1,1,,0.045915,0.416017,0.049565,0.020573,0.091472,0.027501,0.035963,0.106782,0.182117,0.024096,,1887100,,
1,1,,0.042803,0.348494,0.078271,0.016795,0.09077,0.086087,0.088905,0.075263,0.160295,0.012318,,1988500,,
1,1,,0.010945,0.298287,0.092616,0.113162,0.077406,0.068735,0.054155,0.073973,0.08439,0.126332,,1886400,,
1,1,,0.024453,0.203435,0.203416,0.130862,0.045278,0.123727,0.062242,0.054541,0.04226,0.109786,,1916200,,
1,1,,0.023921,0.396533,0.106399,0.072922,0.072624,0.083765,0.026235,0.081437,0.079029,0.057134,,1886200,,
1,1,,0.041453,0.330153,0.085242,0.012081,0.184748,0.032478,0.137896,0.039004,0.131121,0.005823,,1935000,,
1,1,,0.027103,0.280629,0.06664,0.107613,0.15219,0.067295,0.073144,0.078876,0.086044,0.060465,,1991900,,
1,1,,0.041689,0.368796,0.079091,0.027179,0.116491,0.056395,0.135931,0.054042,0.106786,0.013601,,1898900,,
1,1,,0.068973,0.262595,0.059361,0.089067,0.119664,0.070334,0.046782,0.09647,0.082312,0.104441,,1899700,,
1,1,,0.116378,0.223804,0.057097,0.111238,0.081713,0.102097,0.016848,0.059429,0.03373,0.197667,,1905800,,
1,1,,0.004719,0.36128,0.104131,0.102355,0.065958,0.086018,0.08139,0.048797,0.064728,0.080624,,1905700,,
1,1,,0.0272,0.337575,0.114086,0.10428,0.072055,0.064455,0.041389,0.08862,0.078323,0.072016,,2048000,,
1,1,,0.043395,0.328704,0.065059,0.163651,0.065495,0.078084,0.015729,0.067785,0.052702,0.119395,,1907200,,
1,1,,0.003353,0.324062,0.108428,0.120601,0.063468,0.100137,0.025956,0.13259,0.047583,0.073821,,1926200,,
1,1,,0.019679,0.38139,0.092047,0.040262,0.110312,0.077642,0.084084,0.077428,0.086768,0.030388,,2012200,,
1,1,,0.09258,0.21553,0.069062,0.057706,0.158128,0.009308,0.109919,0.175022,0.097333,0.015411,,1911000,,
1,1,,0.044486,0.398193,0.088075,0.016134,0.08669,0.021157,0.088991,0.065657,0.175449,0.015169,,1918400,,
1,6,,0.036951,0.219319,0.073557,0.04793,0.075701,0.086247,0.284798,0.034043,0.094597,0.046858,,1995300,,
1,1,,0.049507,0.38984,0.067633,0.024019,0.081701,0.034424,0.091431,0.076922,0.167165,0.017358,,1919900,,
1,9,,0.039861,0.171348,0.099485,0.177716,0.042816,0.108738,0.011727,0.067217,0.070618,0.210474,,1929200,,
1,1,,0.06217,0.273794,0.049424,0.055503,0.13743,0.039881,0.074968,0.089592,0.153879,0.063358,,1931900,,
1,1,,0.040466,0.425778,0.074719,0.015633,0.09692,0.054835,0.081822,0.072053,0.126279,0.011494,,1923300,,
1,1,,0.019735,0.33424,0.074158,0.055551,0.102909,0.09661,0.09224,0.101215,0.083287,0.040056,,2012600,,
1,1,,0.004057,0.313483,0.089965,0.085917,0.054067,0.109378,0.064928,0.087849,0.084179,0.106178,,1906800,,
1,1,,0.046045,0.240676,0.050817,0.186337,0.120777,0.088809,0.016603,0.0649,0.054321,0.130715,,1917400,,
1,1,,0.026901,0.345503,0.064944,0.01885,0.185549,0.009063,0.112993,0.062559,0.161077,0.01256,,1946900,,
1,1,,0.049304,0.382377,0.075833,0.02345,0.079842,0.030632,0.094577,0.074519,0.172169,0.017297,,2026100,,
1,1,,0.016714,0.289723,0.097019,0.148017,0.086994,0.07671,0.041597,0.089071,0.060991,0.093163,,1908100,,
1,1,,0.003681,0.35706,0.126514,0.089611,0.061229,0.11137,0.012619,0.068185,0.064753,0.104978,,1918300,,
1,1,,0.032709,0.213491,0.195867,0.103417,0.051041,0.129126,0.079388,0.040561,0.041751,0.11265,,1909400,,
1,1,,0.01276,0.240661,0.191333,0.137898,0.04043,0.117904,0.058085,0.047934,0.038476,0.11452,,1981700,,
1,1,,0.049459,0.389533,0.057243,0.017956,0.119166,0.015611,0.080077,0.064877,0.190575,0.015503,,2004700,,
1,1,,0.10747,0.257568,0.070442,0.01286,0.111081,0.085632,0.209088,0.040473,0.099234,0.006153,,1914300,,
1,1,,0.021252,0.332329,0.073825,0.014407,0.203426,0.047967,0.135103,0.051922,0.112094,0.007673,,1916700,,
1,1,,0.012,0.282646,0.11784,0.155242,0.044677,0.095323,0.017203,0.051825,0.059421,0.163823,,1924100,,
1,1,,0.017533,0.265378,0.067085,0.130484,0.064545,0.143659,0.038832,0.080749,0.065764,0.125972,,1948800,,
1,1,,0.013277,0.249783,0.15555,0.139321,0.029319,0.121663,0.10895,0.050727,0.036825,0.094585,,3963700,,
1,1,,0.046365,0.403864,0.083378,0.013158,0.088697,0.03155,0.140637,0.050662,0.135749,0.005938,,2419000,,
1,1,,0.042125,0.374407,0.091043,0.021102,0.096947,0.021642,0.121401,0.053792,0.164426,0.013115,,2242000,,
1,1,,0.044432,0.301982,0.100498,0.018508,0.082764,0.049543,0.188414,0.045941,0.15726,0.010659,,2307400,,
1,1,,0.042935,0.338456,0.081113,0.058796,0.08386,0.061777,0.091648,0.08681,0.111974,0.042632,,2243800,,
1,1,,0.010644,0.302394,0.149986,0.118956,0.049497,0.082874,0.041414,0.089936,0.075112,0.079188,,2243400,,
1,1,,0.00458,0.353657,0.089959,0.097482,0.078674,0.087577,0.057844,0.081476,0.064919,0.083833,,2253900,,
1,1,,0.029382,0.302824,0.066419,0.15804,0.101778,0.097167,0.058883,0.052388,0.039805,0.093315,,2230100,,
1,1,,0.048701,0.388407,0.0753,0.014345,0.101274,0.060284,0.089891,0.076023,0.135447,0.010327,,2110300,,
1,1,,0.049972,0.370172,0.062037,0.027314,0.087978,0.026618,0.089233,0.084682,0.174047,0.027948,,1900000,,
1,2,,0.007623,0.172203,0.200041,0.086749,0.058757,0.162924,0.126372,0.048348,0.047632,0.08935,,1901700,,
1,1,,0.029841,0.345245,0.070804,0.132592,0.065876,0.098729,0.043838,0.065795,0.054087,0.093193,,1949700,,
1,1,,0.046823,0.379098,0.069072,0.017393,0.095316,0.027884,0.085747,0.061273,0.204586,0.012807,,1930400,,
1,1,,0.00355,0.348052,0.164851,0.105559,0.050571,0.102113,0.032198,0.050076,0.055684,0.087346,,2022100,,
1,1,,0.017256,0.293497,0.10324,0.181362,0.047156,0.107674,0.012006,0.044492,0.051468,0.141849,,1903000,,
1,1,,0.059001,0.24615,0.067404,0.136557,0.031641,0.123637,0.034618,0.045594,0.030293,0.225106,,1975700,,
1,1,,0.003222,0.285658,0.157505,0.131781,0.052516,0.10057,0.01148,0.068124,0.084886,0.10426,,1915200,,
1,1,,0.030757,0.286604,0.06563,0.114053,0.093713,0.084841,0.016082,0.105749,0.053191,0.149379,,1905300,,
1,1,,0.032352,0.256494,0.133704,0.182052,0.0217,0.099653,0.013553,0.044209,0.062753,0.15353,,2017500,,
1,1,,0.032394,0.238569,0.131098,0.229639,0.021276,0.101271,0.015712,0.048396,0.030962,0.150683,,1946200,,
1,2,,0.003901,0.239213,0.260474,0.142753,0.033358,0.088309,0.032628,0.06223,0.056968,0.080166,,1902600,,
1,1,,0.021304,0.329471,0.08513,0.012026,0.162455,0.030811,0.175764,0.039017,0.138063,0.00596,,1914000,,
1,1,,0.038161,0.332791,0.063192,0.120793,0.085018,0.098167,0.017513,0.065317,0.060571,0.118478,,2027400,,
1,1,,0.072337,0.241474,0.066873,0.116763,0.063871,0.099019,0.010789,0.090115,0.08583,0.15293,,1975800,,
1,1,,0.026103,0.32029,0.059711,0.080884,0.152021,0.031312,0.089689,0.082129,0.121308,0.036553,,1997500,,
1,1,,0.030754,0.321887,0.176518,0.094446,0.083563,0.070775,0.035857,0.064577,0.048423,0.073199,,1928600,,
1,1,,0.003105,0.321011,0.07922,0.107171,0.105679,0.108707,0.066566,0.079547,0.049271,0.079722,,1934000,,
1,6,,0.086678,0.178263,0.073563,0.010787,0.151949,0.102689,0.184317,0.097689,0.10335,0.010715,,1911300,,
1,1,,0.016974,0.29928,0.090122,0.184222,0.044441,0.086969,0.012091,0.057,0.072233,0.136668,,1996900,,
1,1,,0.045202,0.340222,0.104813,0.014931,0.086212,0.044155,0.15733,0.063407,0.132119,0.011607,,1930400,,
1,1,,0.046716,0.32959,0.056647,0.033719,0.107689,0.030121,0.041039,0.163242,0.164835,0.026401,,1922600,,
1,1,,0.049472,0.374918,0.070667,0.021046,0.116641,0.013934,0.101541,0.069073,0.166545,0.016164,,1903900,,
2,2,,0.024533,0.11109,0.350285,0.118523,0.028506,0.094485,0.035213,0.05641,0.080364,0.100593,,2061500,,
2,2,,0.024503,0.104325,0.379921,0.081514,0.046146,0.068169,0.027814,0.143806,0.060391,0.063411,,2099100,,
2,2,,0.083508,0.110122,0.270959,0.059774,0.055183,0.028846,0.207519,0.039717,0.130632,0.013741,,1944700,,
2,2,,0.024533,0.109037,0.340043,0.123936,0.028703,0.066264,0.023551,0.083451,0.092053,0.108428,,1929600,,
2,2,,0.140804,0.139401,0.231711,0.070362,0.056688,0.045078,0.158447,0.034639,0.08963,0.033239,,1919400,,
2,2,,0.073689,0.185386,0.22367,0.019234,0.063009,0.060455,0.213129,0.033416,0.118185,0.009827,,1906200,,
2,2,,0.04427,0.106,0.335843,0.129077,0.028653,0.130906,0.027151,0.064732,0.053061,0.080307,,2007900,,
2,2,,0.024679,0.121357,0.30156,0.120773,0.033763,0.103509,0.03264,0.056717,0.084624,0.120378,,1939200,,
2,2,,0.003887,0.130253,0.351929,0.108482,0.027577,0.106725,0.055213,0.063642,0.058225,0.094068,,2048800,,
2,2,,0.003547,0.103644,0.331855,0.129456,0.02951,0.081699,0.042273,0.125925,0.072677,0.079414,,1929400,,
2,2,,0.050655,0.169233,0.292995,0.047445,0.048882,0.051429,0.14266,0.068371,0.096541,0.031789,,1933300,,
2,2,,0.046131,0.139072,0.348668,0.051228,0.03672,0.052218,0.075473,0.117617,0.085916,0.046956,,2054500,,
2,6,,0.126784,0.094129,0.193764,0.055115,0.06956,0.093435,0.22618,0.02754,0.094955,0.018539,,1933400,,
2,2,,0.069282,0.16952,0.3426,0.017827,0.052328,0.025631,0.144671,0.045493,0.121732,0.010917,,1909600,,
2,6,,0.134441,0.084569,0.195781,0.054945,0.072895,0.095189,0.235568,0.023443,0.085716,0.017452,,1942000,,
2,2,,0.071519,0.096754,0.36897,0.04169,0.042317,0.047954,0.101051,0.077294,0.119885,0.032566,,1944100,,
2,2,,0.03212,0.120535,0.396579,0.126726,0.026342,0.07477,0.03074,0.065549,0.051495,0.075144,,2059900,,
2,2,,0.133815,0.10373,0.259303,0.050134,0.064579,0.04809,0.222875,0.019074,0.068334,0.030068,,1907300,,
2,2,,0.038097,0.114442,0.399142,0.042222,0.050523,0.034762,0.140967,0.044695,0.122552,0.012598,,1951000,,
2,2,,0.059535,0.124804,0.26745,0.16651,0.025264,0.085903,0.020438,0.051414,0.07148,0.127201,,1933900,,
2,2,,0.112108,0.082885,0.201847,0.18155,0.032116,0.09847,0.014737,0.058432,0.044407,0.173447,,1927500,,
2,2,,0.011442,0.111824,0.319866,0.173254,0.020172,0.090299,0.034886,0.067747,0.050451,0.120059,,1900500,,
2,2,,0.044898,0.071715,0.400292,0.058535,0.050369,0.031009,0.117371,0.102164,0.106417,0.017229,,2025100,,
2,2,,0.04462,0.098685,0.391672,0.045978,0.063451,0.051163,0.09369,0.062021,0.135237,0.013483,,1903800,,
2,0,,0.193398,0.06268,0.162482,0.081387,0.11087,0.033552,0.157125,0.079568,0.080811,0.038127,,1941100,,
2,2,,0.024914,0.135289,0.320945,0.076778,0.069338,0.067329,0.122276,0.053248,0.089838,0.040045,,1934100,,
2,2,,0.026403,0.168403,0.337769,0.100639,0.042243,0.077582,0.04795,0.065098,0.071824,0.062088,,1951100,,
2,2,,0.06305,0.094207,0.403869,0.036677,0.037823,0.037281,0.09753,0.048805,0.13509,0.045667,,2087500,,
2,2,,0.021719,0.116795,0.359121,0.082188,0.050849,0.081456,0.08269,0.076215,0.085995,0.042973,,1912300,,
2,2,,0.05822,0.12884,0.362575,0.022268,0.051029,0.037786,0.120553,0.047801,0.129669,0.041258,,2036300,,
2,2,,0.07072,0.096745,0.266579,0.118638,0.029179,0.109008,0.019493,0.066764,0.040184,0.182691,,1938200,,
2,2,,0.022414,0.105126,0.393256,0.161387,0.025202,0.073674,0.024722,0.065559,0.053543,0.075117,,1941600,,
2,2,,0.024533,0.11109,0.370285,0.118523,0.028506,0.094485,0.035213,0.05641,0.080364,0.080593,,2092100,,
2,2,,0.081826,0.124546,0.293737,0.0876,0.038969,0.0221,0.067502,0.055417,0.1838,0.044505,,2277200,,
2,2,,0.02254,0.104785,0.26062,0.121401,0.02855,0.103993,0.022463,0.129673,0.087451,0.118523,,1901300,,
2,7,,0.025347,0.088973,0.185747,0.178031,0.052651,0.100018,0.026849,0.205932,0.075418,0.061035,,1939100,,
2,2,,0.023806,0.110286,0.338342,0.141397,0.029835,0.075162,0.037108,0.078641,0.071514,0.09391,,1923600,,
2,6,,0.1147,0.093569,0.190804,0.030994,0.090073,0.056488,0.282042,0.019763,0.090879,0.030688,,1911100,,
2,2,,0.025465,0.09783,0.359814,0.078161,0.0479,0.07362,0.031865,0.099897,0.082069,0.103379,,2102300,,
2,2,,0.04791,0.097984,0.286824,0.187382,0.023944,0.098973,0.020181,0.04658,0.062558,0.127664,,1888000,,
2,2,,0.030935,0.117586,0.384322,0.068542,0.030274,0.076131,0.061321,0.100385,0.062962,0.067542,,2117800,,
2,2,,0.019399,0.140084,0.28499,0.141083,0.028851,0.099055,0.054614,0.046463,0.06434,0.12112,,2218700,,
2,2,,0.053134,0.138063,0.226248,0.169131,0.040501,0.091492,0.011629,0.053443,0.064531,0.151827,,1884500,,
2,2,,0.025745,0.102904,0.384256,0.087571,0.040734,0.074016,0.043359,0.067642,0.088045,0.085727,,2068000,,
2,2,,0.004002,0.108364,0.388903,0.097057,0.027554,0.094025,0.052124,0.074199,0.073433,0.080338,,1913400,,
2,2,,0.080666,0.134507,0.228266,0.103516,0.038785,0.077792,0.075147,0.055786,0.053961,0.151573,,1904500,,
2,2,,0.022777,0.104183,0.355941,0.153885,0.026429,0.073502,0.030663,0.08537,0.053858,0.093393,,1913500,,
2,2,,0.042826,0.09731,0.380308,0.061617,0.050579,0.052069,0.065456,0.062454,0.119779,0.067601,,1909700,,
2,2,,0.039143,0.127209,0.351252,0.048997,0.050435,0.051417,0.141312,0.057971,0.106385,0.025879,,1915700,,
2,2,,0.022237,0.097665,0.436963,0.066543,0.053459,0.048371,0.096494,0.044882,0.091031,0.042355,,2673800,,
2,2,,0.102198,0.143956,0.271906,0.071873,0.04051,0.041421,0.116209,0.040337,0.138243,0.033348,,4036800,,
2,2,,0.031183,0.105616,0.373777,0.086287,0.073383,0.035234,0.141419,0.03537,0.101717,0.016014,,2264300,,
2,2,,0.023282,0.08552,0.402811,0.146046,0.0276,0.076387,0.032259,0.053548,0.073588,0.078959,,2266900,,
2,2,,0.059809,0.07524,0.293862,0.156223,0.023177,0.08102,0.017043,0.05135,0.092318,0.149959,,2221100,,
2,2,,0.043174,0.146893,0.247867,0.01541,0.079595,0.036278,0.115359,0.150876,0.114571,0.049978,,2361300,,
2,2,,0.052247,0.132641,0.271064,0.153546,0.028591,0.071502,0.027703,0.054365,0.083978,0.124365,,2301200,,
2,6,,0.14218,0.098834,0.211371,0.05824,0.0729,0.066769,0.229058,0.021072,0.063923,0.035653,,2226700,,
2,2,,0.053394,0.141377,0.247445,0.138058,0.029733,0.091039,0.023709,0.047967,0.073816,0.153463,,2234600,,
2,2,,0.063369,0.101909,0.345972,0.037093,0.058652,0.013206,0.090787,0.099489,0.150598,0.038925,,2245500,,
2,2,,0.024533,0.088138,0.400575,0.131037,0.027869,0.082485,0.035085,0.052673,0.078601,0.079005,,2212300,,
2,2,,0.026306,0.127193,0.41669,0.068526,0.042441,0.068071,0.045022,0.069259,0.070431,0.06606,,2363700,,
2,2,,0.023405,0.181056,0.311311,0.103504,0.032367,0.086827,0.031582,0.06317,0.072136,0.094642,,2257800,,
2,2,,0.048586,0.138931,0.320752,0.03852,0.055286,0.068555,0.136091,0.040987,0.093652,0.05864,,2234000,,
2,2,,0.03114,0.0963,0.318225,0.159881,0.026273,0.117453,0.045105,0.056366,0.070825,0.078432,,2216500,,
2,2,,0.073917,0.096095,0.246267,0.07386,0.062127,0.095993,0.209227,0.030765,0.093817,0.017931,,2292800,,
2,2,,0.031665,0.10009,0.380914,0.123307,0.026858,0.072425,0.026362,0.095323,0.067488,0.075568,,1923800,,
2,2,,0.060204,0.171588,0.187808,0.180454,0.024583,0.105036,0.010579,0.051993,0.065806,0.141949,,1897600,,
2,2,,0.021962,0.085974,0.386727,0.098374,0.058839,0.087389,0.085845,0.056329,0.05521,0.063351,,1927900,,
2,2,,0.037774,0.167409,0.232294,0.047691,0.047173,0.09486,0.163591,0.048709,0.110552,0.049946,,1948200,,
2,2,,0.061746,0.11123,0.369647,0.081543,0.039594,0.015646,0.079712,0.057799,0.171878,0.011205,,1995500,,
2,2,,0.042278,0.117294,0.3105,0.076743,0.0544,0.05266,0.070008,0.085463,0.13121,0.059443,,1891000,,
2,2,,0.073077,0.08237,0.333526,0.049468,0.045748,0.034215,0.079214,0.103271,0.141784,0.057327,,1913000,,
2,2,,0.06558,0.1327,0.316907,0.040726,0.044602,0.029347,0.105728,0.133403,0.117035,0.013972,,1929800,,
2,2,,0.108135,0.178659,0.235326,0.082224,0.037198,0.03494,0.126492,0.043305,0.123905,0.029817,,1917500,,
2,2,,0.093077,0.115712,0.347279,0.059495,0.056404,0.027511,0.139989,0.042475,0.104158,0.013899,,2144800,,
2,2,,0.062715,0.081864,0.413064,0.023188,0.048373,0.023694,0.100578,0.084558,0.131324,0.030642,,1973500,,
2,2,,0.064569,0.141979,0.332264,0.032312,0.039561,0.018062,0.087806,0.103467,0.158294,0.021686,,1906700,,
2,2,,0.081799,0.148776,0.254356,0.137471,0.027951,0.108228,0.017373,0.059345,0.036668,0.128033,,1951900,,
2,2,,0.006786,0.112068,0.392431,0.102737,0.040871,0.08221,0.066437,0.060092,0.069891,0.066476,,1897900,,
2,2,,0.004002,0.132101,0.369743,0.119363,0.027721,0.085634,0.052124,0.052632,0.07595,0.080729,,2036500,,
2,2,,0.023924,0.122097,0.32156,0.111317,0.028763,0.074197,0.027498,0.094157,0.082165,0.114322,,1896100,,
2,2,,0.051326,0.08449,0.344267,0.151429,0.030194,0.06453,0.032705,0.088098,0.057386,0.095574,,1902400,,
2,2,,0.11837,0.112749,0.324394,0.063385,0.05899,0.047498,0.118802,0.043944,0.098525,0.013342,,2209000,,
2,2,,0.043655,0.150412,0.314316,0.04773,0.07076,0.02703,0.094714,0.094673,0.145904,0.010806,,3885700,,
2,2,,0.043338,0.075839,0.454313,0.03994,0.060111,0.025843,0.103952,0.054291,0.128591,0.013782,,4061800,,
2,2,,0.070504,0.077411,0.385139,0.088416,0.04102,0.040166,0.074488,0.066079,0.122967,0.03381,,2554700,,
2,9,,0.076797,0.078412,0.13112,0.132985,0.035673,0.129683,0.013692,0.052054,0.049527,0.300057,,1972000,,
2,2,,0.056765,0.138073,0.254476,0.035316,0.055827,0.027049,0.169005,0.115714,0.117578,0.030198,,1938200,,
2,2,,0.022949,0.105895,0.347195,0.159503,0.026906,0.072758,0.024857,0.112997,0.051485,0.075456,,1895300,,
2,2,,0.023639,0.093044,0.367059,0.170198,0.026494,0.082473,0.026183,0.052821,0.075635,0.082453,,2010700,,
2,2,,0.185928,0.055814,0.20146,0.030924,0.136144,0.075189,0.200218,0.018927,0.063476,0.031922,,1947000,,
2,2,,0.062255,0.208353,0.261425,0.039581,0.063191,0.019491,0.126199,0.053423,0.151825,0.014257,,1951400,,
2,2,,0.005578,0.153726,0.31521,0.084703,0.048193,0.095176,0.043479,0.123638,0.066756,0.063541,,1919600,,
2,2,,0.023914,0.155477,0.323456,0.124288,0.030606,0.064915,0.028115,0.113455,0.054309,0.081465,,1900400,,
2,2,,0.080756,0.109193,0.31858,0.031213,0.062033,0.032424,0.085869,0.108331,0.134014,0.037588,,1944100,,
2,2,,0.023452,0.108553,0.32531,0.106283,0.029433,0.112044,0.035615,0.082216,0.073904,0.10319,,2003700,,
2,2,,0.052953,0.118514,0.24745,0.094871,0.030194,0.097608,0.047122,0.054291,0.100477,0.15652,,1921700,,
2,2,,0.023901,0.114276,0.357311,0.129312,0.030169,0.073281,0.034056,0.060786,0.07958,0.097328,,1987000,,
2,2,,0.007118,0.11518,0.389321,0.094796,0.03456,0.078941,0.074466,0.049895,0.07642,0.079305,,1940300,,
2,2,,0.040308,0.123935,0.347505,0.106865,0.026749,0.094806,0.059488,0.058783,0.082942,0.058618,,1916600,,
2,2,,0.042283,0.118585,0.230883,0.150258,0.02685,0.088587,0.057803,0.051118,0.071993,0.161641,,1997000,,
2,2,,0.026912,0.126045,0.357383,0.10067,0.041949,0.098685,0.047849,0.060715,0.077156,0.062637,,1913400,,
2,2,,0.073462,0.07314,0.319805,0.03733,0.066799,0.057587,0.218485,0.041872,0.092255,0.019264,,1886600,,
2,2,,0.023949,0.104166,0.314021,0.176535,0.030652,0.067892,0.032515,0.082128,0.063176,0.104967,,1933200,,
2,2,,0.003356,0.100861,0.376864,0.142128,0.026625,0.074264,0.050696,0.080098,0.072628,0.07248,,1911900,,
2,2,,0.025035,0.118538,0.274542,0.086713,0.047731,0.096276,0.018742,0.144465,0.087424,0.100534,,1916900,,
2,2,,0.062691,0.187028,0.312307,0.028233,0.044678,0.075799,0.087559,0.046739,0.126248,0.028718,,2081400,,
2,2,,0.107685,0.111155,0.320482,0.058128,0.062165,0.022257,0.190432,0.031303,0.084259,0.012134,,1953100,,
2,2,,0.013235,0.105347,0.405242,0.120252,0.026506,0.073098,0.052336,0.054166,0.072354,0.077463,,1920600,,
2,9,,0.078065,0.108014,0.139071,0.153031,0.032762,0.102657,0.035356,0.07849,0.053318,0.219236,,1914000,,
2,2,,0.046033,0.150034,0.332313,0.045268,0.067452,0.042846,0.123312,0.060756,0.116131,0.015855,,1903800,,
2,2,,0.043538,0.216451,0.331743,0.046525,0.060817,0.040307,0.089088,0.035877,0.106524,0.02913,,1922800,,
3,8,,0.059833,0.176733,0.101632,0.023992,0.067676,0.052376,0.077335,0.152623,0.24893,0.038871,,2077300,,
3,3,,0.081209,0.056114,0.095144,0.339673,0.025397,0.113764,0.021794,0.0718,0.044693,0.150413,,1882100,,
3,3,,0.041344,0.082231,0.106361,0.420364,0.032607,0.087334,0.035698,0.049573,0.035889,0.1086,,1930900,,
3,3,,0.031216,0.158475,0.135949,0.282129,0.025256,0.079488,0.030397,0.067115,0.076605,0.113369,,1959400,,
3,0,,0.173423,0.074556,0.04339,0.154576,0.067938,0.088462,0.077925,0.075999,0.153598,0.090133,,1893300,,
3,3,,0.032555,0.133883,0.219245,0.239321,0.048312,0.105827,0.012289,0.056999,0.045057,0.106512,,2035800,,
3,3,,0.031551,0.112569,0.161493,0.265627,0.047753,0.131576,0.046723,0.062185,0.042967,0.097556,,1905400,,
3,9,,0.035783,0.109141,0.072162,0.235575,0.027572,0.133459,0.013109,0.071729,0.041651,0.259818,,1926500,,
3,3,,0.05388,0.088055,0.214237,0.28243,0.02626,0.090723,0.014578,0.050565,0.032675,0.146594,,1926200,,
3,2,,0.053048,0.155023,0.21485,0.147617,0.036242,0.112126,0.039751,0.060757,0.05385,0.126738,,1913700,,
3,9,,0.118052,0.056873,0.096408,0.172813,0.043379,0.088121,0.038024,0.062614,0.080592,0.243124,,2170900,,
3,3,,0.021344,0.102231,0.106361,0.340364,0.032607,0.087334,0.075698,0.049573,0.055889,0.1286,,1944700,,
3,3,,0.037045,0.096538,0.177927,0.252624,0.027797,0.091771,0.034182,0.086937,0.035736,0.159443,,1902200,,
3,3,,0.032744,0.121885,0.166033,0.347599,0.017412,0.082261,0.005278,0.057859,0.044668,0.124261,,1930800,,
3,9,,0.057722,0.116981,0.186249,0.179892,0.027765,0.121547,0.018954,0.055269,0.030541,0.205081,,1947800,,
3,3,,0.084895,0.105016,0.122912,0.301364,0.026933,0.086893,0.020368,0.04733,0.043856,0.160433,,1927100,,
3,3,,0.054698,0.062497,0.124885,0.351415,0.02647,0.090716,0.012203,0.055227,0.030793,0.191095,,2361000,,
3,3,,0.05521,0.091507,0.164833,0.262703,0.026983,0.0855,0.034145,0.058479,0.043629,0.177011,,2314300,,
3,3,,0.038537,0.088963,0.086596,0.422075,0.029703,0.084846,0.013568,0.069568,0.051733,0.11441,,2248600,,
3,3,,0.041244,0.134036,0.149147,0.322404,0.022038,0.082102,0.010372,0.056421,0.039062,0.143172,,2127900,,
3,3,,0.031775,0.086589,0.12269,0.437771,0.020683,0.080103,0.010576,0.053631,0.046932,0.10925,,2063400,,
3,3,,0.039494,0.099879,0.097389,0.354898,0.027289,0.084478,0.013246,0.057967,0.043119,0.18224,,1901300,,
3,3,,0.034244,0.115342,0.179093,0.237228,0.024235,0.102623,0.014293,0.083249,0.089761,0.119933,,1888800,,
3,3,,0.012025,0.103359,0.097747,0.305375,0.038255,0.131509,0.007601,0.062338,0.043546,0.198245,,1933200,,
3,3,,0.010757,0.096564,0.203991,0.274877,0.024266,0.099635,0.009393,0.0784,0.050647,0.15147,,1941000,,
3,3,,0.06753,0.086184,0.158433,0.294635,0.026475,0.087425,0.013711,0.056782,0.034178,0.174646,,2087300,,
3,3,,0.048713,0.092167,0.163031,0.309279,0.0265,0.085767,0.014145,0.054009,0.041495,0.164894,,1916800,,
3,3,,0.039219,0.143798,0.154859,0.299354,0.027004,0.080744,0.014955,0.053105,0.048754,0.138208,,2598900,,
3,3,,0.052517,0.103246,0.13984,0.351098,0.021063,0.100994,0.010295,0.058818,0.042906,0.119224,,1957000,,
3,3,,0.045224,0.088449,0.159456,0.311177,0.031541,0.118112,0.011809,0.053726,0.035237,0.14527,,1917100,,
3,3,,0.048713,0.112167,0.121781,0.367779,0.0265,0.085767,0.014145,0.052759,0.041495,0.128894,,2025100,,
3,3,,0.031671,0.095011,0.157261,0.328805,0.024072,0.135397,0.014994,0.058861,0.044293,0.109635,,2018300,,
3,7,,0.022187,0.147941,0.136191,0.084552,0.062432,0.093646,0.044211,0.228515,0.132448,0.047878,,1919500,,
3,5,,0.028907,0.11003,0.093192,0.113972,0.056699,0.197843,0.030595,0.142497,0.125389,0.100875,,1916500,,
3,3,,0.034229,0.082053,0.125564,0.298155,0.026238,0.131488,0.012338,0.05651,0.028262,0.205163,,1970100,,
3,3,,0.023595,0.128936,0.089453,0.296537,0.042713,0.130718,0.051207,0.051587,0.038779,0.146475,,2068700,,
3,3,,0.03395,0.149618,0.08855,0.306188,0.026972,0.111791,0.012319,0.063757,0.050774,0.156081,,2063400,,
3,3,,0.046205,0.087406,0.142851,0.3469,0.026189,0.096469,0.012741,0.054054,0.033233,0.15395,,1881600,,
3,3,,0.09689,0.091257,0.100273,0.271334,0.034232,0.06632,0.052755,0.042518,0.164309,0.080111,,1910000,,
3,3,,0.03784,0.114303,0.116095,0.336592,0.028284,0.139401,0.013746,0.06013,0.046595,0.107013,,1921500,,
