led-display,CWE,test,0,NANOSECONDS,PREDICTIONS, Generated by ClassifierExperiments.java on 2022-05-16 23:02:18.    SYSTEMPROPERTIES:{user.name:matth,os.arch:amd64,os.name:Windows 10},ENDSYSTEMPROPERTIES
No parameter info
0.638095238095238,12072300,33721800,-1,0,10,,-1,-1
0,0,,0.258874,0.057788,0.068745,0.024373,0.10178,0.059462,0.095277,0.069908,0.175387,0.088407,,408100,,
0,0,,0.273646,0.038559,0.067445,0.027958,0.082625,0.061066,0.100665,0.078413,0.177825,0.091798,,345700,,
0,0,,0.273646,0.038559,0.067445,0.027958,0.082625,0.061066,0.100665,0.078413,0.177825,0.091798,,344200,,
0,6,,0.10097,0.097067,0.161599,0.089416,0.016038,0.126069,0.188636,0.147071,0.057096,0.016039,,354400,,
0,8,,0.158451,0.007896,0.097207,0.05429,0.097786,0.064429,0.137603,0.025075,0.245339,0.111925,,629900,,
0,0,,0.218035,0.033693,0.169201,0.024014,0.078679,0.057685,0.087823,0.077267,0.17245,0.081153,,315400,,
0,0,,0.273646,0.038559,0.067445,0.027958,0.082625,0.061066,0.100665,0.078413,0.177825,0.091798,,306900,,
0,0,,0.273646,0.038559,0.067445,0.027958,0.082625,0.061066,0.100665,0.078413,0.177825,0.091798,,313400,,
0,0,,0.273646,0.038559,0.067445,0.027958,0.082625,0.061066,0.100665,0.078413,0.177825,0.091798,,309100,,
1,7,,0.058969,0.210201,0.089997,0.172481,0.104744,0.030643,0.006967,0.254523,0.022765,0.048711,,309100,,
1,2,,0.074419,0.075067,0.354968,0.127733,0.016075,0.014601,0.046981,0.124608,0.127688,0.037861,,305300,,
1,7,,0.058969,0.210201,0.089997,0.172481,0.104744,0.030643,0.006967,0.254523,0.022765,0.048711,,307500,,
1,7,,0.058969,0.210201,0.089997,0.172481,0.104744,0.030643,0.006967,0.254523,0.022765,0.048711,,306900,,
1,7,,0.058969,0.210201,0.089997,0.172481,0.104744,0.030643,0.006967,0.254523,0.022765,0.048711,,308400,,
1,7,,0.058969,0.210201,0.089997,0.172481,0.104744,0.030643,0.006967,0.254523,0.022765,0.048711,,313400,,
1,4,,0.113459,0.112046,0.020423,0.073153,0.201759,0.083459,0.061293,0.115918,0.082354,0.136135,,307900,,
1,1,,0.018317,0.201062,0.092324,0.114602,0.086806,0.177484,0.08659,0.172196,0.02228,0.028339,,307900,,
2,8,,0.127135,0.005886,0.212298,0.045828,0.0856,0.063809,0.115175,0.023676,0.221126,0.099467,,304800,,
2,2,,0.074419,0.075067,0.354968,0.127733,0.016075,0.014601,0.046981,0.124608,0.127688,0.037861,,314300,,
2,8,,0.127135,0.005886,0.212298,0.045828,0.0856,0.063809,0.115175,0.023676,0.221126,0.099467,,307200,,
2,2,,0.074419,0.075067,0.354968,0.127733,0.016075,0.014601,0.046981,0.124608,0.127688,0.037861,,305100,,
2,2,,0.074419,0.075067,0.354968,0.127733,0.016075,0.014601,0.046981,0.124608,0.127688,0.037861,,307400,,
2,2,,0.074419,0.075067,0.354968,0.127733,0.016075,0.014601,0.046981,0.124608,0.127688,0.037861,,305800,,
2,3,,0.021929,0.096024,0.18661,0.258038,0.036727,0.062854,0.016798,0.183069,0.044031,0.093921,,306800,,
2,2,,0.136358,0.113933,0.276764,0.104855,0.012131,0.015527,0.03204,0.198411,0.0868,0.02318,,306300,,
2,2,,0.074419,0.075067,0.354968,0.127733,0.016075,0.014601,0.046981,0.124608,0.127688,0.037861,,305000,,
2,2,,0.070857,0.080299,0.340648,0.123026,0.057708,0.013462,0.04462,0.122599,0.11552,0.031261,,315200,,
2,6,,0.075373,0.013785,0.157696,0.011626,0.083104,0.162443,0.259273,0.017956,0.148203,0.070541,,306900,,
3,5,,0.023135,0.159899,0.0923,0.117685,0.0374,0.212093,0.099952,0.197048,0.019178,0.041309,,337900,,
3,9,,0.067052,0.022288,0.044237,0.14027,0.157085,0.120319,0.06728,0.075653,0.110088,0.195728,,305200,,
3,3,,0.028506,0.099553,0.117253,0.273507,0.053524,0.061884,0.014398,0.191502,0.051351,0.108522,,328800,,
3,3,,0.028506,0.099553,0.117253,0.273507,0.053524,0.061884,0.014398,0.191502,0.051351,0.108522,,417400,,
3,3,,0.028506,0.099553,0.117253,0.273507,0.053524,0.061884,0.014398,0.191502,0.051351,0.108522,,304700,,
3,3,,0.021422,0.137972,0.101347,0.242292,0.169452,0.042172,0.011579,0.168689,0.037199,0.067876,,306300,,
3,3,,0.028506,0.099553,0.117253,0.273507,0.053524,0.061884,0.014398,0.191502,0.051351,0.108522,,306000,,
3,3,,0.028506,0.099553,0.117253,0.273507,0.053524,0.061884,0.014398,0.191502,0.051351,0.108522,,305000,,
3,5,,0.023135,0.159899,0.0923,0.117685,0.0374,0.212093,0.099952,0.197048,0.019178,0.041309,,304400,,
3,3,,0.028506,0.099553,0.117253,0.273507,0.053524,0.061884,0.014398,0.191502,0.051351,0.108522,,307700,,
3,9,,0.067052,0.022288,0.044237,0.14027,0.157085,0.120319,0.06728,0.075653,0.110088,0.195728,,304900,,
3,3,,0.028506,0.099553,0.117253,0.273507,0.053524,0.061884,0.014398,0.191502,0.051351,0.108522,,304800,,
4,4,,0.059968,0.060707,0.028331,0.109055,0.273013,0.100607,0.064461,0.05284,0.095936,0.155082,,307500,,
4,3,,0.021422,0.137972,0.101347,0.242292,0.169452,0.042172,0.011579,0.168689,0.037199,0.067876,,305600,,
4,3,,0.021422,0.137972,0.101347,0.242292,0.169452,0.042172,0.011579,0.168689,0.037199,0.067876,,304800,,
4,3,,0.018144,0.134197,0.154194,0.233768,0.144838,0.041775,0.012641,0.166255,0.032263,0.061926,,307500,,
4,4,,0.059968,0.060707,0.028331,0.109055,0.273013,0.100607,0.064461,0.05284,0.095936,0.155082,,305800,,
4,4,,0.059968,0.060707,0.028331,0.109055,0.273013,0.100607,0.064461,0.05284,0.095936,0.155082,,304600,,
4,4,,0.059968,0.060707,0.028331,0.109055,0.273013,0.100607,0.064461,0.05284,0.095936,0.155082,,307900,,
4,5,,0.014921,0.155544,0.097058,0.161471,0.106033,0.187923,0.08851,0.129658,0.024497,0.034386,,308300,,
4,5,,0.051735,0.059818,0.026734,0.046311,0.196063,0.269819,0.13835,0.02804,0.080734,0.102397,,310500,,
4,8,,0.148426,0.020004,0.086364,0.043645,0.155097,0.062186,0.131383,0.018952,0.23212,0.101824,,305700,,
4,5,,0.051735,0.059818,0.026734,0.046311,0.196063,0.269819,0.13835,0.02804,0.080734,0.102397,,303800,,
5,5,,0.053476,0.030055,0.028184,0.056845,0.134166,0.312009,0.152064,0.034675,0.079734,0.118793,,307400,,
5,5,,0.075895,0.043283,0.025418,0.036434,0.120884,0.28837,0.151237,0.072674,0.076268,0.109537,,314900,,
5,5,,0.051735,0.059818,0.026734,0.046311,0.196063,0.269819,0.13835,0.02804,0.080734,0.102397,,304700,,
5,5,,0.053476,0.030055,0.028184,0.056845,0.134166,0.312009,0.152064,0.034675,0.079734,0.118793,,304800,,
5,5,,0.053476,0.030055,0.028184,0.056845,0.134166,0.312009,0.152064,0.034675,0.079734,0.118793,,306100,,
5,5,,0.053476,0.030055,0.028184,0.056845,0.134166,0.312009,0.152064,0.034675,0.079734,0.118793,,396400,,
5,5,,0.053476,0.030055,0.028184,0.056845,0.134166,0.312009,0.152064,0.034675,0.079734,0.118793,,304400,,
5,5,,0.053476,0.030055,0.028184,0.056845,0.134166,0.312009,0.152064,0.034675,0.079734,0.118793,,306400,,
5,9,,0.067052,0.022288,0.044237,0.14027,0.157085,0.120319,0.06728,0.075653,0.110088,0.195728,,306100,,
5,5,,0.053476,0.030055,0.028184,0.056845,0.134166,0.312009,0.152064,0.034675,0.079734,0.118793,,303500,,
5,5,,0.053476,0.030055,0.028184,0.056845,0.134166,0.312009,0.152064,0.034675,0.079734,0.118793,,306800,,
6,6,,0.083804,0.027973,0.063175,0.012974,0.112842,0.150245,0.295206,0.010725,0.168215,0.074842,,304000,,
6,6,,0.083804,0.027973,0.063175,0.012974,0.112842,0.150245,0.295206,0.010725,0.168215,0.074842,,304000,,
6,6,,0.089216,0.014093,0.060216,0.014294,0.08873,0.164817,0.317984,0.013807,0.161235,0.07561,,311700,,
6,5,,0.053476,0.030055,0.028184,0.056845,0.134166,0.312009,0.152064,0.034675,0.079734,0.118793,,308700,,
6,0,,0.273646,0.038559,0.067445,0.027958,0.082625,0.061066,0.100665,0.078413,0.177825,0.091798,,306500,,
6,6,,0.089216,0.014093,0.060216,0.014294,0.08873,0.164817,0.317984,0.013807,0.161235,0.07561,,306000,,
6,6,,0.089216,0.014093,0.060216,0.014294,0.08873,0.164817,0.317984,0.013807,0.161235,0.07561,,303500,,
6,6,,0.089216,0.014093,0.060216,0.014294,0.08873,0.164817,0.317984,0.013807,0.161235,0.07561,,304300,,
6,6,,0.10097,0.097067,0.161599,0.089416,0.016038,0.126069,0.188636,0.147071,0.057096,0.016039,,304300,,
6,6,,0.172269,0.018317,0.051318,0.01115,0.081088,0.16309,0.284554,0.023558,0.12238,0.072275,,304700,,
7,5,,0.023135,0.159899,0.0923,0.117685,0.0374,0.212093,0.099952,0.197048,0.019178,0.041309,,305500,,
7,7,,0.068511,0.159928,0.095756,0.189646,0.035652,0.041864,0.00927,0.294935,0.025979,0.078458,,304400,,
7,7,,0.068511,0.159928,0.095756,0.189646,0.035652,0.041864,0.00927,0.294935,0.025979,0.078458,,306300,,
7,7,,0.068511,0.159928,0.095756,0.189646,0.035652,0.041864,0.00927,0.294935,0.025979,0.078458,,305300,,
7,7,,0.068511,0.159928,0.095756,0.189646,0.035652,0.041864,0.00927,0.294935,0.025979,0.078458,,305400,,
7,7,,0.058969,0.210201,0.089997,0.172481,0.104744,0.030643,0.006967,0.254523,0.022765,0.048711,,472700,,
7,7,,0.058969,0.210201,0.089997,0.172481,0.104744,0.030643,0.006967,0.254523,0.022765,0.048711,,454400,,
7,7,,0.068511,0.159928,0.095756,0.189646,0.035652,0.041864,0.00927,0.294935,0.025979,0.078458,,445700,,
7,9,,0.123002,0.061773,0.026182,0.090319,0.132668,0.094681,0.063596,0.15633,0.085569,0.165882,,398900,,
7,7,,0.068511,0.159928,0.095756,0.189646,0.035652,0.041864,0.00927,0.294935,0.025979,0.078458,,304400,,
7,5,,0.018386,0.156923,0.121739,0.124925,0.034706,0.211019,0.094744,0.188502,0.01686,0.032195,,306100,,
7,5,,0.018386,0.156923,0.121739,0.124925,0.034706,0.211019,0.094744,0.188502,0.01686,0.032195,,304500,,
8,8,,0.158451,0.007896,0.097207,0.05429,0.097786,0.064429,0.137603,0.025075,0.245339,0.111925,,304800,,
8,8,,0.158451,0.007896,0.097207,0.05429,0.097786,0.064429,0.137603,0.025075,0.245339,0.111925,,312000,,
8,8,,0.158451,0.007896,0.097207,0.05429,0.097786,0.064429,0.137603,0.025075,0.245339,0.111925,,335300,,
8,8,,0.158451,0.007896,0.097207,0.05429,0.097786,0.064429,0.137603,0.025075,0.245339,0.111925,,306500,,
8,8,,0.158451,0.007896,0.097207,0.05429,0.097786,0.064429,0.137603,0.025075,0.245339,0.111925,,307700,,
8,6,,0.089216,0.014093,0.060216,0.014294,0.08873,0.164817,0.317984,0.013807,0.161235,0.07561,,308900,,
8,5,,0.053476,0.030055,0.028184,0.056845,0.134166,0.312009,0.152064,0.034675,0.079734,0.118793,,307400,,
8,8,,0.127135,0.005886,0.212298,0.045828,0.0856,0.063809,0.115175,0.023676,0.221126,0.099467,,305400,,
8,8,,0.158451,0.007896,0.097207,0.05429,0.097786,0.064429,0.137603,0.025075,0.245339,0.111925,,305900,,
8,8,,0.158451,0.007896,0.097207,0.05429,0.097786,0.064429,0.137603,0.025075,0.245339,0.111925,,304300,,
8,8,,0.158451,0.007896,0.097207,0.05429,0.097786,0.064429,0.137603,0.025075,0.245339,0.111925,,304800,,
9,5,,0.053476,0.030055,0.028184,0.056845,0.134166,0.312009,0.152064,0.034675,0.079734,0.118793,,307600,,
9,4,,0.059968,0.060707,0.028331,0.109055,0.273013,0.100607,0.064461,0.05284,0.095936,0.155082,,304800,,
9,9,,0.067052,0.022288,0.044237,0.14027,0.157085,0.120319,0.06728,0.075653,0.110088,0.195728,,305000,,
9,9,,0.067052,0.022288,0.044237,0.14027,0.157085,0.120319,0.06728,0.075653,0.110088,0.195728,,307100,,
9,9,,0.067052,0.022288,0.044237,0.14027,0.157085,0.120319,0.06728,0.075653,0.110088,0.195728,,306700,,
9,9,,0.067052,0.022288,0.044237,0.14027,0.157085,0.120319,0.06728,0.075653,0.110088,0.195728,,306500,,
9,4,,0.059968,0.060707,0.028331,0.109055,0.273013,0.100607,0.064461,0.05284,0.095936,0.155082,,304500,,
9,0,,0.273646,0.038559,0.067445,0.027958,0.082625,0.061066,0.100665,0.078413,0.177825,0.091798,,304400,,
9,9,,0.067052,0.022288,0.044237,0.14027,0.157085,0.120319,0.06728,0.075653,0.110088,0.195728,,303500,,
9,3,,0.028506,0.099553,0.117253,0.273507,0.053524,0.061884,0.014398,0.191502,0.051351,0.108522,,452500,,