connect-4,Randf,test,1,NANOSECONDS,PREDICTIONS, Generated by ClassifierExperiments.java on 2022-05-16 03:29:44.    SYSTEMPROPERTIES:{user.name:matth,os.arch:amd64,os.name:Windows 10},ENDSYSTEMPROPERTIES
No parameter info
0.7201746595618709,37416200,71106400,-1,0,3,,-1,-1
0,1,,0.064694,0.69846,0.236845,,7900,,
0,2,,0.225781,0.094681,0.679538,,5600,,
0,2,,0.268227,0.149404,0.582369,,5600,,
0,2,,0.289818,0.130562,0.57962,,5500,,
0,2,,0.053744,0.134692,0.811564,,5400,,
0,2,,0.079563,0.067737,0.852701,,5400,,
0,2,,0.062349,0.059276,0.878375,,5400,,
0,2,,0.137517,0.428521,0.433962,,5600,,
0,2,,0.070881,0.141453,0.787665,,5300,,
0,2,,0.189705,0.38274,0.427555,,9300,,
0,2,,0.224024,0.363838,0.412138,,5400,,
0,2,,0.233081,0.369716,0.397203,,5600,,
0,1,,0.085459,0.602176,0.312365,,5300,,
0,2,,0.254809,0.31763,0.427561,,5500,,
0,1,,0.170225,0.442856,0.386919,,5400,,
0,2,,0.041017,0.061943,0.89704,,5300,,
0,2,,0.045061,0.09148,0.863459,,5400,,
0,2,,0.061363,0.333557,0.605079,,5500,,
0,0,,0.394227,0.288546,0.317227,,5800,,
0,2,,0.17285,0.179333,0.647817,,5400,,
0,2,,0.106158,0.34416,0.549681,,5400,,
0,1,,0.053025,0.531097,0.415878,,5500,,
0,2,,0.162822,0.366455,0.470723,,5400,,
0,2,,0.228403,0.20456,0.567037,,5400,,
0,0,,0.394293,0.257381,0.348327,,5500,,
0,2,,0.017805,0.14409,0.838105,,5300,,
0,2,,0.144642,0.161242,0.694116,,5400,,
0,2,,0.23555,0.366052,0.398398,,5400,,
0,2,,0.108522,0.327086,0.564392,,5300,,
0,2,,0.040712,0.097375,0.861913,,5400,,
0,2,,0.151668,0.225073,0.623259,,5300,,
0,1,,0.087586,0.481019,0.431394,,5300,,
0,2,,0.040324,0.197264,0.762413,,5300,,
0,1,,0.014989,0.556794,0.428216,,5500,,
0,2,,0.312392,0.091736,0.595872,,5400,,
0,2,,0.182279,0.206098,0.611623,,5400,,
0,1,,0.108802,0.465712,0.425486,,5500,,
0,2,,0.198731,0.107578,0.693691,,5400,,
0,2,,0.276417,0.131803,0.59178,,5500,,
0,2,,0.026073,0.1522,0.821726,,5300,,
0,2,,0.38574,0.182178,0.432082,,5400,,
0,2,,0.155961,0.289947,0.554092,,5500,,
0,2,,0.062081,0.058091,0.879828,,5300,,
0,2,,0.255158,0.363348,0.381493,,5500,,
0,2,,0.320325,0.126745,0.55293,,5400,,
0,2,,0.176665,0.152392,0.670943,,5400,,
0,1,,0.140169,0.63391,0.225921,,5400,,
0,2,,0.113608,0.402167,0.484225,,5500,,
0,2,,0.266016,0.190706,0.543278,,5500,,
0,2,,0.320653,0.180304,0.499043,,5300,,
0,2,,0.030057,0.28912,0.680823,,5300,,
0,1,,0.165653,0.436705,0.397642,,5500,,
0,2,,0.28747,0.114895,0.597636,,5400,,
0,2,,0.363657,0.266405,0.369938,,5600,,
0,2,,0.020751,0.213427,0.765822,,5400,,
0,2,,0.057229,0.164812,0.777959,,5400,,
0,2,,0.324002,0.258038,0.41796,,5400,,
0,2,,0.374105,0.180312,0.445583,,5500,,
0,2,,0.354649,0.183171,0.46218,,5500,,
0,2,,0.034837,0.059823,0.90534,,5400,,
0,2,,0.233228,0.233008,0.533764,,5300,,
0,2,,0.293189,0.131134,0.575676,,5500,,
0,2,,0.222201,0.142573,0.635226,,5400,,
0,2,,0.151462,0.161641,0.686898,,5600,,
0,2,,0.299795,0.281355,0.41885,,5500,,
0,2,,0.132767,0.352137,0.515097,,5500,,
0,2,,0.19886,0.118551,0.68259,,5400,,
0,1,,0.162149,0.438273,0.399578,,5600,,
0,2,,0.005313,0.406477,0.58821,,5500,,
0,2,,0.006409,0.015395,0.978196,,5400,,
0,2,,0.101693,0.332456,0.565852,,5500,,
0,2,,0.105561,0.194654,0.699785,,5400,,
0,2,,0.121023,0.24633,0.632648,,5400,,
0,2,,0.140708,0.103746,0.755545,,5400,,
0,2,,0.320498,0.235398,0.444104,,5400,,
0,2,,0.337785,0.291563,0.370652,,5500,,
0,2,,0.218882,0.347226,0.433893,,5400,,
0,2,,0.117853,0.344165,0.537982,,5400,,
0,2,,0.203512,0.301611,0.494877,,5500,,
0,2,,0.178762,0.081585,0.739653,,5500,,
0,2,,0.282409,0.22098,0.496611,,5400,,
0,2,,0.233495,0.271495,0.495009,,5600,,
0,2,,0.116947,0.341787,0.541266,,5300,,
0,2,,0.126822,0.170873,0.702305,,5400,,
0,2,,0.104301,0.17066,0.725039,,5300,,
0,2,,0.309971,0.279388,0.410641,,5500,,
0,2,,0.173953,0.28837,0.537677,,5300,,
0,2,,0.059666,0.111086,0.829248,,5400,,
0,2,,0.227452,0.371217,0.401331,,5300,,
0,2,,0.232562,0.152788,0.61465,,5500,,
0,1,,0.319973,0.531532,0.148495,,5400,,
0,2,,0.24415,0.267036,0.488814,,5600,,
0,1,,0.198215,0.426226,0.375559,,5500,,
0,2,,0.137771,0.212381,0.649848,,5300,,
0,1,,0.011214,0.53395,0.454836,,5400,,
0,2,,0.022968,0.140875,0.836157,,5300,,
0,2,,0.024415,0.072744,0.902841,,5300,,
0,2,,0.058277,0.281492,0.660231,,5300,,
0,2,,0.038193,0.158056,0.80375,,5300,,
0,1,,0.122217,0.518197,0.359586,,5400,,
0,1,,0.124188,0.635896,0.239916,,5400,,
0,2,,0.201337,0.357606,0.441057,,5300,,
0,2,,0.050184,0.416954,0.532862,,5400,,
0,2,,0.279021,0.26859,0.452389,,5500,,
0,2,,0.084685,0.199625,0.71569,,5300,,
0,1,,0.24046,0.436609,0.322931,,5400,,
0,2,,0.086761,0.193235,0.720003,,5400,,
0,1,,0.211843,0.419441,0.368717,,5400,,
0,2,,0.217187,0.345549,0.437264,,5300,,
0,2,,0.216491,0.245096,0.538414,,5500,,
0,2,,0.401885,0.065731,0.532384,,5400,,
0,2,,0.204069,0.379136,0.416795,,5400,,
0,2,,0.134982,0.30156,0.563458,,5400,,
0,2,,0.110026,0.068815,0.821159,,5400,,
0,2,,0.032407,0.166386,0.801207,,5300,,
0,1,,0.021677,0.853226,0.125097,,5500,,
0,2,,0.128137,0.432517,0.439346,,5400,,
0,1,,0.186515,0.534852,0.278634,,5500,,
0,2,,0.017914,0.042032,0.940054,,5300,,
0,2,,0.099991,0.224706,0.675302,,5300,,
0,2,,0.258644,0.34961,0.391746,,5500,,
0,2,,0.105493,0.349181,0.545327,,5400,,
0,2,,0.281172,0.240617,0.478211,,5500,,
0,2,,0.337236,0.124717,0.538047,,5400,,
0,2,,0.057145,0.124105,0.81875,,5300,,
0,2,,0.110705,0.440145,0.44915,,5300,,
0,2,,0.071357,0.405963,0.52268,,5400,,
0,2,,0.150504,0.246072,0.603424,,5300,,
0,2,,0.097442,0.358092,0.544466,,5300,,
0,2,,0.103248,0.048685,0.848066,,5400,,
0,2,,0.309203,0.330264,0.360533,,5800,,
0,2,,0.069463,0.125252,0.805285,,5300,,
0,2,,0.009318,0.057681,0.933001,,5300,,
0,2,,0.249332,0.188261,0.562407,,5400,,
0,2,,0.002111,0.318746,0.679143,,5300,,
0,2,,0.229069,0.222303,0.548628,,5300,,
0,2,,0.253141,0.232743,0.514117,,5400,,
0,1,,0.169879,0.679207,0.150914,,5400,,
0,1,,0.095567,0.536954,0.36748,,5400,,
0,2,,0.081453,0.338186,0.580361,,5400,,
0,1,,0.035124,0.622982,0.341894,,5400,,
0,2,,0.14346,0.15332,0.703219,,5500,,
0,1,,0.162155,0.531736,0.306109,,5500,,
0,2,,0.16199,0.413032,0.424978,,5400,,
0,1,,0.196767,0.446624,0.356609,,5400,,
0,2,,0.338,0.203428,0.458572,,5400,,
0,0,,0.663799,0.077591,0.25861,,5400,,
0,2,,0.077429,0.148098,0.774473,,5300,,
0,2,,0.058476,0.436604,0.50492,,5300,,
0,2,,0.01566,0.08684,0.8975,,5300,,
0,2,,0.231689,0.119148,0.649162,,5400,,
0,2,,0.102936,0.18212,0.714944,,5400,,
0,2,,0.048963,0.106982,0.844055,,5400,,
0,2,,0.243845,0.27849,0.477665,,5300,,
0,2,,0.306087,0.289496,0.404417,,5400,,
0,2,,0.07533,0.30131,0.623361,,5300,,
0,2,,0.164754,0.285797,0.549449,,5300,,
0,2,,0.024691,0.459775,0.515533,,5400,,
0,2,,0.134664,0.232775,0.632561,,5300,,
0,2,,0.037904,0.187793,0.774303,,5300,,
0,2,,0.055963,0.366421,0.577617,,5300,,
0,1,,0.19602,0.406815,0.397165,,5300,,
0,2,,0.060204,0.365408,0.574388,,5400,,
0,1,,0.234778,0.478215,0.287007,,5300,,
0,1,,0.321983,0.496225,0.181792,,5600,,
0,2,,0.027667,0.31977,0.652563,,5300,,
0,2,,0.296016,0.12137,0.582614,,5400,,
0,2,,0.214899,0.129589,0.655512,,5400,,
0,1,,0.018048,0.507978,0.473974,,5500,,
0,2,,0.078445,0.100091,0.821464,,5400,,
0,1,,0.236741,0.497661,0.265599,,5500,,
0,2,,0.187477,0.1972,0.615324,,5500,,
0,2,,0.20244,0.278165,0.519395,,5300,,
0,0,,0.538569,0.119808,0.341624,,5700,,
0,2,,0.210135,0.25602,0.533845,,5600,,
0,1,,0.219926,0.491892,0.288182,,5400,,
0,2,,0.382643,0.230277,0.387079,,5500,,
0,2,,0.128916,0.386922,0.484162,,5400,,
0,2,,0.148035,0.303984,0.547981,,5400,,
0,2,,0.240874,0.304373,0.454753,,5400,,
0,0,,0.52315,0.181532,0.295319,,5400,,
0,2,,0.07078,0.178594,0.750626,,5300,,
0,2,,0.270971,0.286533,0.442495,,5500,,
0,2,,0.204835,0.344581,0.450585,,5300,,
0,2,,0.155787,0.300758,0.543455,,8200,,
0,2,,0.025153,0.107688,0.867159,,5300,,
0,2,,0.051554,0.357841,0.590605,,5300,,
0,2,,0.158516,0.33278,0.508704,,5400,,
0,2,,0.079596,0.05048,0.869925,,5400,,
0,0,,0.517661,0.254991,0.227348,,5400,,
0,2,,0.111789,0.401234,0.486977,,5400,,
0,2,,0.070278,0.248541,0.681181,,5300,,
0,2,,0.070756,0.346331,0.582912,,5400,,
0,2,,0.422139,0.151767,0.426093,,5400,,
0,2,,0.135592,0.148053,0.716355,,5600,,
0,2,,0.109303,0.358031,0.532666,,5400,,
0,2,,0.045074,0.20414,0.750785,,5300,,
0,2,,0.167231,0.309971,0.522798,,5300,,
0,2,,0.030912,0.06531,0.903779,,5300,,
0,1,,0.207417,0.464792,0.327791,,5300,,
0,2,,0.086991,0.24165,0.671359,,5300,,
0,2,,0.032841,0.17002,0.797139,,5300,,
0,2,,0.077548,0.09659,0.825862,,5400,,
0,2,,0.12515,0.058929,0.815921,,5400,,
0,2,,0.064059,0.258175,0.677766,,5400,,
0,2,,0.098597,0.320901,0.580502,,5400,,
0,2,,0.174947,0.128657,0.696396,,5400,,
0,2,,0.305919,0.184525,0.509556,,5400,,
0,0,,0.508228,0.122877,0.368895,,5500,,
0,1,,0.27599,0.37939,0.34462,,5500,,
0,2,,0.098335,0.339614,0.56205,,5500,,
0,2,,0.119398,0.134,0.746602,,5400,,
0,2,,0.085567,0.215979,0.698454,,5300,,
0,2,,0.058507,0.054282,0.887211,,5300,,
0,2,,0.132669,0.096374,0.770957,,5400,,
0,1,,0.111503,0.462566,0.425931,,5500,,
0,2,,0.110205,0.167968,0.721827,,5300,,
0,2,,0.319616,0.134942,0.545442,,5400,,
0,1,,0.272665,0.377751,0.349585,,5500,,
0,2,,0.049628,0.119705,0.830667,,5300,,
0,2,,0.12795,0.077854,0.794196,,5400,,
0,2,,0.254231,0.118552,0.627217,,5400,,
0,2,,0.154348,0.153899,0.691752,,5400,,
0,1,,0.113007,0.671146,0.215847,,5400,,
0,0,,0.511041,0.122021,0.366937,,5400,,
0,2,,0.092633,0.145902,0.761465,,5400,,
0,2,,0.101372,0.128364,0.770264,,5500,,
0,2,,0.107277,0.188376,0.704347,,5300,,
0,1,,0.220769,0.418264,0.360967,,5400,,
0,2,,0.270171,0.165874,0.563956,,5400,,
0,2,,0.257617,0.109575,0.632808,,5300,,
0,2,,0.05842,0.189899,0.751681,,5300,,
0,2,,0.2137,0.321518,0.464782,,5300,,
0,2,,0.105505,0.265158,0.629337,,5400,,
0,2,,0.041229,0.178386,0.780385,,5300,,
0,2,,0.045401,0.324518,0.630081,,5400,,
0,2,,0.258919,0.154963,0.586117,,5400,,
0,1,,0.276113,0.39892,0.324968,,5600,,
0,2,,0.024015,0.200208,0.775777,,5400,,
0,2,,0.416732,0.092764,0.490504,,5600,,
0,0,,0.389057,0.302698,0.308245,,5400,,
0,2,,0.312225,0.196303,0.491472,,5400,,
0,2,,0.171394,0.17074,0.657865,,5400,,
0,2,,0.105379,0.271779,0.622842,,5400,,
0,2,,0.09387,0.049759,0.856372,,5400,,
0,2,,0.238514,0.18662,0.574867,,5400,,
0,2,,0.159433,0.403919,0.436648,,5400,,
0,2,,0.184025,0.111922,0.704053,,5400,,
0,2,,0.271334,0.318686,0.40998,,5500,,
0,0,,0.552111,0.080801,0.367089,,5500,,
0,1,,0.092896,0.587489,0.319615,,5400,,
0,1,,0.291006,0.441586,0.267408,,5300,,
0,1,,0.000817,0.56728,0.431903,,5500,,
0,2,,0.036333,0.214816,0.748851,,5300,,
0,1,,0.102126,0.676707,0.221167,,5400,,
0,2,,0.103813,0.154546,0.741641,,5400,,
0,2,,0.126839,0.390921,0.48224,,5300,,
0,2,,0.223988,0.237287,0.538726,,5400,,
0,2,,0.318617,0.131311,0.550072,,5500,,
0,1,,0.096277,0.699978,0.203745,,5500,,
0,2,,0.13074,0.346201,0.523059,,5300,,
0,2,,0.189619,0.083634,0.726746,,5500,,
0,2,,0.282951,0.30472,0.412329,,5400,,
0,1,,0.111628,0.516042,0.37233,,5400,,
0,2,,0.035256,0.4618,0.502944,,5400,,
0,2,,0.155251,0.094883,0.749866,,5400,,
0,1,,0.282256,0.420504,0.29724,,5400,,
0,1,,0.129971,0.550768,0.319261,,5300,,
0,2,,0.079527,0.058882,0.861591,,5300,,
0,0,,0.433212,0.204498,0.362291,,5400,,
0,1,,0.032378,0.776136,0.191486,,5400,,
0,2,,0.130344,0.173579,0.696077,,5600,,
0,1,,0.056044,0.634014,0.309942,,5300,,
0,2,,0.168461,0.183201,0.648338,,5300,,
0,2,,0.253651,0.187559,0.55879,,5400,,
0,2,,0.269173,0.328853,0.401975,,5600,,
0,2,,0.050406,0.136171,0.813423,,5300,,
0,2,,0.006069,0.445234,0.548697,,5400,,
0,2,,0.099084,0.130971,0.769945,,5400,,
0,2,,0.098456,0.104326,0.797218,,5400,,
0,2,,0.151009,0.316219,0.532772,,5500,,
0,2,,0.093488,0.162143,0.744369,,5500,,
0,0,,0.640472,0.109735,0.249793,,5400,,
0,2,,0.091836,0.306262,0.601902,,5400,,
0,2,,0.245254,0.219888,0.534858,,5400,,
0,0,,0.44805,0.286057,0.265893,,5500,,
0,2,,0.442442,0.053236,0.504321,,5500,,
0,2,,0.074641,0.099946,0.825413,,5800,,
0,2,,0.153673,0.344388,0.501939,,5300,,
0,2,,0.156186,0.127245,0.716569,,5400,,
0,2,,0.121633,0.416028,0.46234,,5500,,
0,2,,0.145173,0.185969,0.668858,,5300,,
0,0,,0.429906,0.204239,0.365855,,5400,,
0,2,,0.023515,0.251576,0.724908,,5300,,
0,2,,0.064507,0.045482,0.890011,,5400,,
0,2,,0.360441,0.278735,0.360823,,5500,,
0,2,,0.128432,0.170975,0.700593,,5400,,
0,2,,0.094395,0.216955,0.68865,,5400,,
0,2,,0.13532,0.292353,0.572327,,5400,,
0,2,,0.11629,0.247475,0.636234,,5300,,
0,1,,0.102996,0.561321,0.335684,,5400,,
0,2,,0.203684,0.37087,0.425446,,5500,,
0,2,,0.307553,0.335826,0.35662,,5500,,
0,0,,0.393635,0.295456,0.310909,,5400,,
0,2,,0.254086,0.222672,0.523242,,5500,,
0,0,,0.500175,0.106992,0.392834,,5500,,
0,2,,0.17476,0.183779,0.641461,,5600,,
0,0,,0.46431,0.255861,0.279829,,5400,,
0,2,,0.094969,0.107586,0.797445,,5400,,
0,2,,0.092229,0.301989,0.605783,,5400,,
0,2,,0.425587,0.110341,0.464072,,5400,,
0,2,,0.071002,0.191514,0.737484,,5300,,
0,2,,0.128759,0.362381,0.50886,,5300,,
0,2,,0.060123,0.099671,0.840206,,5400,,
0,2,,0.279572,0.10599,0.614438,,5600,,
0,2,,0.265904,0.360168,0.373927,,5600,,
0,2,,0.386899,0.098986,0.514115,,5400,,
0,1,,0.07084,0.522229,0.406931,,5400,,
0,1,,0.017088,0.649213,0.333699,,5400,,
0,2,,0.201236,0.267156,0.531609,,5400,,
0,2,,0.35225,0.163449,0.484301,,5400,,
0,2,,0.274338,0.220528,0.505134,,5400,,
0,2,,0.008246,0.215704,0.77605,,5400,,
0,2,,0.06423,0.239665,0.696105,,5400,,
0,2,,0.121591,0.208682,0.669726,,5500,,
0,2,,0.188184,0.177124,0.634692,,5400,,
0,2,,0.160942,0.098567,0.740491,,5400,,
0,0,,0.466894,0.204761,0.328345,,5500,,
0,2,,0.151164,0.067157,0.781679,,5400,,
0,2,,0.224676,0.192345,0.582979,,5400,,
0,2,,0.122152,0.198614,0.679234,,5400,,
0,2,,0.189851,0.09284,0.717309,,5400,,
0,2,,0.183358,0.254744,0.561898,,5400,,
0,2,,0.32786,0.227302,0.444838,,5700,,
0,2,,0.007086,0.399604,0.59331,,5300,,
0,2,,0.078211,0.252179,0.669611,,5400,,
0,2,,0.000668,0.461865,0.537467,,5300,,
0,1,,0.156171,0.48758,0.356249,,5400,,
0,0,,0.511758,0.240435,0.247807,,5400,,
0,2,,0.121376,0.173877,0.704747,,5400,,
0,2,,0.204176,0.230961,0.564863,,5500,,
0,2,,0.250245,0.090971,0.658784,,5400,,
0,2,,0.100264,0.308025,0.591712,,5300,,
0,2,,0.150354,0.249616,0.60003,,5300,,
0,2,,0.033766,0.222203,0.744031,,5300,,
0,2,,0.308278,0.21713,0.474591,,5400,,
0,1,,0.289106,0.42976,0.281133,,5400,,
0,2,,0.0416,0.174989,0.783411,,5400,,
0,2,,0.100315,0.136433,0.763252,,5400,,
0,2,,0.171199,0.156204,0.672597,,5400,,
0,2,,0.227833,0.179801,0.592366,,5400,,
0,2,,0.114308,0.251736,0.633956,,5300,,
0,1,,0.188141,0.552243,0.259616,,5300,,
0,2,,0.300625,0.171185,0.528191,,5400,,
0,2,,0.090481,0.270859,0.63866,,5300,,
0,0,,0.482043,0.242601,0.275356,,5500,,
0,2,,0.149662,0.258041,0.592297,,5300,,
0,1,,0.176658,0.508098,0.315244,,5400,,
0,2,,0.140327,0.191814,0.667859,,5400,,
0,2,,0.05993,0.270276,0.669794,,5400,,
0,2,,0.296138,0.279715,0.424147,,5600,,
0,1,,0.036585,0.845259,0.118156,,5500,,
0,1,,0.253242,0.432852,0.313906,,8400,,
0,1,,0.123444,0.591669,0.284887,,5400,,
0,2,,0.412682,0.095999,0.49132,,5500,,
0,2,,0.019912,0.159456,0.820633,,5400,,
0,2,,0.118794,0.071337,0.809869,,5400,,
0,2,,0.060418,0.042036,0.897545,,5400,,
0,2,,0.12608,0.088653,0.785267,,5400,,
0,1,,0.140349,0.476607,0.383044,,5400,,
0,2,,0.17455,0.102003,0.723447,,5500,,
0,2,,0.025181,0.05332,0.921499,,5400,,
0,1,,0.272944,0.381471,0.345584,,5400,,
0,2,,0.273594,0.196744,0.529663,,5500,,
0,2,,0.154567,0.28553,0.559903,,5400,,
0,1,,0.127836,0.539153,0.333011,,5400,,
0,2,,0.143836,0.351728,0.504437,,5300,,
0,2,,0.216039,0.25211,0.531851,,5400,,
0,1,,0.016018,0.502431,0.48155,,5500,,
0,2,,0.06433,0.065363,0.870307,,5400,,
0,2,,0.067366,0.184045,0.748589,,5300,,
0,2,,0.180071,0.332443,0.487486,,5300,,
0,0,,0.525941,0.222985,0.251074,,5400,,
0,0,,0.518864,0.226386,0.25475,,5400,,
0,2,,0.101914,0.309635,0.588452,,5300,,
0,2,,0.061866,0.128155,0.80998,,5300,,
0,2,,0.100187,0.351681,0.548132,,5500,,
0,2,,0.023103,0.25191,0.724987,,5400,,
0,2,,0.163972,0.249965,0.586062,,5400,,
0,2,,0.161575,0.313269,0.525156,,5300,,
0,2,,0.342662,0.161621,0.495717,,5500,,
0,2,,0.16091,0.152708,0.686382,,5400,,
0,2,,0.057555,0.059707,0.882739,,5400,,
0,1,,0.130994,0.460521,0.408485,,5500,,
0,2,,0.081887,0.39301,0.525103,,5500,,
0,0,,0.393229,0.277359,0.329412,,5500,,
0,2,,0.076799,0.192975,0.730225,,5400,,
0,2,,0.069802,0.221358,0.70884,,5300,,
0,2,,0.064356,0.075906,0.859739,,5400,,
0,2,,0.071229,0.073171,0.8556,,5400,,
0,2,,0.094017,0.117965,0.788018,,5400,,
0,1,,0.088046,0.725498,0.186456,,5500,,
0,2,,0.409516,0.081612,0.508872,,5500,,
0,2,,0.40874,0.176334,0.414926,,5500,,
0,2,,0.346457,0.118782,0.53476,,5400,,
0,0,,0.512731,0.250076,0.237193,,5400,,
0,1,,0.098737,0.57059,0.330673,,5400,,
0,2,,0.402735,0.191818,0.405446,,5500,,
0,2,,0.059321,0.060128,0.880551,,5500,,
0,2,,0.09046,0.20462,0.704921,,5300,,
0,2,,0.1523,0.413958,0.433742,,5300,,
0,2,,0.076693,0.151598,0.771709,,5400,,
0,1,,0.210375,0.409414,0.380212,,5300,,
0,0,,0.391932,0.221432,0.386636,,5400,,
0,1,,0.213525,0.403365,0.38311,,5400,,
0,2,,0.030047,0.16541,0.804543,,5300,,
0,1,,0.333979,0.34685,0.319171,,5500,,
0,2,,0.055089,0.390275,0.554637,,5500,,
0,1,,0.20371,0.526916,0.269373,,5300,,
0,2,,0.108218,0.242364,0.649418,,5300,,
0,2,,0.260324,0.138337,0.601339,,5400,,
0,2,,0.291593,0.111758,0.596649,,5400,,
0,2,,0.356114,0.210962,0.432924,,5400,,
0,2,,0.131277,0.168298,0.700424,,5400,,
0,2,,0.015761,0.051957,0.932282,,5300,,
0,2,,0.006687,0.251967,0.741346,,5400,,
0,2,,0.115802,0.415586,0.468612,,5500,,
0,2,,0.074115,0.403752,0.522133,,5500,,
0,2,,0.179284,0.187406,0.63331,,5400,,
0,2,,0.163093,0.169821,0.667086,,5400,,
0,0,,0.666861,0.031391,0.301748,,5400,,
0,2,,0.130958,0.408996,0.460046,,5300,,
0,0,,0.387731,0.273734,0.338535,,5500,,
0,2,,0.341386,0.160769,0.497845,,5400,,
0,2,,0.194343,0.124614,0.681043,,5400,,
0,0,,0.413914,0.285081,0.301006,,5400,,
0,0,,0.407632,0.187593,0.404775,,5400,,
0,0,,0.501704,0.150538,0.347758,,5400,,
0,2,,0.05385,0.070216,0.875934,,5400,,
0,2,,0.151544,0.229659,0.618797,,5400,,
0,2,,0.017886,0.173561,0.808553,,5300,,
0,1,,0.201378,0.459844,0.338778,,5400,,
0,1,,0.216627,0.477516,0.305857,,5500,,
0,2,,0.048363,0.059161,0.892476,,5400,,
0,2,,0.050946,0.326221,0.622833,,5300,,
0,2,,0.220338,0.291966,0.487696,,5300,,
0,2,,0.114914,0.283703,0.601383,,5300,,
0,2,,0.059188,0.087032,0.85378,,5400,,
0,2,,0.11107,0.178724,0.710206,,5400,,
0,2,,0.029282,0.153296,0.817422,,5400,,
0,2,,0.06609,0.223743,0.710167,,5400,,
0,0,,0.478703,0.152036,0.36926,,5700,,
0,2,,0.030715,0.332813,0.636472,,5500,,
0,2,,0.314108,0.266341,0.419551,,5500,,
0,2,,0.25543,0.040831,0.703739,,5400,,
0,2,,0.024319,0.143208,0.832473,,5400,,
0,2,,0.09934,0.371199,0.529461,,5300,,
0,2,,0.050663,0.266718,0.68262,,5300,,
0,2,,0.277503,0.133497,0.589,,5500,,
0,2,,0.005161,0.136179,0.858661,,5300,,
0,2,,0.021928,0.283296,0.694776,,5300,,
0,2,,0.087283,0.179533,0.733185,,5300,,
0,2,,0.10563,0.06551,0.82886,,5400,,
0,2,,0.309631,0.319569,0.3708,,5600,,
0,1,,0.183847,0.541104,0.275048,,5500,,
0,2,,0.272,0.096556,0.631444,,5500,,
0,2,,0.188278,0.302896,0.508825,,5400,,
0,2,,0.192578,0.332823,0.474599,,5400,,
0,2,,0.14111,0.251839,0.607051,,5400,,
0,2,,0.042882,0.13067,0.826448,,5300,,
0,2,,0.275854,0.329309,0.394837,,5500,,
0,2,,0.14661,0.096356,0.757034,,5600,,
0,2,,0.216934,0.209801,0.573265,,5300,,
0,2,,0.298817,0.272347,0.428837,,5500,,
0,2,,0.086046,0.09437,0.819584,,5400,,
0,2,,0.113669,0.263586,0.622745,,5600,,
0,2,,0.348495,0.097461,0.554044,,5400,,
0,2,,0.164074,0.394719,0.441207,,5500,,
0,2,,0.010698,0.409397,0.579905,,5400,,
0,2,,0.355166,0.252721,0.392114,,5500,,
0,2,,0.348871,0.186607,0.464522,,5400,,
0,2,,0.04281,0.202099,0.755091,,5400,,
0,1,,0.14599,0.471085,0.382925,,5400,,
0,0,,0.641494,0.060225,0.298281,,5400,,
0,2,,0.014519,0.211328,0.774153,,5400,,
0,2,,0.096108,0.167259,0.736632,,5300,,
0,2,,0.213001,0.310505,0.476494,,5500,,
0,2,,0.142839,0.33269,0.524471,,5300,,
0,2,,0.259889,0.324006,0.416105,,5500,,
0,2,,0.049098,0.072511,0.878391,,5400,,
0,2,,0.039504,0.122835,0.837661,,5400,,
0,2,,0.081048,0.084647,0.834305,,5400,,
0,2,,0.084808,0.158577,0.756616,,5300,,
0,2,,0.046225,0.063157,0.890619,,5300,,
0,2,,0.23872,0.130639,0.630641,,5400,,
0,2,,0.222139,0.238295,0.539566,,5500,,
0,2,,0.327692,0.242571,0.429737,,5500,,
0,2,,0.004731,0.229363,0.765906,,5400,,
0,2,,0.259392,0.139718,0.60089,,5400,,
0,2,,0.303526,0.286959,0.409515,,5500,,
0,0,,0.510796,0.124028,0.365176,,5400,,
0,2,,0.196624,0.111887,0.691489,,5400,,
0,2,,0.073784,0.175646,0.75057,,5300,,
0,2,,0.148437,0.138668,0.712895,,5300,,
0,2,,0.29718,0.15062,0.5522,,5400,,
0,2,,0.163125,0.39115,0.445725,,5500,,
0,2,,0.22296,0.233791,0.543249,,5700,,
0,2,,0.180705,0.28159,0.537704,,5500,,
0,2,,0.108922,0.294113,0.596964,,5300,,
0,2,,0.187584,0.249924,0.562491,,5300,,
0,2,,0.194981,0.371044,0.433975,,5500,,
0,2,,0.070253,0.223621,0.706126,,5300,,
0,2,,0.104117,0.150638,0.745244,,5300,,
0,2,,0.006614,0.087461,0.905925,,5300,,
0,1,,0.245523,0.450694,0.303783,,5400,,
0,2,,0.111291,0.325014,0.563695,,5300,,
0,0,,0.567206,0.132765,0.300029,,5400,,
0,2,,0.271665,0.136753,0.591583,,5400,,
0,2,,0.087965,0.332798,0.579237,,5400,,
0,2,,0.02794,0.383636,0.588424,,5300,,
0,1,,0.192247,0.520524,0.287229,,5400,,
0,2,,0.055502,0.145662,0.798836,,5400,,
0,2,,0.331656,0.070257,0.598086,,5400,,
0,2,,0.115914,0.28792,0.596166,,5500,,
0,2,,0.096622,0.11891,0.784468,,5300,,
0,1,,0.140421,0.453736,0.405843,,5400,,
0,2,,0.114301,0.108073,0.777626,,5500,,
0,1,,0.177094,0.484181,0.338726,,5400,,
0,2,,0.064557,0.1727,0.762742,,5400,,
0,1,,0.136584,0.712154,0.151262,,5400,,
0,2,,0.153235,0.163696,0.683068,,5400,,
0,2,,0.181245,0.244789,0.573965,,5500,,
0,2,,0.202528,0.179783,0.617689,,5500,,
0,1,,0.26589,0.43704,0.297071,,5400,,
0,2,,0.183423,0.176944,0.639633,,5400,,
0,2,,0.411313,0.110142,0.478545,,5500,,
0,2,,0.17617,0.397157,0.426673,,5400,,
0,2,,0.070035,0.062414,0.86755,,5400,,
0,2,,0.093458,0.148371,0.758171,,5300,,
0,1,,0.122836,0.449653,0.427511,,5400,,
0,0,,0.446422,0.307725,0.245853,,5500,,
0,2,,0.256662,0.255475,0.487862,,10500,,
0,2,,0.416281,0.112232,0.471487,,5400,,
0,1,,0.219299,0.408377,0.372323,,5300,,
0,2,,0.326931,0.276307,0.396763,,5500,,
0,2,,0.03675,0.15265,0.810599,,5400,,
0,2,,0.157296,0.131425,0.711278,,5400,,
0,2,,0.019491,0.178762,0.801747,,5300,,
0,2,,0.253813,0.278496,0.467691,,5500,,
0,2,,0.318833,0.066478,0.614689,,5400,,
0,2,,0.115639,0.236774,0.647587,,5300,,
0,2,,0.042933,0.07041,0.886656,,5300,,
0,2,,0.044779,0.471275,0.483946,,5300,,
0,2,,0.270602,0.289528,0.439869,,5500,,
0,2,,0.042682,0.22743,0.729888,,5300,,
0,2,,0.039123,0.159013,0.801864,,5300,,
0,1,,0.065055,0.478699,0.456246,,5400,,
0,2,,0.126952,0.424247,0.448801,,5500,,
0,2,,0.098237,0.229308,0.672455,,5400,,
0,2,,0.10656,0.120195,0.773245,,5400,,
0,2,,0.189747,0.349147,0.461106,,5500,,
0,2,,0.084203,0.186511,0.729286,,5300,,
0,1,,0.142449,0.455271,0.40228,,5400,,
0,2,,0.091374,0.063598,0.845028,,5500,,
0,2,,0.240054,0.136264,0.623682,,5300,,
0,2,,0.262945,0.195197,0.541858,,5400,,
0,2,,0.134327,0.096898,0.768775,,5400,,
0,2,,0.206031,0.241265,0.552705,,5400,,
0,2,,0.136732,0.30503,0.558237,,5400,,
0,2,,0.32597,0.199824,0.474206,,5400,,
0,2,,0.048794,0.051342,0.899864,,5500,,
0,2,,0.227775,0.168191,0.604034,,5500,,
0,2,,0.227784,0.147091,0.625124,,5400,,
0,2,,0.13518,0.362862,0.501958,,5400,,
0,2,,0.014697,0.471821,0.513482,,5300,,
0,2,,0.154008,0.248509,0.597483,,5400,,
0,2,,0.118558,0.265852,0.61559,,5300,,
0,2,,0.150242,0.129731,0.720027,,5400,,
0,2,,0.356946,0.135618,0.507435,,5400,,
0,2,,0.101841,0.224851,0.673308,,5400,,
0,2,,0.165231,0.209053,0.625716,,5500,,
0,2,,0.074752,0.073926,0.851321,,5500,,
0,1,,0.142842,0.58171,0.275448,,5500,,
0,2,,0.000521,0.169569,0.829909,,5300,,
0,2,,0.196785,0.100185,0.70303,,5400,,
0,2,,0.144509,0.268043,0.587448,,5400,,
0,1,,0.05871,0.489997,0.451293,,5400,,
0,2,,0.007919,0.160297,0.831784,,5300,,
0,1,,0.087668,0.547418,0.364914,,5400,,
0,0,,0.53913,0.15877,0.3021,,5400,,
0,2,,0.180706,0.244804,0.57449,,5300,,
0,2,,0.155736,0.157387,0.686876,,5500,,
0,2,,0.078535,0.105553,0.815912,,5400,,
0,2,,0.311005,0.13625,0.552745,,5500,,
0,0,,0.424083,0.248884,0.327033,,5600,,
0,2,,0.039588,0.205728,0.754684,,5400,,
0,1,,0.075737,0.48236,0.441903,,5600,,
0,2,,0.052199,0.191486,0.756314,,5300,,
0,1,,0.118021,0.554461,0.327518,,5500,,
0,1,,0.208536,0.535731,0.255733,,5300,,
0,2,,0.134442,0.176305,0.689253,,5400,,
0,2,,0.163107,0.229527,0.607367,,5300,,
0,2,,0.117964,0.130565,0.751471,,5400,,
0,2,,0.025709,0.178193,0.796098,,5400,,
0,2,,0.08192,0.262701,0.655379,,5400,,
0,2,,0.195176,0.160433,0.644391,,5400,,
0,2,,0.135727,0.201237,0.663037,,5300,,
0,2,,0.136311,0.207959,0.655729,,5400,,
0,2,,0.062621,0.126979,0.8104,,5300,,
0,1,,0.123271,0.554881,0.321848,,5400,,
0,2,,0.001437,0.417086,0.581477,,5300,,
0,1,,0.167947,0.458133,0.373919,,5400,,
0,1,,0.299732,0.433387,0.266881,,5400,,
0,2,,0.109245,0.197013,0.693741,,5400,,
0,2,,0.133012,0.144513,0.722476,,5500,,
0,2,,0.21201,0.228503,0.559487,,5400,,
0,2,,0.05108,0.204888,0.744033,,5400,,
0,2,,0.263452,0.193857,0.54269,,5400,,
0,2,,0.084954,0.185773,0.729273,,5300,,
0,1,,0.055789,0.499796,0.444415,,5300,,
0,2,,0.038236,0.287083,0.674681,,5300,,
0,2,,0.098358,0.261621,0.640021,,5300,,
0,0,,0.469644,0.107945,0.42241,,5500,,
0,2,,0.24343,0.273519,0.483051,,5300,,
0,2,,0.200596,0.143625,0.65578,,5400,,
0,2,,0.286291,0.133241,0.580468,,5500,,
0,1,,0.036295,0.596685,0.367019,,5400,,
0,2,,0.161175,0.389375,0.44945,,5500,,
0,0,,0.469493,0.100224,0.430284,,5400,,
0,1,,0.001327,0.655221,0.343452,,5500,,
0,2,,0.197773,0.171181,0.631047,,5400,,
0,2,,0.171821,0.165385,0.662794,,5500,,
0,1,,0.000503,0.853924,0.145573,,5300,,
0,2,,0.242018,0.251271,0.506711,,5500,,
0,0,,0.374094,0.276527,0.349379,,5400,,
0,1,,0.129755,0.764447,0.105798,,5400,,
0,2,,0.309441,0.088558,0.602001,,5400,,
0,2,,0.142832,0.129515,0.727652,,5400,,
0,2,,0.169694,0.146901,0.683406,,5400,,
0,2,,0.150145,0.261753,0.588101,,5300,,
0,2,,0.106417,0.377557,0.516026,,5500,,
0,2,,0.223816,0.167454,0.608729,,5400,,
0,2,,0.011663,0.036992,0.951345,,5400,,
0,2,,0.221257,0.116918,0.661824,,5400,,
0,1,,0.22697,0.473759,0.299271,,5400,,
0,2,,0.059607,0.185725,0.754668,,5300,,
0,2,,0.018945,0.132326,0.848729,,5300,,
0,2,,0.052684,0.080635,0.866681,,5300,,
0,2,,0.100505,0.141552,0.757943,,5300,,
0,2,,0.332888,0.149891,0.517221,,5400,,
0,2,,0.341194,0.065017,0.593789,,5400,,
0,2,,0.170382,0.26706,0.562558,,5300,,
0,2,,0.025963,0.266128,0.707909,,5300,,
0,2,,0.048177,0.197161,0.754662,,5300,,
0,2,,0.009458,0.018056,0.972485,,5400,,
0,2,,0.206296,0.217601,0.576103,,5600,,
0,2,,0.146318,0.244307,0.609375,,5300,,
0,2,,0.068966,0.160773,0.770261,,5300,,
0,1,,0.131558,0.545234,0.323208,,5400,,
0,2,,0.226292,0.333874,0.439834,,5500,,
0,2,,0.216935,0.125042,0.658023,,5300,,
0,2,,0.218827,0.22472,0.556453,,5400,,
0,2,,0.189108,0.17749,0.633403,,5400,,
0,2,,0.170825,0.308241,0.520934,,5400,,
0,2,,0.23827,0.122145,0.639585,,5400,,
0,1,,0.083434,0.656047,0.260519,,5500,,
0,2,,0.124148,0.326377,0.549475,,5400,,
0,2,,0.108602,0.159727,0.731672,,5300,,
0,2,,0.157151,0.15707,0.685779,,5400,,
0,2,,0.102133,0.320908,0.576959,,5300,,
0,2,,0.09885,0.229291,0.671858,,5400,,
0,2,,0.064167,0.211985,0.723848,,5300,,
0,2,,0.049051,0.453202,0.497747,,5400,,
0,2,,0.198486,0.254365,0.547149,,5400,,
0,1,,0.217128,0.482845,0.300027,,5400,,
0,2,,0.158225,0.190679,0.651096,,5400,,
0,2,,0.1085,0.157868,0.733632,,5300,,
0,2,,0.120332,0.242427,0.637241,,5300,,
0,2,,0.198658,0.13172,0.669622,,5500,,
0,1,,0.103958,0.691001,0.205041,,5500,,
0,2,,0.323112,0.188276,0.488612,,5600,,
0,2,,0.176864,0.169942,0.653193,,5300,,
0,2,,0.048389,0.073041,0.87857,,5400,,
0,2,,0.055346,0.064163,0.880491,,5500,,
0,2,,0.16465,0.197729,0.637621,,5300,,
0,2,,0.167483,0.339275,0.493242,,5400,,
0,0,,0.548844,0.238787,0.212368,,5400,,
0,2,,0.152583,0.215125,0.632292,,5500,,
0,2,,0.110799,0.436977,0.452224,,5400,,
0,2,,0.154834,0.307285,0.537881,,5500,,
0,2,,0.357158,0.237265,0.405577,,5700,,
0,2,,0.018707,0.41209,0.569203,,5400,,
0,2,,0.128126,0.286362,0.585511,,5400,,
0,2,,0.046488,0.218941,0.734571,,5300,,
0,2,,0.1039,0.332347,0.563753,,5400,,
0,2,,0.194231,0.113722,0.692047,,5400,,
0,2,,0.363846,0.088758,0.547396,,5300,,
0,0,,0.430862,0.227723,0.341416,,5700,,
0,2,,0.067949,0.318432,0.613619,,5400,,
0,2,,0.102654,0.184525,0.712821,,5300,,
0,2,,0.032857,0.181005,0.786137,,5300,,
0,2,,0.22252,0.333875,0.443605,,5400,,
0,2,,0.141709,0.400591,0.4577,,5400,,
0,2,,0.044414,0.098629,0.856957,,5400,,
0,2,,0.152675,0.181203,0.666122,,5400,,
0,2,,0.046252,0.044815,0.908933,,5400,,
0,2,,0.335891,0.086529,0.57758,,5400,,
0,2,,0.093747,0.121223,0.78503,,5500,,
0,1,,0.305179,0.516891,0.17793,,5400,,
0,2,,0.167003,0.112468,0.720529,,5400,,
0,2,,0.066145,0.115093,0.818762,,5300,,
0,2,,0.22774,0.174913,0.597347,,5400,,
0,0,,0.500482,0.105184,0.394334,,5500,,
0,0,,0.419348,0.283268,0.297384,,5400,,
0,1,,0.045262,0.530643,0.424094,,5300,,
0,2,,0.300685,0.252432,0.446884,,5400,,
0,2,,0.13164,0.329653,0.538707,,5400,,
0,2,,0.016129,0.099913,0.883958,,5400,,
0,2,,0.146605,0.132982,0.720413,,5400,,
0,1,,0.050948,0.605288,0.343763,,8500,,
0,2,,0.160185,0.379513,0.460302,,5600,,
0,2,,0.102848,0.145447,0.751705,,5400,,
0,2,,0.146471,0.28405,0.569479,,5300,,
0,2,,0.092903,0.184944,0.722153,,5400,,
0,0,,0.502423,0.120369,0.377208,,5500,,
0,0,,0.463169,0.181216,0.355615,,5400,,
0,2,,0.319263,0.299296,0.381441,,5400,,
0,0,,0.519778,0.153965,0.326258,,5500,,
0,2,,0.189662,0.269746,0.540592,,5400,,
0,2,,0.298575,0.247987,0.453438,,5400,,
0,2,,0.04323,0.154982,0.801788,,5300,,
0,2,,0.004225,0.384324,0.611451,,5400,,
0,2,,0.054497,0.211625,0.733878,,5400,,
0,2,,0.269015,0.274521,0.456465,,5300,,
0,2,,0.035583,0.295817,0.6686,,5400,,
0,0,,0.474887,0.124195,0.400918,,5500,,
0,2,,0.076492,0.08943,0.834078,,5300,,
0,2,,0.033037,0.425488,0.541475,,5300,,
0,2,,0.162997,0.254253,0.582749,,5300,,
0,2,,0.081332,0.288617,0.630051,,5400,,
0,2,,0.10156,0.227566,0.670873,,5300,,
0,0,,0.610791,0.203555,0.185653,,5400,,
0,1,,0.301442,0.424559,0.273998,,5300,,
0,2,,0.091069,0.13666,0.772271,,5300,,
0,2,,0.031191,0.049906,0.918902,,5300,,
0,2,,0.188284,0.314102,0.497615,,5300,,
0,2,,0.035003,0.077792,0.887206,,5300,,
0,2,,0.101756,0.228787,0.669456,,5300,,
0,2,,0.083307,0.156507,0.760186,,5300,,
0,1,,0.146596,0.594105,0.259298,,5400,,
0,2,,0.160309,0.175579,0.664112,,5500,,
0,2,,0.062202,0.113682,0.824116,,5500,,
0,2,,0.084937,0.104583,0.81048,,5400,,
0,2,,0.036518,0.266568,0.696914,,5300,,
0,1,,0.148007,0.508678,0.343314,,5400,,
0,2,,0.252653,0.254812,0.492535,,5500,,
0,2,,0.019659,0.127982,0.852359,,5400,,
0,2,,0.171509,0.262427,0.566065,,5400,,
0,2,,0.04368,0.164195,0.792125,,5300,,
0,2,,0.235398,0.301228,0.463374,,5400,,
0,2,,0.029142,0.326285,0.644573,,5400,,
0,2,,0.176667,0.311708,0.511624,,5400,,
0,2,,0.110181,0.149284,0.740535,,5300,,
0,2,,0.452436,0.089472,0.458091,,5400,,
0,2,,0.324368,0.150428,0.525203,,5400,,
0,2,,0.260651,0.274839,0.464509,,5500,,
0,1,,0.106083,0.668776,0.225142,,5500,,
0,2,,0.095395,0.069791,0.834814,,5400,,
0,0,,0.495503,0.090699,0.413798,,5400,,
0,2,,0.042626,0.268588,0.688786,,5400,,
0,2,,0.091965,0.133643,0.774392,,5400,,
0,2,,0.216303,0.099489,0.684208,,5500,,
0,2,,0.03287,0.383061,0.584069,,5400,,
0,1,,0.09713,0.670665,0.232205,,5400,,
0,2,,0.109716,0.258243,0.632041,,5300,,
0,2,,0.027971,0.243222,0.728807,,5400,,
0,2,,0.037563,0.173653,0.788784,,5300,,
0,2,,0.233096,0.243011,0.523893,,5500,,
0,2,,0.418959,0.155204,0.425838,,5500,,
0,1,,0.080305,0.548875,0.370819,,5600,,
0,2,,0.258701,0.268386,0.472913,,5400,,
0,2,,0.047998,0.235917,0.716085,,5300,,
0,2,,0.212724,0.339916,0.44736,,5300,,
0,2,,0.338206,0.05533,0.606463,,5400,,
0,2,,0.182185,0.233454,0.584361,,5300,,
0,2,,0.149594,0.083105,0.767301,,5600,,
0,2,,0.273609,0.171389,0.555001,,5400,,
0,1,,0.129852,0.492409,0.37774,,5500,,
0,0,,0.493416,0.179034,0.32755,,5500,,
0,2,,0.06196,0.306428,0.631612,,5300,,
0,2,,0.164165,0.089981,0.745854,,5500,,
0,2,,0.130312,0.409728,0.45996,,5400,,
0,2,,0.146515,0.138156,0.715329,,5400,,
0,2,,0.042298,0.115949,0.841753,,5300,,
0,2,,0.099056,0.425387,0.475557,,5500,,
0,2,,0.055161,0.223531,0.721308,,5400,,
0,2,,0.249364,0.142409,0.608227,,5300,,
0,2,,0.053432,0.05239,0.894179,,5400,,
0,2,,0.414556,0.126083,0.459361,,5500,,
0,2,,0.071437,0.370059,0.558504,,5400,,
0,1,,0.174131,0.509039,0.316831,,5300,,
0,2,,0.001495,0.268258,0.730248,,5300,,
0,2,,0.338544,0.167252,0.494204,,5400,,
0,2,,0.245804,0.090539,0.663657,,5500,,
0,2,,0.231746,0.229999,0.538255,,5500,,
0,2,,0.004886,0.173896,0.821219,,5500,,
0,2,,0.308737,0.286031,0.405232,,5400,,
0,0,,0.389326,0.322805,0.287869,,5500,,
0,2,,0.111543,0.143946,0.744511,,5400,,
0,2,,0.240307,0.124474,0.635219,,5400,,
0,0,,0.664513,0.033685,0.301802,,5400,,
0,2,,0.269034,0.109184,0.621782,,5400,,
0,2,,0.332901,0.158424,0.508676,,5400,,
0,2,,0.171488,0.315104,0.513408,,5300,,
0,2,,0.051781,0.187284,0.760936,,5300,,
0,2,,0.260385,0.260201,0.479415,,5400,,
0,2,,0.055012,0.185429,0.759559,,5300,,
0,2,,0.029115,0.062757,0.908129,,5300,,
0,2,,0.280097,0.177188,0.542715,,5400,,
0,2,,0.112743,0.381347,0.50591,,5400,,
0,2,,0.040414,0.124023,0.835563,,5300,,
0,2,,0.09741,0.377612,0.524978,,5400,,
0,2,,0.083426,0.066743,0.849831,,5500,,
0,2,,0.009693,0.187762,0.802545,,5300,,
0,2,,0.238017,0.228553,0.53343,,5500,,
0,2,,0.190908,0.270423,0.538669,,5300,,
0,2,,0.061792,0.125231,0.812977,,5300,,
0,2,,0.243276,0.115592,0.641132,,5400,,
0,2,,0.070203,0.242844,0.686953,,5300,,
0,2,,0.035127,0.040376,0.924497,,5400,,
0,2,,0.087337,0.184119,0.728545,,5400,,
0,2,,0.275005,0.309478,0.415518,,5500,,
0,2,,0.232843,0.108858,0.658299,,5400,,
0,1,,0.086922,0.600993,0.312085,,5400,,
0,2,,0.339926,0.288537,0.371537,,5500,,
0,2,,0.08363,0.44115,0.47522,,5400,,
0,2,,0.198669,0.133126,0.668205,,5500,,
0,2,,0.101107,0.142959,0.755934,,5400,,
0,2,,0.257263,0.084688,0.65805,,5400,,
0,2,,0.42099,0.15479,0.42422,,5400,,
0,2,,0.010928,0.13825,0.850822,,5400,,
0,2,,0.052965,0.162653,0.784382,,5400,,
0,2,,0.321294,0.221264,0.457441,,5400,,
0,1,,0.108267,0.478663,0.41307,,5400,,
0,2,,0.076613,0.098822,0.824564,,5500,,
0,2,,0.131544,0.319986,0.548471,,5300,,
0,2,,0.084518,0.041541,0.873941,,5400,,
0,2,,0.343236,0.309544,0.347219,,5500,,
0,2,,0.163472,0.144773,0.691755,,5400,,
0,2,,0.197234,0.340105,0.462662,,5400,,
0,2,,0.12203,0.192207,0.685763,,5300,,
0,2,,0.134847,0.36049,0.504662,,5300,,
0,2,,0.181342,0.320035,0.498622,,5300,,
0,1,,0.214125,0.469624,0.316251,,5400,,
0,2,,0.158788,0.314129,0.527083,,5400,,
0,2,,0.075681,0.27049,0.653829,,5400,,
0,2,,0.321722,0.095918,0.582359,,5300,,
0,2,,0.258743,0.087588,0.653668,,5400,,
0,2,,0.149703,0.236832,0.613465,,5300,,
0,2,,0.069353,0.152814,0.777834,,5400,,
0,2,,0.323743,0.207962,0.468295,,5400,,
0,2,,0.027929,0.042805,0.929266,,5400,,
0,2,,0.160734,0.095712,0.743553,,5400,,
0,2,,0.216424,0.252588,0.530988,,5400,,
0,2,,0.114363,0.090955,0.794682,,5400,,
0,2,,0.279868,0.196434,0.523697,,5400,,
0,2,,0.299698,0.247044,0.453257,,5500,,
0,2,,0.201337,0.390762,0.407901,,5400,,
0,2,,0.244959,0.203781,0.55126,,5500,,
0,2,,0.207245,0.312427,0.480328,,5500,,
0,2,,0.226022,0.14814,0.625838,,5400,,
0,2,,0.040255,0.449165,0.51058,,5400,,
0,2,,0.161729,0.214295,0.623976,,5300,,
0,2,,0.157305,0.179832,0.662862,,5600,,
0,2,,0.091591,0.442202,0.466207,,5400,,
0,2,,0.272306,0.03967,0.688024,,5400,,
0,2,,0.274601,0.137684,0.587715,,5400,,
0,2,,0.068501,0.356649,0.57485,,5300,,
0,1,,0.14144,0.535271,0.323289,,5400,,
0,2,,0.113181,0.178315,0.708504,,5400,,
0,2,,0.099233,0.17929,0.721477,,5400,,
0,2,,0.314955,0.143617,0.541428,,5400,,
0,2,,0.054418,0.164701,0.780881,,5300,,
0,0,,0.535928,0.055659,0.408413,,5400,,
0,2,,0.025788,0.221736,0.752476,,5300,,
0,2,,0.123151,0.228694,0.648156,,5400,,
0,2,,0.325085,0.108145,0.56677,,5400,,
0,2,,0.175975,0.171412,0.652613,,5400,,
0,2,,0.222173,0.139954,0.637874,,5400,,
0,2,,0.153218,0.340238,0.506544,,5400,,
0,2,,0.244558,0.298105,0.457337,,5500,,
0,1,,0.147038,0.714995,0.137967,,5400,,
0,2,,0.397927,0.189112,0.412961,,5600,,
0,2,,0.217701,0.259005,0.523294,,5400,,
0,2,,0.039875,0.110885,0.849241,,5300,,
0,2,,0.073779,0.158285,0.767936,,5300,,
0,1,,0.239491,0.445583,0.314925,,5400,,
0,2,,0.077724,0.394069,0.528207,,5400,,
0,2,,0.106108,0.446165,0.447727,,8300,,
0,2,,0.081533,0.086024,0.832443,,5400,,
0,2,,0.083301,0.059975,0.856725,,5500,,
0,2,,0.204541,0.272733,0.522726,,5300,,
0,2,,0.221044,0.167016,0.61194,,5500,,
0,2,,0.080149,0.179292,0.740558,,5300,,
0,2,,0.033229,0.048381,0.91839,,5500,,
0,1,,0.169419,0.437598,0.392983,,5500,,
0,0,,0.529254,0.077144,0.393602,,5600,,
0,1,,0.000777,0.599308,0.399915,,5400,,
0,2,,0.048519,0.133736,0.817744,,5300,,
0,2,,0.153082,0.194006,0.652912,,5400,,
0,0,,0.602936,0.104136,0.292928,,5400,,
0,2,,0.045797,0.14174,0.812463,,5300,,
0,2,,0.312899,0.206051,0.48105,,5400,,
0,2,,0.413112,0.093616,0.493272,,5400,,
0,0,,0.475251,0.22836,0.296389,,5400,,
0,2,,0.049995,0.170095,0.77991,,5300,,
0,2,,0.049584,0.254093,0.696324,,5300,,
0,2,,0.064356,0.120335,0.815309,,5400,,
0,2,,0.087847,0.205946,0.706207,,5500,,
0,1,,0.229686,0.394751,0.375564,,5400,,
0,1,,0.296793,0.386509,0.316699,,5400,,
0,2,,0.019919,0.092872,0.887208,,5300,,
0,2,,0.171338,0.278335,0.550327,,5300,,
0,2,,0.318623,0.286895,0.394482,,5500,,
0,2,,0.191595,0.200037,0.608369,,5400,,
0,2,,0.153938,0.359655,0.486407,,5400,,
0,2,,0.181074,0.236283,0.582643,,5400,,
0,2,,0.151012,0.305347,0.543641,,5300,,
0,2,,0.083957,0.425307,0.490736,,5400,,
0,2,,0.266644,0.051836,0.68152,,5400,,
0,2,,0.204095,0.174535,0.62137,,5500,,
0,2,,0.24715,0.222046,0.530804,,5400,,
0,2,,0.167605,0.397646,0.434749,,5300,,
0,2,,0.132828,0.054276,0.812897,,5400,,
0,2,,0.251611,0.255279,0.49311,,5700,,
0,2,,0.158468,0.181986,0.659546,,5400,,
0,2,,0.060621,0.094149,0.845231,,5300,,
0,2,,0.219219,0.252493,0.528287,,5500,,
0,2,,0.128375,0.092697,0.778928,,5300,,
0,2,,0.257208,0.268478,0.474314,,5300,,
0,2,,0.078883,0.085489,0.835628,,5400,,
0,2,,0.145752,0.132724,0.721524,,5300,,
0,2,,0.042528,0.252213,0.705259,,5400,,
0,2,,0.301296,0.13705,0.561654,,5400,,
0,2,,0.109784,0.232835,0.657382,,5400,,
0,2,,0.103975,0.414935,0.48109,,5400,,
0,2,,0.04176,0.115965,0.842275,,5300,,
0,2,,0.003862,0.220497,0.775641,,5300,,
0,2,,0.110376,0.112422,0.777202,,5400,,
0,2,,0.17938,0.169721,0.650899,,5400,,
0,2,,0.167623,0.195287,0.637089,,5400,,
0,2,,0.031681,0.247202,0.721117,,5300,,
0,2,,0.406661,0.174674,0.418665,,5600,,
0,2,,0.006649,0.2348,0.758551,,5300,,
0,2,,0.169878,0.286573,0.543549,,5400,,
0,2,,0.089439,0.078457,0.832104,,5400,,
0,2,,0.232352,0.201061,0.566587,,5600,,
0,2,,0.019137,0.074781,0.906081,,5400,,
0,2,,0.114783,0.088638,0.796579,,5500,,
0,2,,0.233106,0.192688,0.574206,,5400,,
0,0,,0.465335,0.279638,0.255027,,5400,,
0,2,,0.074697,0.434812,0.490492,,5500,,
0,1,,0.167049,0.570303,0.262648,,5300,,
0,2,,0.09202,0.213459,0.694521,,5400,,
0,0,,0.453459,0.216364,0.330178,,5400,,
0,2,,0.080822,0.355997,0.563182,,5500,,
0,2,,0.384038,0.21731,0.398652,,5500,,
0,1,,0.190415,0.458975,0.35061,,5400,,
0,2,,0.16782,0.173616,0.658564,,5400,,
0,2,,0.132829,0.133992,0.73318,,5300,,
0,2,,0.176603,0.10462,0.718777,,5500,,
0,2,,0.038335,0.031963,0.929702,,5300,,
0,2,,0.240749,0.145947,0.613303,,5400,,
0,0,,0.554507,0.120272,0.325221,,5400,,
0,2,,0.26741,0.221439,0.511151,,5500,,
0,2,,0.350987,0.241953,0.40706,,5600,,
0,2,,0.204896,0.129284,0.665821,,5400,,
0,2,,0.149886,0.174606,0.675508,,5400,,
0,2,,0.384504,0.172887,0.442609,,5400,,
0,2,,0.176388,0.283184,0.540428,,5300,,
0,2,,0.061655,0.06767,0.870675,,5500,,
0,0,,0.771249,0.054724,0.174027,,5400,,
0,1,,0.184704,0.545593,0.269703,,5500,,
0,0,,0.566119,0.163204,0.270677,,5500,,
0,2,,0.126592,0.401594,0.471814,,5400,,
0,1,,0.214563,0.465988,0.319449,,5700,,
0,2,,0.267666,0.158587,0.573748,,5300,,
0,2,,0.097895,0.309095,0.59301,,5500,,
0,2,,0.16065,0.256095,0.583256,,5300,,
0,2,,0.04966,0.41608,0.53426,,5400,,
0,2,,0.036636,0.288328,0.675036,,5400,,
0,2,,0.156792,0.304303,0.538905,,5400,,
0,2,,0.228663,0.109611,0.661725,,5300,,
0,1,,0.235516,0.38823,0.376254,,5300,,
0,2,,0.04035,0.457993,0.501658,,5400,,
0,2,,0.058379,0.179554,0.762067,,5200,,
0,2,,0.089952,0.068075,0.841972,,5400,,
0,2,,0.188212,0.159723,0.652065,,5600,,
0,2,,0.266734,0.188036,0.545231,,5400,,
0,2,,0.239809,0.188692,0.5715,,5400,,
0,2,,0.054698,0.21363,0.731672,,5400,,
