connect-4,Randf,test,0,NANOSECONDS,PREDICTIONS, Generated by ClassifierExperiments.java on 2022-05-16 12:45:45.    SYSTEMPROPERTIES:{user.name:matth,os.arch:amd64,os.name:Windows 10},ENDSYSTEMPROPERTIES
No parameter info
0.7239490822972173,38741600,71071200,-1,0,3,,-1,-1
0,2,,0.021299,0.185327,0.793374,,132000,,
0,1,,0.236995,0.418535,0.344471,,6200,,
0,2,,0.02879,0.162111,0.809099,,5500,,
0,2,,0.094342,0.222009,0.68365,,5500,,
0,1,,0.103022,0.535642,0.361336,,5800,,
0,2,,0.297863,0.294985,0.407152,,5600,,
0,2,,0.118203,0.072431,0.809366,,5600,,
0,1,,0.086078,0.731298,0.182624,,5600,,
0,2,,0.161864,0.226828,0.611308,,5500,,
0,2,,0.152623,0.063032,0.784345,,5700,,
0,1,,0.058685,0.507101,0.434214,,5500,,
0,2,,0.243578,0.217562,0.53886,,5600,,
0,0,,0.395036,0.263545,0.341419,,6000,,
0,1,,0.095082,0.648499,0.25642,,5600,,
0,0,,0.420982,0.291664,0.287354,,5700,,
0,2,,0.091063,0.175311,0.733627,,5400,,
0,2,,0.075667,0.146016,0.778316,,5300,,
0,2,,0.110119,0.249034,0.640848,,5400,,
0,2,,0.045486,0.079399,0.875115,,5400,,
0,2,,0.019664,0.065359,0.914977,,5400,,
0,2,,0.02668,0.05304,0.920279,,5400,,
0,2,,0.356683,0.126768,0.516549,,5400,,
0,2,,0.293971,0.18386,0.52217,,5500,,
0,2,,0.103813,0.277419,0.618767,,5400,,
0,2,,0.296497,0.172618,0.530885,,5400,,
0,2,,0.232428,0.134972,0.6326,,5400,,
0,2,,0.134228,0.211485,0.654287,,5400,,
0,2,,0.364204,0.079848,0.555948,,5400,,
0,2,,0.186575,0.208695,0.60473,,5400,,
0,2,,0.317645,0.203628,0.478727,,5600,,
0,2,,0.240687,0.16357,0.595743,,5400,,
0,1,,0.075586,0.526508,0.397906,,5500,,
0,0,,0.622339,0.100767,0.276894,,5600,,
0,2,,0.245926,0.244548,0.509526,,5500,,
0,2,,0.035788,0.080759,0.883453,,5300,,
0,2,,0.070766,0.300636,0.628597,,14900,,
0,1,,0.261151,0.455951,0.282898,,5400,,
0,2,,0.233574,0.14901,0.617416,,5600,,
0,2,,0.090159,0.16599,0.743851,,5300,,
0,2,,0.08938,0.416988,0.493631,,5400,,
0,2,,0.117674,0.369329,0.512997,,5300,,
0,2,,0.140139,0.101533,0.758328,,5400,,
0,2,,0.137941,0.151695,0.710364,,5500,,
0,0,,0.447028,0.271761,0.281211,,5500,,
0,2,,0.222331,0.285289,0.492381,,5500,,
0,2,,0.349028,0.220542,0.43043,,5600,,
0,2,,0.39153,0.104745,0.503725,,5600,,
0,2,,0.196563,0.326385,0.477052,,5500,,
0,2,,0.199403,0.152764,0.647832,,5400,,
0,1,,0.143314,0.546534,0.310152,,5500,,
0,2,,0.099711,0.423058,0.477231,,5500,,
0,2,,0.154384,0.408168,0.437448,,5400,,
0,2,,0.121511,0.280149,0.59834,,5400,,
0,0,,0.508209,0.102175,0.389616,,5600,,
0,2,,0.054622,0.351051,0.594326,,5400,,
0,2,,0.317021,0.108839,0.57414,,5400,,
0,2,,0.067723,0.137348,0.794929,,5400,,
0,2,,0.092095,0.363937,0.543968,,5400,,
0,2,,0.090666,0.101393,0.807941,,5300,,
0,2,,0.143286,0.197522,0.659192,,5300,,
0,2,,0.076563,0.141452,0.781986,,5400,,
0,0,,0.52766,0.139849,0.332491,,5500,,
0,2,,0.053619,0.17234,0.774041,,5400,,
0,2,,0.249205,0.153836,0.596959,,5600,,
0,2,,0.171831,0.158978,0.66919,,5600,,
0,2,,0.314161,0.092207,0.593632,,5500,,
0,2,,0.280479,0.301816,0.417705,,5500,,
0,2,,0.027965,0.261923,0.710112,,5300,,
0,2,,0.041516,0.293612,0.664872,,5400,,
0,0,,0.468225,0.217553,0.314222,,5400,,
0,2,,0.158663,0.140829,0.700508,,5400,,
0,2,,0.187829,0.18937,0.622801,,5400,,
0,2,,0.15417,0.117307,0.728522,,5400,,
0,2,,0.115407,0.227644,0.65695,,5300,,
0,0,,0.43103,0.293909,0.275061,,5600,,
0,2,,0.274194,0.214122,0.511684,,5400,,
0,2,,0.12844,0.288784,0.582776,,5400,,
0,0,,0.405322,0.290396,0.304282,,5400,,
0,2,,0.221978,0.201199,0.576822,,5400,,
0,2,,0.157697,0.30201,0.540293,,5500,,
0,1,,0.285796,0.374876,0.339328,,5600,,
0,2,,0.104199,0.180716,0.715085,,5300,,
0,1,,0.238035,0.426866,0.335098,,5500,,
0,2,,0.358462,0.120481,0.521057,,5300,,
0,2,,0.143262,0.172327,0.684411,,5400,,
0,2,,0.124827,0.299141,0.576032,,5400,,
0,2,,0.252874,0.054914,0.692212,,5400,,
0,2,,0.340347,0.164768,0.494886,,5400,,
0,0,,0.525311,0.173715,0.300974,,5400,,
0,2,,0.18521,0.146889,0.667902,,5400,,
0,2,,0.20108,0.315373,0.483547,,5400,,
0,1,,0.118873,0.44415,0.436977,,5500,,
0,2,,0.150898,0.162405,0.686696,,5500,,
0,2,,0.289012,0.221553,0.489434,,5400,,
0,2,,0.16422,0.196432,0.639348,,5500,,
0,2,,0.039409,0.402317,0.558274,,5500,,
0,2,,0.117878,0.14977,0.732352,,5400,,
0,2,,0.01176,0.393109,0.595132,,5300,,
0,2,,0.082856,0.390863,0.526281,,5400,,
0,0,,0.852941,0.037597,0.109462,,5400,,
0,2,,0.111134,0.172114,0.716752,,5300,,
0,2,,0.127103,0.215674,0.657223,,5400,,
0,2,,0.160478,0.174968,0.664554,,5500,,
0,2,,0.207434,0.177904,0.614662,,5400,,
0,2,,0.006959,0.405998,0.587043,,5300,,
0,1,,0.103894,0.48652,0.409586,,5400,,
0,2,,0.04882,0.13866,0.81252,,5300,,
0,2,,0.320543,0.063826,0.615631,,5400,,
0,2,,0.064301,0.452073,0.483626,,5300,,
0,0,,0.458766,0.11384,0.427394,,5400,,
0,2,,0.057573,0.299448,0.642979,,5400,,
0,2,,0.25943,0.199505,0.541065,,5400,,
0,2,,0.123142,0.130712,0.746146,,5500,,
0,2,,0.139926,0.194641,0.665433,,5400,,
0,2,,0.024645,0.078832,0.896523,,5300,,
0,2,,0.098066,0.266636,0.635299,,5300,,
0,2,,0.027512,0.214616,0.757872,,5300,,
0,2,,0.250589,0.329904,0.419507,,5700,,
0,2,,0.185748,0.362514,0.451738,,5400,,
0,0,,0.487973,0.138724,0.373304,,5400,,
0,2,,0.231325,0.13972,0.628955,,5300,,
0,1,,0.240103,0.398098,0.361799,,5400,,
0,2,,0.061309,0.080129,0.858562,,5500,,
0,2,,0.19504,0.171431,0.633529,,5400,,
0,2,,0.093721,0.11179,0.794488,,5500,,
0,2,,0.099795,0.091752,0.808453,,5500,,
0,0,,0.40851,0.23435,0.35714,,5500,,
0,2,,0.083641,0.386691,0.529667,,5500,,
0,2,,0.029155,0.169144,0.801701,,5400,,
0,2,,0.187723,0.403447,0.40883,,6900,,
0,2,,0.211802,0.197958,0.59024,,5400,,
0,1,,0.239033,0.424363,0.336604,,5500,,
0,2,,0.074044,0.362019,0.563937,,5300,,
0,2,,0.166924,0.091638,0.741439,,5400,,
0,2,,0.231472,0.314121,0.454408,,5500,,
0,2,,0.152498,0.217841,0.629661,,5300,,
0,1,,0.221797,0.424124,0.354079,,5400,,
0,2,,0.229163,0.225878,0.544959,,5400,,
0,2,,0.092924,0.342421,0.564654,,5500,,
0,2,,0.063105,0.276512,0.660382,,5400,,
0,2,,0.0328,0.106546,0.860654,,5400,,
0,2,,0.028118,0.148,0.823882,,5400,,
0,1,,0.035067,0.8,0.164933,,5500,,
0,1,,0.125682,0.604065,0.270253,,5600,,
0,2,,0.209214,0.169359,0.621427,,5300,,
0,2,,0.150016,0.090407,0.759577,,5600,,
0,2,,0.096134,0.065268,0.838598,,5400,,
0,1,,0.117229,0.542692,0.340079,,5500,,
0,2,,0.143982,0.285808,0.57021,,5400,,
0,2,,0.066595,0.465408,0.467997,,5400,,
0,2,,0.11949,0.104186,0.776324,,5400,,
0,2,,0.119966,0.064335,0.815698,,5400,,
0,2,,0.1862,0.097159,0.716641,,5400,,
0,2,,0.053566,0.201813,0.744621,,5300,,
0,0,,0.505614,0.266616,0.227769,,5500,,
0,2,,0.359882,0.265593,0.374524,,5500,,
0,0,,0.469391,0.323148,0.207461,,5500,,
0,1,,0.043895,0.534761,0.421344,,5400,,
0,2,,0.021256,0.052678,0.926066,,5300,,
0,1,,0.231678,0.393992,0.37433,,5500,,
0,2,,0.098384,0.28502,0.616596,,5500,,
0,2,,0.005702,0.445564,0.548734,,5400,,
0,2,,0.075297,0.102713,0.82199,,5400,,
0,2,,0.134513,0.066219,0.799268,,5400,,
0,2,,0.219693,0.10193,0.678377,,5500,,
0,2,,0.165945,0.110286,0.723769,,5400,,
0,2,,0.270675,0.098446,0.630878,,5500,,
0,2,,0.17662,0.157281,0.666099,,5400,,
0,2,,0.086969,0.077235,0.835796,,5400,,
0,1,,0.01759,0.543518,0.438892,,5500,,
0,2,,0.157132,0.411355,0.431513,,5400,,
0,2,,0.008165,0.247737,0.744098,,5400,,
0,2,,0.08516,0.07045,0.84439,,5400,,
0,2,,0.241275,0.084527,0.674198,,5400,,
0,2,,0.05364,0.277808,0.668551,,5400,,
0,2,,0.25346,0.264472,0.482068,,5500,,
0,2,,0.100301,0.208856,0.690842,,5300,,
0,1,,0.131723,0.475995,0.392282,,5500,,
0,1,,0.028629,0.557252,0.414119,,5400,,
0,2,,0.021271,0.202773,0.775956,,5400,,
0,0,,0.512827,0.195386,0.291787,,5400,,
0,2,,0.068542,0.187874,0.743584,,5400,,
0,2,,0.21168,0.233974,0.554346,,5600,,
0,2,,0.160342,0.200377,0.639281,,5500,,
0,2,,0.020412,0.423237,0.556351,,5400,,
0,2,,0.020799,0.091223,0.887978,,5300,,
0,2,,0.082961,0.193784,0.723255,,5400,,
0,2,,0.221911,0.156891,0.621197,,5400,,
0,0,,0.441089,0.198828,0.360083,,5400,,
0,1,,0.195549,0.406309,0.398142,,5400,,
0,1,,0.073647,0.547518,0.378835,,5400,,
0,2,,0.026197,0.144683,0.82912,,5400,,
0,1,,0.153879,0.463202,0.38292,,5500,,
0,2,,0.118613,0.21911,0.662277,,5300,,
0,1,,0.093808,0.471966,0.434227,,5600,,
0,2,,0.164218,0.113965,0.721818,,5400,,
0,2,,0.095062,0.228637,0.676301,,5300,,
0,2,,0.340939,0.175277,0.483785,,5400,,
0,2,,0.132748,0.166115,0.701137,,5400,,
0,2,,0.220145,0.279949,0.499906,,5500,,
0,2,,0.088953,0.276972,0.634076,,5500,,
0,2,,0.303637,0.110512,0.585851,,5400,,
0,1,,0.056308,0.506525,0.437167,,5400,,
0,2,,0.061292,0.201891,0.736817,,5400,,
0,2,,0.045283,0.119589,0.835128,,5300,,
0,2,,0.113597,0.251282,0.635121,,5500,,
0,2,,0.127512,0.080277,0.792212,,5400,,
0,2,,0.055746,0.206433,0.737822,,5400,,
0,2,,0.205925,0.165362,0.628713,,5400,,
0,2,,0.200684,0.357461,0.441855,,5500,,
0,2,,0.160741,0.118,0.721259,,5400,,
0,2,,0.189047,0.123697,0.687257,,5400,,
0,2,,0.059501,0.194758,0.745741,,5400,,
0,2,,0.187821,0.089792,0.722387,,5600,,
0,2,,0.115071,0.2768,0.608129,,5400,,
0,1,,0.092512,0.674181,0.233307,,5400,,
0,2,,0.066353,0.084063,0.849584,,5300,,
0,2,,0.128536,0.347991,0.523473,,5300,,
0,2,,0.259648,0.182386,0.557966,,5400,,
0,2,,0.160622,0.188794,0.650584,,5500,,
0,1,,0.077741,0.467802,0.454458,,5400,,
0,2,,0.302856,0.147494,0.549651,,5500,,
0,2,,0.079775,0.074381,0.845845,,5500,,
0,2,,0.038462,0.11989,0.841648,,5400,,
0,2,,0.352819,0.230877,0.416304,,5400,,
0,2,,0.1152,0.235369,0.649431,,5400,,
0,2,,0.06015,0.263616,0.676234,,5500,,
0,2,,0.268691,0.129772,0.601537,,5500,,
0,2,,0.089375,0.195941,0.714684,,5300,,
0,2,,0.158564,0.335483,0.505953,,5400,,
0,2,,0.111035,0.198181,0.690784,,5300,,
0,2,,0.168343,0.29384,0.537817,,5300,,
0,2,,0.103599,0.105245,0.791156,,5500,,
0,2,,0.079602,0.187651,0.732746,,5400,,
0,2,,0.186435,0.308547,0.505018,,5400,,
0,2,,0.143373,0.250328,0.606299,,5400,,
0,2,,0.198344,0.070261,0.731395,,5400,,
0,2,,0.265763,0.19346,0.540777,,5400,,
0,2,,0.237382,0.175456,0.587163,,5400,,
0,2,,0.020752,0.205648,0.7736,,5300,,
0,2,,0.056431,0.131416,0.812153,,5400,,
0,2,,0.232719,0.059026,0.708255,,5500,,
0,2,,0.190206,0.192858,0.616936,,5500,,
0,2,,0.116123,0.157885,0.725992,,5400,,
0,2,,0.267148,0.281274,0.451577,,5500,,
0,2,,0.033612,0.075824,0.890563,,5400,,
0,2,,0.174358,0.330694,0.494948,,5300,,
0,1,,0.15795,0.43526,0.40679,,5400,,
0,2,,0.03296,0.340418,0.626621,,5400,,
0,1,,0.011545,0.536368,0.452087,,5500,,
0,0,,0.382854,0.263661,0.353485,,5600,,
0,2,,0.273144,0.239084,0.487772,,5400,,
0,0,,0.594683,0.076762,0.328555,,5500,,
0,2,,0.263816,0.230733,0.505451,,5400,,
0,2,,0.124506,0.106221,0.769273,,5500,,
0,2,,0.028575,0.208248,0.763177,,5500,,
0,2,,0.210761,0.327779,0.46146,,5600,,
0,2,,0.048385,0.23344,0.718175,,5300,,
0,2,,0.044688,0.099934,0.855378,,5500,,
0,1,,0.320819,0.366394,0.312787,,5400,,
0,1,,0.049324,0.553968,0.396707,,5400,,
0,2,,0.185603,0.327329,0.487068,,5500,,
0,2,,0.292689,0.269294,0.438017,,5500,,
0,2,,0.221298,0.335573,0.44313,,5300,,
0,2,,0.302578,0.178785,0.518637,,5400,,
0,0,,0.589015,0.138849,0.272135,,5700,,
0,2,,0.281192,0.237104,0.481705,,5600,,
0,2,,0.164645,0.11434,0.721016,,5400,,
0,2,,0.210009,0.10304,0.686951,,5400,,
0,2,,0.033025,0.113434,0.853541,,5400,,
0,2,,0.071012,0.099418,0.829569,,5400,,
0,2,,0.175075,0.210637,0.614289,,5400,,
0,1,,0.062073,0.541422,0.396505,,5600,,
0,2,,0.124727,0.132361,0.742912,,5300,,
0,1,,0.187152,0.465575,0.347274,,5400,,
0,1,,0.122184,0.530776,0.347039,,5400,,
0,2,,0.239799,0.366502,0.393699,,5500,,
0,2,,0.112923,0.269688,0.617389,,5400,,
0,2,,0.180467,0.250056,0.569477,,5500,,
0,2,,0.330487,0.163587,0.505925,,5400,,
0,0,,0.478847,0.193565,0.327587,,5600,,
0,2,,0.197341,0.17087,0.631789,,5500,,
0,2,,0.05628,0.109961,0.833758,,5300,,
0,2,,0.078069,0.11682,0.805111,,5300,,
0,2,,0.225011,0.114122,0.660868,,5400,,
0,2,,0.103422,0.187523,0.709056,,5400,,
0,2,,0.138475,0.41323,0.448294,,5400,,
0,1,,0.205998,0.490248,0.303754,,5400,,
0,2,,0.288033,0.176344,0.535623,,5400,,
0,2,,0.258228,0.266283,0.475489,,5700,,
0,2,,0.3268,0.11447,0.558729,,5400,,
0,1,,0.169418,0.508341,0.32224,,5300,,
0,0,,0.480219,0.190377,0.329404,,5400,,
0,1,,0.171527,0.516237,0.312236,,5500,,
0,2,,0.085382,0.110564,0.804055,,5500,,
0,2,,0.315252,0.16573,0.519017,,5400,,
0,2,,0.121931,0.261341,0.616728,,5300,,
0,2,,0.065418,0.174205,0.760377,,5300,,
0,0,,0.569448,0.132215,0.298336,,5400,,
0,2,,0.160599,0.24372,0.595681,,5500,,
0,2,,0.165413,0.250415,0.584172,,5400,,
0,2,,0.081394,0.208408,0.710198,,6600,,
0,2,,0.166377,0.186164,0.647459,,5400,,
0,1,,0.034782,0.614078,0.35114,,7800,,
0,2,,0.074922,0.314368,0.61071,,5600,,
0,1,,0.138699,0.504647,0.356654,,5300,,
0,2,,0.212671,0.339796,0.447533,,5500,,
0,0,,0.416649,0.211423,0.371928,,5400,,
0,2,,0.307836,0.124188,0.567976,,5400,,
0,2,,0.059835,0.206264,0.733902,,5300,,
0,1,,0.181515,0.465532,0.352953,,5500,,
0,2,,0.169428,0.078969,0.751603,,5500,,
0,2,,0.145176,0.300797,0.554028,,5300,,
0,0,,0.459287,0.231836,0.308877,,5400,,
0,2,,0.330614,0.275164,0.394222,,5700,,
0,2,,0.230413,0.212242,0.557344,,5400,,
0,2,,0.223945,0.307854,0.468201,,5500,,
0,1,,0.247165,0.385324,0.367511,,5400,,
0,1,,0.136497,0.568825,0.294678,,5400,,
0,2,,0.032556,0.176713,0.790732,,5300,,
0,2,,0.044462,0.107634,0.847904,,5400,,
0,2,,0.001852,0.433385,0.564764,,5400,,
0,2,,0.261541,0.298941,0.439519,,5500,,
0,2,,0.121829,0.132393,0.745778,,5400,,
0,2,,0.053253,0.175846,0.7709,,5400,,
0,2,,0.027001,0.069045,0.903954,,5300,,
0,2,,0.027611,0.155603,0.816786,,5300,,
0,2,,0.295042,0.24908,0.455878,,5400,,
0,2,,0.143342,0.066817,0.789841,,5400,,
0,2,,0.278649,0.357609,0.363742,,5600,,
0,2,,0.422472,0.087258,0.49027,,5500,,
0,2,,0.123093,0.384331,0.492576,,5500,,
0,2,,0.009556,0.016738,0.973706,,5300,,
0,2,,0.060881,0.243596,0.695524,,5400,,
0,2,,0.055671,0.276616,0.667713,,5400,,
0,2,,0.101062,0.188866,0.710072,,5300,,
0,2,,0.063824,0.164863,0.771313,,5300,,
0,2,,0.238281,0.273357,0.488362,,5400,,
0,2,,0.062561,0.075823,0.861616,,5400,,
0,2,,0.087851,0.370456,0.541693,,5500,,
0,2,,0.251779,0.254853,0.493368,,5600,,
0,2,,0.181917,0.025001,0.793081,,5400,,
0,2,,0.138803,0.107807,0.75339,,5400,,
0,2,,0.27006,0.275954,0.453986,,5500,,
0,2,,0.251999,0.101688,0.646313,,5400,,
0,2,,0.272704,0.239051,0.488245,,5400,,
0,2,,0.036657,0.215894,0.747449,,5400,,
0,2,,0.098521,0.308268,0.593211,,5400,,
0,2,,0.23449,0.315065,0.450445,,5600,,
0,2,,0.303888,0.204513,0.491599,,5400,,
0,2,,0.228601,0.183985,0.587415,,5400,,
0,0,,0.508184,0.098608,0.393207,,5500,,
0,2,,0.157425,0.168472,0.674103,,5500,,
0,2,,0.055629,0.208238,0.736132,,5400,,
0,2,,0.200867,0.300924,0.498209,,5600,,
0,2,,0.058618,0.321118,0.620264,,5400,,
0,2,,0.38009,0.098884,0.521027,,5400,,
0,2,,0.252451,0.341478,0.406071,,5500,,
0,2,,0.318232,0.05608,0.625687,,5500,,
0,2,,0.277357,0.179138,0.543504,,5400,,
0,2,,0.041509,0.224157,0.734335,,5300,,
0,2,,0.030478,0.092281,0.877242,,5400,,
0,2,,0.219714,0.17614,0.604146,,5400,,
0,2,,0.160328,0.184363,0.65531,,5400,,
0,2,,0.112061,0.134278,0.753661,,5300,,
0,1,,0.162855,0.556912,0.280233,,5400,,
0,2,,0.261045,0.173599,0.565355,,5400,,
0,2,,0.154662,0.302505,0.542833,,5500,,
0,2,,0.04093,0.275562,0.683508,,5400,,
0,0,,0.561594,0.142485,0.295921,,5500,,
0,2,,0.086682,0.225698,0.68762,,5300,,
0,2,,0.343602,0.200443,0.455956,,5400,,
0,2,,0.054895,0.233722,0.711383,,5400,,
0,1,,0.127374,0.547002,0.325624,,5400,,
0,2,,0.052402,0.270992,0.676606,,5400,,
0,1,,0.239558,0.422677,0.337765,,5400,,
0,2,,0.404837,0.175291,0.419872,,5400,,
0,2,,0.012506,0.358727,0.628767,,5300,,
0,2,,0.273886,0.173496,0.552617,,5500,,
0,1,,0.244752,0.441372,0.313876,,5500,,
0,2,,0.094649,0.158109,0.747242,,5400,,
0,2,,0.373747,0.144376,0.481877,,5400,,
0,0,,0.376516,0.306415,0.317068,,5600,,
0,2,,0.202451,0.269341,0.528209,,5400,,
0,2,,0.156287,0.169581,0.674132,,5400,,
0,2,,0.159441,0.333599,0.50696,,5500,,
0,2,,0.373216,0.182773,0.44401,,5400,,
0,2,,0.24768,0.18338,0.568939,,5600,,
0,2,,0.198199,0.221718,0.580083,,5300,,
0,2,,0.291199,0.156715,0.552087,,5500,,
0,2,,0.030163,0.119992,0.849845,,5400,,
0,2,,0.188728,0.230938,0.580334,,5500,,
0,2,,0.108214,0.296061,0.595726,,5400,,
0,1,,0.095374,0.679956,0.22467,,5300,,
0,2,,0.126045,0.130014,0.743941,,5400,,
0,1,,0.237069,0.44917,0.313761,,5300,,
0,2,,0.04925,0.254064,0.696686,,5400,,
0,2,,0.320211,0.251527,0.428262,,5400,,
0,2,,0.271649,0.282216,0.446135,,5500,,
0,2,,0.10983,0.091972,0.798198,,5400,,
0,2,,0.141271,0.170242,0.688487,,5600,,
0,2,,0.010155,0.214245,0.7756,,5300,,
0,2,,0.031799,0.252011,0.71619,,5400,,
0,2,,0.033528,0.103468,0.863004,,5400,,
0,2,,0.105231,0.2691,0.625669,,5300,,
0,2,,0.302891,0.144785,0.552324,,5500,,
0,2,,0.049313,0.276752,0.673936,,5400,,
0,2,,0.055988,0.131385,0.812626,,5400,,
0,2,,0.071094,0.110491,0.818414,,5300,,
0,2,,0.059421,0.276968,0.663611,,5500,,
0,1,,0.188037,0.497688,0.314275,,5400,,
0,2,,0.069622,0.126805,0.803573,,5400,,
0,0,,0.440501,0.302307,0.257191,,5400,,
0,2,,0.408568,0.099038,0.492394,,5400,,
0,2,,0.372411,0.136956,0.490633,,5500,,
0,2,,0.140239,0.158562,0.701199,,5400,,
0,2,,0.089913,0.131772,0.778315,,5400,,
0,2,,0.105222,0.350092,0.544685,,5400,,
0,2,,0.097431,0.346825,0.555744,,5400,,
0,1,,0.07893,0.491472,0.429598,,5500,,
0,2,,0.167541,0.302497,0.529961,,5400,,
0,2,,0.020463,0.135121,0.844416,,5300,,
0,2,,0.188411,0.090834,0.720755,,5500,,
0,2,,0.103429,0.305948,0.590623,,5300,,
0,2,,0.13704,0.189278,0.673682,,5300,,
0,1,,0.275198,0.372677,0.352125,,5600,,
0,2,,0.351134,0.076264,0.572602,,5500,,
0,2,,0.255464,0.185897,0.55864,,5500,,
0,2,,0.299508,0.190105,0.510387,,5600,,
0,2,,0.111808,0.123735,0.764457,,5500,,
0,2,,0.076235,0.317535,0.60623,,5400,,
0,2,,0.076817,0.117272,0.805911,,5300,,
0,2,,0.148546,0.218198,0.633257,,5500,,
0,1,,0.220137,0.398212,0.38165,,5600,,
0,2,,0.156092,0.278015,0.565893,,5400,,
0,2,,0.079815,0.144911,0.775274,,5300,,
0,2,,0.236546,0.324458,0.438997,,5400,,
0,2,,0.033672,0.113969,0.852359,,5300,,
0,2,,0.315964,0.096962,0.587075,,5400,,
0,1,,0.009507,0.586632,0.403861,,5500,,
0,2,,0.053459,0.188181,0.75836,,5300,,
0,2,,0.073726,0.062603,0.86367,,5400,,
0,2,,0.436014,0.098175,0.465811,,5500,,
0,2,,0.229768,0.313928,0.456303,,5400,,
0,2,,0.120238,0.234026,0.645736,,5400,,
0,1,,0.110365,0.506522,0.383113,,5500,,
0,2,,0.060941,0.241184,0.697875,,5400,,
0,2,,0.328253,0.125305,0.546442,,5500,,
0,2,,0.180577,0.308276,0.511147,,5400,,
0,2,,0.160409,0.110503,0.729088,,5400,,
0,2,,0.189031,0.317741,0.493228,,5400,,
0,2,,0.316096,0.162775,0.521129,,5500,,
0,1,,0.186587,0.65278,0.160634,,5400,,
0,2,,0.215298,0.37826,0.406442,,5400,,
0,2,,0.196715,0.387747,0.415537,,5500,,
0,1,,0.035302,0.581831,0.382867,,5400,,
0,2,,0.192618,0.285228,0.522154,,5400,,
0,1,,0.148849,0.442534,0.408617,,5400,,
0,2,,0.021952,0.186212,0.791836,,5400,,
0,2,,0.404615,0.061608,0.533777,,5400,,
0,2,,0.037244,0.041131,0.921625,,5300,,
0,2,,0.146166,0.306037,0.547797,,5400,,
0,2,,0.123333,0.147753,0.728914,,5500,,
0,2,,0.099614,0.068788,0.831598,,5400,,
0,2,,0.018805,0.41948,0.561715,,5300,,
0,2,,0.074968,0.081295,0.843737,,5400,,
0,1,,0.102335,0.637668,0.259998,,5300,,
0,2,,0.125666,0.417431,0.456904,,5500,,
0,2,,0.072642,0.139166,0.788193,,5400,,
0,2,,0.04542,0.30505,0.64953,,5300,,
0,2,,0.135595,0.264518,0.599888,,5500,,
0,2,,0.066325,0.43664,0.497035,,5600,,
0,0,,0.592645,0.125905,0.281451,,5500,,
0,2,,0.031301,0.131888,0.836811,,6700,,
0,2,,0.147053,0.253153,0.599794,,5400,,
0,2,,0.1465,0.142113,0.711387,,5400,,
0,2,,0.004012,0.118748,0.87724,,5400,,
0,2,,0.138967,0.093031,0.768002,,5400,,
0,2,,0.085513,0.11631,0.798177,,5300,,
0,0,,0.807858,0.040545,0.151598,,5500,,
0,2,,0.159167,0.200274,0.640558,,5400,,
0,2,,0.113704,0.380932,0.505364,,5400,,
0,2,,0.202231,0.141164,0.656605,,5500,,
0,2,,0.080687,0.18342,0.735893,,5400,,
0,2,,0.33387,0.197254,0.468876,,5400,,
0,2,,0.081391,0.191646,0.726963,,5400,,
0,1,,0.248311,0.524206,0.227483,,5500,,
0,0,,0.577718,0.110071,0.312211,,5500,,
0,2,,0.079533,0.314034,0.606433,,5400,,
0,1,,0.048379,0.514941,0.436681,,5500,,
0,1,,0.086537,0.608683,0.30478,,5400,,
0,2,,0.166818,0.375813,0.457369,,5300,,
0,2,,0.179264,0.325486,0.49525,,5400,,
0,2,,0.016937,0.118846,0.864217,,5400,,
0,2,,0.194131,0.391052,0.414818,,5400,,
0,2,,0.086314,0.22918,0.684507,,5300,,
0,2,,0.124376,0.120921,0.754703,,5400,,
0,2,,0.331241,0.086531,0.582228,,5500,,
0,2,,0.304534,0.256793,0.438673,,5600,,
0,1,,0.154452,0.432571,0.412976,,5500,,
0,2,,0.125601,0.096365,0.778035,,5400,,
0,2,,0.016872,0.418638,0.56449,,5600,,
0,2,,0.062041,0.354251,0.583708,,5500,,
0,2,,0.088772,0.072588,0.83864,,5500,,
0,2,,0.293419,0.335722,0.370859,,5500,,
0,0,,0.542726,0.250706,0.206568,,5500,,
0,2,,0.061684,0.273922,0.664393,,5300,,
0,2,,0.091443,0.147802,0.760755,,5400,,
0,2,,0.177381,0.229493,0.593126,,5500,,
0,2,,0.18119,0.147296,0.671515,,5500,,
0,2,,0.152518,0.359304,0.488178,,5500,,
0,2,,0.144441,0.344774,0.510784,,5300,,
0,2,,0.026613,0.257329,0.716058,,5400,,
0,2,,0.349965,0.260931,0.389104,,5500,,
0,1,,0.222624,0.553802,0.223574,,5400,,
0,2,,0.078087,0.056119,0.865794,,5500,,
0,2,,0.218083,0.349144,0.432773,,5400,,
0,0,,0.437765,0.314426,0.247808,,5400,,
0,2,,0.352337,0.131624,0.516039,,5500,,
0,1,,0.206148,0.425292,0.36856,,5400,,
0,2,,0.150151,0.409359,0.44049,,5400,,
0,2,,0.231427,0.184806,0.583767,,5400,,
0,2,,0.206933,0.219623,0.573444,,5500,,
0,2,,0.195915,0.125902,0.678182,,5400,,
0,2,,0.282036,0.210095,0.507869,,5400,,
0,1,,0.041589,0.735918,0.222492,,5500,,
0,2,,0.019308,0.169214,0.811478,,5400,,
0,2,,0.265142,0.287504,0.447354,,5400,,
0,2,,0.13126,0.273558,0.595182,,5300,,
0,1,,0.047462,0.653239,0.299298,,5400,,
0,2,,0.067996,0.348907,0.583097,,5400,,
0,2,,0.295694,0.143247,0.561059,,5400,,
0,2,,0.118632,0.197141,0.684227,,5300,,
0,2,,0.041589,0.110597,0.847815,,5300,,
0,2,,0.169962,0.264606,0.565432,,5400,,
0,2,,0.180758,0.368863,0.45038,,5400,,
0,2,,0.120806,0.042716,0.836477,,5300,,
0,2,,0.074312,0.050506,0.875182,,5500,,
0,2,,0.360106,0.191169,0.448725,,5400,,
0,2,,0.369917,0.234736,0.395348,,5500,,
0,2,,0.134496,0.392893,0.472611,,5400,,
0,2,,0.083168,0.26364,0.653192,,5300,,
0,2,,0.001842,0.478044,0.520114,,5500,,
0,1,,0.179961,0.45179,0.368249,,5500,,
0,2,,0.049417,0.103162,0.847422,,5400,,
0,2,,0.347985,0.168332,0.483683,,5400,,
0,2,,0.115518,0.348149,0.536333,,5400,,
0,2,,0.056367,0.116468,0.827166,,5300,,
0,0,,0.502408,0.215222,0.28237,,5500,,
0,2,,0.281271,0.113333,0.605396,,5400,,
0,2,,0.041592,0.031119,0.927289,,5500,,
0,2,,0.145215,0.411591,0.443194,,5500,,
0,1,,0.000904,0.606293,0.392803,,5500,,
0,2,,0.109944,0.308701,0.581355,,5500,,
0,2,,0.089896,0.156815,0.753289,,5300,,
0,2,,0.265161,0.158288,0.576551,,5400,,
0,2,,0.076633,0.160766,0.762601,,5400,,
0,2,,0.116427,0.325418,0.558155,,5600,,
0,2,,0.229732,0.319681,0.450588,,5400,,
0,2,,0.07527,0.107377,0.817353,,5300,,
0,2,,0.039948,0.186899,0.773154,,5400,,
0,2,,0.288102,0.225058,0.48684,,5600,,
0,1,,0.0962,0.755742,0.148058,,5400,,
0,0,,0.47809,0.286687,0.235223,,5400,,
0,2,,0.088179,0.090239,0.821582,,5400,,
0,2,,0.323837,0.189433,0.48673,,5300,,
0,2,,0.093682,0.184632,0.721686,,5400,,
0,1,,0.103101,0.670514,0.226386,,5300,,
0,2,,0.277286,0.221633,0.501082,,5400,,
0,2,,0.168285,0.228013,0.603703,,5300,,
0,2,,0.379314,0.223067,0.397619,,5500,,
0,2,,0.365863,0.221158,0.412979,,5600,,
0,1,,0.09604,0.579316,0.324643,,5500,,
0,2,,0.374736,0.106055,0.519209,,5400,,
0,2,,0.2971,0.332518,0.370382,,5500,,
0,2,,0.172307,0.28337,0.544323,,5600,,
0,2,,0.051267,0.287672,0.661061,,5300,,
0,2,,0.063424,0.244298,0.692278,,5300,,
0,0,,0.441245,0.291442,0.267313,,5400,,
0,2,,0.176586,0.327096,0.496318,,5400,,
0,2,,0.147117,0.125489,0.727395,,5400,,
0,2,,0.193932,0.29407,0.511998,,5400,,
0,2,,0.033558,0.255089,0.711353,,5400,,
0,2,,0.116366,0.116639,0.766995,,5500,,
0,2,,0.271913,0.330989,0.397098,,5400,,
0,2,,0.340588,0.144016,0.515396,,5400,,
0,2,,0.367296,0.228945,0.403759,,5300,,
0,2,,0.218281,0.196096,0.585623,,5400,,
0,2,,0.04036,0.246876,0.712764,,5400,,
0,2,,0.121916,0.15792,0.720165,,5300,,
0,2,,0.022569,0.306936,0.670495,,5400,,
0,2,,0.429728,0.060106,0.510166,,5500,,
0,2,,0.081455,0.198463,0.720082,,5400,,
0,1,,0.13234,0.494115,0.373544,,5400,,
0,1,,0.156309,0.532824,0.310867,,5400,,
0,2,,0.165529,0.141803,0.692668,,5400,,
0,2,,0.038596,0.219548,0.741856,,5400,,
0,2,,0.224972,0.183711,0.591317,,5400,,
0,2,,0.01913,0.162025,0.818844,,5400,,
0,2,,0.386404,0.053996,0.5596,,5400,,
0,2,,0.147185,0.112759,0.740056,,5400,,
0,2,,0.211075,0.175885,0.613041,,5400,,
0,0,,0.365457,0.307738,0.326806,,5400,,
0,2,,0.022892,0.226714,0.750394,,5400,,
0,1,,0.0415,0.825555,0.132945,,5500,,
0,2,,0.20492,0.087073,0.708007,,5400,,
0,2,,0.100539,0.159979,0.739482,,5500,,
0,2,,0.206519,0.205411,0.58807,,5400,,
0,2,,0.205777,0.260052,0.534171,,5400,,
0,2,,0.200322,0.324353,0.475325,,5400,,
0,2,,0.311891,0.139638,0.548471,,5400,,
0,2,,0.226699,0.174898,0.598402,,5400,,
0,2,,0.180547,0.100439,0.719014,,5400,,
0,2,,0.286784,0.171644,0.541572,,5400,,
0,2,,0.273603,0.188882,0.537515,,5700,,
0,1,,0.250763,0.44593,0.303308,,5400,,
0,2,,0.232284,0.295614,0.472102,,5500,,
0,2,,0.26086,0.189056,0.550085,,5600,,
0,2,,0.213814,0.167875,0.618311,,5400,,
0,2,,0.094611,0.066587,0.838802,,5400,,
0,1,,0.252238,0.391245,0.356517,,5500,,
0,2,,0.110365,0.138767,0.750868,,5400,,
0,1,,0.055633,0.574745,0.369622,,5600,,
0,2,,0.095125,0.121611,0.783265,,5500,,
0,2,,0.072826,0.175198,0.751976,,5400,,
0,2,,0.045282,0.065327,0.889391,,5400,,
0,2,,0.22315,0.180639,0.596211,,5400,,
0,2,,0.096328,0.402833,0.500839,,5400,,
0,2,,0.0278,0.137096,0.835104,,5400,,
0,2,,0.185581,0.369616,0.444803,,5400,,
0,2,,0.161192,0.331126,0.507682,,5300,,
0,1,,0.065576,0.583321,0.351104,,5400,,
0,2,,0.175833,0.411029,0.413138,,5500,,
0,2,,0.072274,0.12646,0.801266,,5500,,
0,2,,0.129163,0.179511,0.691325,,5300,,
0,2,,0.147923,0.248232,0.603845,,5300,,
0,1,,0.000462,0.546328,0.453211,,5400,,
0,0,,0.39912,0.314919,0.285961,,5500,,
0,2,,0.087589,0.150722,0.761689,,5500,,
0,2,,0.140579,0.287073,0.572348,,5300,,
0,2,,0.071301,0.296364,0.632335,,5500,,
0,2,,0.194296,0.129982,0.675722,,5400,,
0,2,,0.077305,0.186957,0.735738,,5300,,
0,1,,0.187468,0.495652,0.31688,,5400,,
0,1,,0.069839,0.554908,0.375253,,5400,,
0,2,,0.245427,0.362328,0.392245,,5500,,
0,2,,0.214916,0.336566,0.448517,,6400,,
0,2,,0.099616,0.395375,0.505009,,5300,,
0,2,,0.333195,0.171799,0.495006,,5400,,
0,2,,0.211568,0.224983,0.563449,,5400,,
0,2,,0.079088,0.109046,0.811866,,5400,,
0,2,,0.009207,0.48801,0.502783,,5500,,
0,2,,0.406954,0.085733,0.507313,,5500,,
0,2,,0.057237,0.103797,0.838966,,5400,,
0,2,,0.070367,0.362395,0.567238,,5300,,
0,2,,0.08501,0.140349,0.774641,,5500,,
0,2,,0.087466,0.218792,0.693742,,5400,,
0,2,,0.138072,0.225391,0.636537,,5500,,
0,2,,0.155518,0.134107,0.710376,,5400,,
0,1,,0.153221,0.492856,0.353922,,5400,,
0,2,,0.129661,0.222308,0.648031,,5300,,
0,2,,0.193553,0.264856,0.541592,,5700,,
0,2,,0.07532,0.365995,0.558685,,5400,,
0,2,,0.054939,0.152065,0.792997,,5400,,
0,0,,0.440014,0.186509,0.373477,,5600,,
0,2,,0.177449,0.17261,0.649942,,5600,,
0,2,,0.069664,0.447007,0.483329,,5300,,
0,2,,0.133965,0.155648,0.710387,,5300,,
0,2,,0.275343,0.222851,0.501806,,5400,,
0,2,,0.096008,0.1834,0.720592,,5300,,
0,1,,0.141239,0.618606,0.240156,,5500,,
0,1,,0.054612,0.599533,0.345855,,5400,,
0,2,,0.009772,0.136662,0.853566,,5300,,
0,2,,0.036003,0.148237,0.81576,,5400,,
0,2,,0.234492,0.111213,0.654295,,5400,,
0,2,,0.08099,0.335873,0.583137,,5300,,
0,2,,0.160008,0.061929,0.778063,,5500,,
0,2,,0.040917,0.355148,0.603935,,5300,,
0,2,,0.136639,0.191796,0.671565,,5400,,
0,0,,0.489375,0.162642,0.347983,,5400,,
0,2,,0.247984,0.120582,0.631434,,5400,,
0,2,,0.056049,0.19152,0.752431,,5300,,
0,2,,0.202563,0.364946,0.432491,,5400,,
0,2,,0.117171,0.214182,0.668647,,5400,,
0,2,,0.041634,0.310212,0.648154,,5400,,
0,1,,0.189187,0.496762,0.314051,,5400,,
0,2,,0.017787,0.037503,0.94471,,5400,,
0,2,,0.037276,0.05127,0.911453,,5400,,
0,0,,0.447229,0.154501,0.398271,,5500,,
0,0,,0.42187,0.256368,0.321762,,5400,,
0,2,,0.384893,0.172295,0.442812,,5500,,
0,2,,0.066441,0.067672,0.865887,,5400,,
0,1,,0.208153,0.462526,0.329321,,5500,,
0,2,,0.187626,0.336626,0.475748,,5400,,
0,2,,0.016756,0.180282,0.802962,,5500,,
0,2,,0.001628,0.436597,0.561775,,5300,,
0,1,,0.244607,0.497631,0.257762,,5400,,
0,2,,0.064635,0.295927,0.639438,,5300,,
0,2,,0.044145,0.050037,0.905818,,5300,,
0,1,,0.078804,0.460726,0.46047,,5400,,
0,2,,0.253381,0.136639,0.60998,,5500,,
0,2,,0.134425,0.096334,0.769241,,5500,,
0,2,,0.176003,0.188934,0.635063,,5500,,
0,2,,0.151346,0.109898,0.738756,,5400,,
0,2,,0.219382,0.137383,0.643235,,5400,,
0,2,,0.05122,0.421957,0.526823,,5400,,
0,2,,0.089905,0.053644,0.856451,,5400,,
0,2,,0.359732,0.132003,0.508265,,5400,,
0,2,,0.19489,0.176625,0.628485,,5400,,
0,0,,0.449291,0.230899,0.31981,,5500,,
0,2,,0.026653,0.101929,0.871418,,5500,,
0,1,,0.122841,0.57907,0.298088,,5600,,
0,2,,0.151382,0.335731,0.512888,,5400,,
0,2,,0.164851,0.205536,0.629613,,5500,,
0,2,,0.089026,0.140325,0.770649,,5400,,
0,1,,0.12817,0.608961,0.262869,,5400,,
0,2,,0.013778,0.194898,0.791324,,5400,,
0,1,,0.091944,0.68884,0.219216,,5400,,
0,2,,0.315362,0.179131,0.505507,,5400,,
0,2,,0.051816,0.070709,0.877475,,5400,,
0,2,,0.084022,0.350553,0.565425,,5500,,
0,2,,0.13618,0.173903,0.689917,,5400,,
0,2,,0.167861,0.285032,0.547107,,5400,,
0,0,,0.486363,0.150675,0.362963,,5600,,
0,1,,0.358064,0.458504,0.183431,,5500,,
0,2,,0.261889,0.269286,0.468825,,5400,,
0,2,,0.355782,0.128042,0.516175,,5600,,
0,2,,0.115571,0.215604,0.668825,,5500,,
0,2,,0.226739,0.174546,0.598715,,5400,,
0,2,,0.143305,0.35153,0.505165,,5400,,
0,2,,0.225394,0.26544,0.509166,,5500,,
0,2,,0.210081,0.11215,0.67777,,5400,,
0,2,,0.066787,0.139071,0.794142,,5400,,
0,2,,0.257086,0.17833,0.564584,,5700,,
0,0,,0.493064,0.201305,0.305631,,5600,,
0,2,,0.199016,0.174587,0.626397,,5400,,
0,2,,0.146855,0.323619,0.529526,,5300,,
0,2,,0.206194,0.302253,0.491554,,5500,,
0,2,,0.279172,0.087078,0.63375,,5500,,
0,1,,0.053786,0.515851,0.430363,,5400,,
0,2,,0.147916,0.31099,0.541095,,5400,,
0,2,,0.094689,0.446885,0.458426,,5500,,
0,2,,0.162154,0.394938,0.442908,,5500,,
0,2,,0.096586,0.41769,0.485724,,5400,,
0,1,,0.150855,0.565298,0.283847,,5400,,
0,0,,0.479615,0.133382,0.387003,,5500,,
0,2,,0.172469,0.105546,0.721984,,5400,,
0,2,,0.222202,0.251255,0.526544,,5500,,
0,2,,0.049893,0.089513,0.860594,,5300,,
0,2,,0.158194,0.195918,0.645888,,5300,,
0,2,,0.217184,0.12104,0.661776,,5400,,
0,1,,0.111685,0.610152,0.278163,,5500,,
0,2,,0.084009,0.273093,0.642897,,5400,,
0,2,,0.149092,0.12284,0.728068,,5400,,
0,2,,0.13869,0.218793,0.642517,,5500,,
0,2,,0.318034,0.06327,0.618695,,5500,,
0,2,,0.106595,0.26121,0.632195,,5400,,
0,2,,0.233034,0.33913,0.427836,,5400,,
0,1,,0.168449,0.417028,0.414523,,5500,,
0,1,,0.06896,0.585772,0.345267,,5400,,
0,2,,0.092013,0.071784,0.836203,,5400,,
0,2,,0.206766,0.311527,0.481707,,5300,,
0,2,,0.05688,0.335108,0.608012,,5400,,
0,2,,0.222273,0.050276,0.727451,,5400,,
0,2,,0.138917,0.148658,0.712426,,5400,,
0,2,,0.369641,0.201783,0.428577,,5300,,
0,2,,0.039939,0.244454,0.715607,,5400,,
0,2,,0.331455,0.092622,0.575923,,5400,,
0,1,,0.003316,0.621956,0.374729,,5400,,
0,2,,0.042822,0.349847,0.607331,,5400,,
0,2,,0.095542,0.107513,0.796945,,5400,,
0,2,,0.095968,0.38229,0.521742,,5400,,
0,2,,0.210106,0.362339,0.427554,,5500,,
0,2,,0.112081,0.176845,0.711074,,5300,,
0,2,,0.093354,0.212983,0.693663,,5400,,
0,2,,0.008184,0.158707,0.833109,,5400,,
0,2,,0.151624,0.139393,0.708983,,5400,,
0,1,,0.029988,0.773671,0.196341,,5400,,
0,2,,0.136731,0.168717,0.694552,,5400,,
0,2,,0.077969,0.134324,0.787707,,5400,,
0,2,,0.109458,0.160695,0.729847,,5300,,
0,2,,0.136731,0.187371,0.675898,,5600,,
0,2,,0.204313,0.129005,0.666683,,5500,,
0,2,,0.074798,0.276965,0.648237,,5300,,
0,1,,0.281773,0.566079,0.152147,,5500,,
0,2,,0.103828,0.32164,0.574532,,5400,,
0,2,,0.189262,0.34545,0.465288,,5300,,
0,2,,0.322902,0.155422,0.521676,,5600,,
0,2,,0.298754,0.123094,0.578153,,5400,,
0,2,,0.033919,0.463444,0.502637,,5400,,
0,2,,0.177381,0.390329,0.432289,,5400,,
0,2,,0.142065,0.228628,0.629307,,5400,,
0,2,,0.071513,0.167588,0.760899,,5300,,
0,2,,0.093344,0.345626,0.56103,,5500,,
0,2,,0.14702,0.257999,0.594982,,5400,,
0,2,,0.074588,0.084964,0.840448,,5500,,
0,2,,0.284241,0.176582,0.539177,,5400,,
0,2,,0.068029,0.091513,0.840458,,5400,,
0,2,,0.307138,0.288832,0.40403,,5400,,
0,2,,0.179814,0.346857,0.473329,,5300,,
0,2,,0.029908,0.334241,0.63585,,5400,,
0,2,,0.197091,0.266113,0.536796,,6200,,
0,2,,0.180636,0.293255,0.526108,,5500,,
0,2,,0.110015,0.063158,0.826827,,5400,,
0,2,,0.114696,0.118634,0.766671,,5400,,
0,2,,0.087786,0.228361,0.683853,,5300,,
0,2,,0.102856,0.376857,0.520287,,5400,,
0,2,,0.090057,0.2817,0.628243,,5400,,
0,0,,0.469844,0.273309,0.256848,,5400,,
0,2,,0.116862,0.11751,0.765628,,5400,,
0,1,,0.077001,0.498573,0.424426,,5400,,
0,2,,0.088507,0.402105,0.509387,,5400,,
0,2,,0.124476,0.406752,0.468771,,5400,,
0,2,,0.27176,0.281205,0.447035,,5400,,
0,1,,0.001253,0.634823,0.363924,,5600,,
0,2,,0.128819,0.418865,0.452316,,5300,,
0,1,,0.146933,0.571568,0.281499,,5400,,
0,2,,0.042045,0.089321,0.868634,,5400,,
0,2,,0.217738,0.340444,0.441818,,5400,,
0,2,,0.240185,0.265702,0.494112,,6500,,
0,2,,0.180985,0.072648,0.746367,,5600,,
0,2,,0.110215,0.333727,0.556058,,5400,,
0,0,,0.384869,0.26931,0.345821,,5500,,
0,1,,0.171325,0.5748,0.253875,,5500,,
0,2,,0.221103,0.359662,0.419235,,5500,,
0,2,,0.128933,0.27266,0.598407,,5300,,
0,0,,0.518133,0.186451,0.295416,,5500,,
0,2,,0.134027,0.209245,0.656728,,5400,,
0,2,,0.099153,0.133538,0.767309,,5400,,
0,2,,0.101745,0.365644,0.532611,,5400,,
0,2,,0.101506,0.178841,0.719653,,5300,,
0,2,,0.106189,0.219826,0.673985,,5300,,
0,2,,0.17178,0.318564,0.509656,,5400,,
0,2,,0.187515,0.154182,0.658303,,5600,,
0,2,,0.182691,0.315393,0.501916,,5400,,
0,2,,0.062489,0.156239,0.781272,,5400,,
0,2,,0.100115,0.169574,0.73031,,5400,,
0,2,,0.34114,0.267955,0.390905,,5400,,
0,2,,0.178442,0.174018,0.64754,,5500,,
0,1,,0.155019,0.542662,0.302319,,5300,,
0,0,,0.51752,0.062592,0.419888,,5600,,
0,2,,0.1398,0.314036,0.546165,,5400,,
0,2,,0.048372,0.419555,0.532073,,5400,,
0,2,,0.077962,0.256658,0.66538,,5300,,
0,2,,0.180297,0.34054,0.479162,,5400,,
0,2,,0.057519,0.183871,0.758611,,5300,,
0,2,,0.051965,0.08111,0.866925,,5400,,
0,2,,0.291444,0.267922,0.440634,,5400,,
0,2,,0.094456,0.071807,0.833737,,5400,,
0,1,,0.181475,0.470731,0.347794,,5500,,
0,2,,0.145702,0.236859,0.617438,,5400,,
0,1,,0.301322,0.352745,0.345933,,5600,,
0,1,,0.052075,0.59185,0.356075,,5400,,
0,2,,0.183287,0.154462,0.662251,,5400,,
0,0,,0.385733,0.316631,0.297636,,5400,,
0,2,,0.161615,0.052898,0.785487,,5400,,
0,2,,0.104668,0.153099,0.742234,,5300,,
0,2,,0.076392,0.065504,0.858104,,5300,,
0,1,,0.12762,0.616461,0.255919,,5500,,
0,2,,0.117793,0.153008,0.729199,,5300,,
0,1,,0.110429,0.512942,0.37663,,5400,,
0,2,,0.079857,0.098297,0.821846,,5400,,
0,2,,0.027744,0.138336,0.83392,,5300,,
0,2,,0.296988,0.072521,0.630491,,5500,,
0,2,,0.275497,0.329553,0.39495,,5600,,
0,2,,0.113931,0.32734,0.55873,,5400,,
0,2,,0.104524,0.35862,0.536856,,5600,,
0,2,,0.107969,0.137022,0.755009,,5400,,
0,1,,0.196428,0.425381,0.378192,,5400,,
0,1,,0.12602,0.49354,0.38044,,5400,,
0,1,,0.072046,0.479067,0.448887,,5500,,
0,1,,0.181135,0.428011,0.390853,,5400,,
0,2,,0.296029,0.098874,0.605097,,5400,,
0,2,,0.175373,0.30416,0.520468,,5400,,
0,2,,0.259298,0.240349,0.500353,,5400,,
0,2,,0.079067,0.066726,0.854207,,5400,,
0,2,,0.001695,0.401844,0.596461,,5400,,
0,2,,0.252063,0.278661,0.469276,,5400,,
0,2,,0.115359,0.201348,0.683293,,5400,,
0,2,,0.291091,0.229566,0.479343,,5400,,
0,2,,0.296262,0.173657,0.530081,,5400,,
0,2,,0.255939,0.190266,0.553794,,5500,,
0,2,,0.126881,0.094929,0.778191,,5400,,
0,2,,0.090326,0.179266,0.730408,,5400,,
0,2,,0.280188,0.138238,0.581575,,5400,,
0,2,,0.191389,0.189482,0.619128,,5500,,
0,0,,0.364381,0.318302,0.317317,,5400,,
0,2,,0.116601,0.357238,0.526161,,5500,,
0,2,,0.273443,0.137393,0.589165,,5400,,
0,1,,0.110134,0.470516,0.41935,,5400,,
0,2,,0.003017,0.204073,0.792909,,5500,,
0,2,,0.062344,0.426213,0.511443,,5300,,
0,2,,0.056755,0.113306,0.829939,,5400,,
0,2,,0.192041,0.175432,0.632527,,5500,,
0,2,,0.028283,0.356284,0.615433,,5500,,
0,1,,0.246425,0.410051,0.343524,,5300,,
0,2,,0.20234,0.233896,0.563764,,5600,,
0,2,,0.124302,0.147898,0.727801,,5500,,
0,2,,0.10725,0.390307,0.502443,,5300,,
0,2,,0.37916,0.22168,0.39916,,5500,,
0,2,,0.291191,0.233975,0.474834,,5500,,
0,2,,0.115362,0.184228,0.70041,,5300,,
0,2,,0.328663,0.167682,0.503656,,5400,,
0,2,,0.128302,0.192687,0.679011,,5500,,
0,2,,0.088262,0.305985,0.605752,,5400,,
0,2,,0.172329,0.111511,0.71616,,5500,,
0,2,,0.248705,0.155717,0.595577,,5400,,
0,0,,0.38678,0.249547,0.363673,,5400,,
0,2,,0.02848,0.07919,0.89233,,5400,,
0,2,,0.201629,0.278657,0.519713,,5400,,
0,2,,0.241725,0.264791,0.493484,,5400,,
0,1,,0.327799,0.484265,0.187936,,5500,,
0,2,,0.182613,0.135952,0.681435,,5400,,
0,2,,0.079466,0.39385,0.526684,,5500,,
0,2,,0.029497,0.186193,0.78431,,5400,,
0,2,,0.086526,0.191755,0.721719,,5300,,
0,2,,0.180993,0.214074,0.604932,,5300,,
0,1,,0.133289,0.435187,0.431523,,5500,,
0,1,,0.205561,0.515299,0.27914,,5400,,
0,2,,0.032548,0.111482,0.85597,,5400,,
0,2,,0.196613,0.334526,0.468862,,5400,,
0,2,,0.083116,0.200254,0.71663,,5400,,
0,2,,0.21721,0.149587,0.633203,,5400,,
0,2,,0.302055,0.110352,0.587594,,5400,,
0,1,,0.148232,0.440563,0.411204,,5400,,
0,2,,0.14191,0.381542,0.476548,,5500,,
0,2,,0.056869,0.252667,0.690464,,5400,,
0,2,,0.334289,0.115038,0.550674,,5400,,
0,2,,0.151597,0.234458,0.613945,,5300,,
0,2,,0.038396,0.06107,0.900534,,5400,,
0,2,,0.272888,0.107972,0.619139,,5400,,
0,2,,0.208208,0.172146,0.619646,,5400,,
0,1,,0.213542,0.456959,0.329499,,5400,,
0,2,,0.301583,0.169425,0.528992,,5400,,
0,2,,0.312476,0.151469,0.536056,,5400,,
0,0,,0.476261,0.173177,0.350562,,5600,,
0,2,,0.296571,0.28895,0.414479,,5800,,
0,2,,0.161191,0.090205,0.748604,,5400,,
0,2,,0.185241,0.225034,0.589725,,5500,,
0,2,,0.27654,0.131107,0.592353,,5400,,
0,0,,0.674005,0.076421,0.249573,,5500,,
0,0,,0.480793,0.241218,0.277989,,5500,,
0,2,,0.143188,0.075911,0.780901,,5400,,
0,2,,0.030217,0.085599,0.884184,,5400,,
0,2,,0.215397,0.103044,0.681558,,5400,,
0,2,,0.10628,0.066507,0.827212,,5500,,
0,2,,0.12408,0.336271,0.53965,,5300,,
0,0,,0.460557,0.263218,0.276225,,5500,,
0,2,,0.173801,0.383679,0.44252,,5400,,
0,2,,0.157761,0.381362,0.460877,,5500,,
0,2,,0.072853,0.174662,0.752485,,5400,,
0,2,,0.403473,0.108425,0.488102,,5400,,
0,1,,0.142272,0.563084,0.294645,,5400,,
0,2,,0.153308,0.319447,0.527245,,5400,,
0,2,,0.084698,0.256851,0.658451,,5500,,
0,2,,0.012224,0.454713,0.533063,,5400,,
0,2,,0.345102,0.162716,0.492183,,5400,,
0,2,,0.181485,0.158728,0.659786,,5400,,
0,2,,0.027146,0.170838,0.802016,,5300,,
0,0,,0.783086,0.033929,0.182985,,5500,,
0,0,,0.602476,0.124785,0.272739,,5500,,
0,2,,0.065253,0.314961,0.619785,,5400,,
0,2,,0.234713,0.24703,0.518257,,5500,,
0,2,,0.17925,0.072772,0.747978,,5400,,
0,0,,0.431315,0.192551,0.376134,,5500,,
0,2,,0.148223,0.179732,0.672045,,5400,,
0,2,,0.086777,0.379852,0.533371,,5400,,
0,2,,0.101804,0.149049,0.749147,,5400,,
0,2,,0.373127,0.107515,0.519358,,5400,,
0,2,,0.071564,0.052869,0.875567,,5400,,
0,2,,0.161267,0.252447,0.586286,,5300,,
0,2,,0.164652,0.330869,0.504479,,5400,,
0,1,,0.100499,0.492748,0.406753,,5500,,
0,2,,0.145025,0.30737,0.547605,,5400,,
0,2,,0.098571,0.367381,0.534048,,5300,,
0,2,,0.193588,0.07658,0.729832,,5400,,
0,1,,0.124304,0.550471,0.325225,,5400,,
0,2,,0.171265,0.178688,0.650047,,5500,,
0,2,,0.091503,0.187655,0.720842,,5300,,
0,2,,0.25689,0.146248,0.596861,,5500,,
0,1,,0.186371,0.430206,0.383423,,5400,,
0,2,,0.118376,0.16216,0.719465,,5400,,
0,2,,0.193876,0.160927,0.645196,,5500,,
0,2,,0.061387,0.295011,0.643602,,5300,,
0,0,,0.472909,0.208886,0.318205,,5400,,
0,1,,0.328142,0.359478,0.31238,,5500,,
0,2,,0.092213,0.244823,0.662964,,5300,,
0,2,,0.088409,0.302613,0.608977,,5300,,
0,2,,0.303048,0.173233,0.523719,,5400,,
0,2,,0.107857,0.137083,0.755061,,5300,,
0,2,,0.261781,0.352284,0.385935,,5400,,
0,2,,0.040785,0.129706,0.829509,,5300,,
0,2,,0.089434,0.311043,0.599523,,6400,,
0,1,,0.179303,0.44835,0.372346,,5500,,
0,2,,0.177221,0.295296,0.527483,,5400,,
0,2,,0.325353,0.168321,0.506326,,5300,,
0,2,,0.192488,0.329414,0.478098,,5400,,
0,2,,0.275496,0.140638,0.583867,,5400,,
0,2,,0.264537,0.162719,0.572745,,5500,,
0,2,,0.302421,0.090987,0.606592,,5400,,
