connect-4,Randf,test,4,NANOSECONDS,PREDICTIONS, Generated by ClassifierExperiments.java on 2022-05-16 12:45:50.    SYSTEMPROPERTIES:{user.name:matth,os.arch:amd64,os.name:Windows 10},ENDSYSTEMPROPERTIES
No parameter info
0.7223949082297217,33424600,81468800,-1,0,3,,-1,-1
0,2,,0.063034,0.084662,0.852303,,7700,,
0,2,,0.095107,0.15572,0.749173,,5600,,
0,0,,0.5105,0.121373,0.368127,,5900,,
0,2,,0.284102,0.158982,0.556917,,5600,,
0,2,,0.242199,0.257247,0.500554,,5500,,
0,2,,0.137411,0.132445,0.730145,,5400,,
0,2,,0.199586,0.226255,0.574159,,5600,,
0,1,,0.181776,0.442813,0.375411,,7600,,
0,2,,0.153502,0.150443,0.696055,,5600,,
0,2,,0.097156,0.34483,0.558013,,5300,,
0,0,,0.494934,0.212916,0.29215,,5500,,
0,1,,0.25798,0.390544,0.351477,,5500,,
0,2,,0.344825,0.132022,0.523153,,5500,,
0,2,,0.020025,0.13353,0.846445,,5300,,
0,0,,0.452283,0.365449,0.182268,,5600,,
0,1,,0.218645,0.405059,0.376296,,5400,,
0,1,,0.227517,0.42994,0.342543,,5300,,
0,2,,0.086289,0.333729,0.579982,,5500,,
0,2,,0.007569,0.021974,0.970457,,5400,,
0,2,,0.027467,0.050793,0.921739,,5300,,
0,1,,0.134125,0.596497,0.269377,,5300,,
0,2,,0.160263,0.167802,0.671936,,5300,,
0,2,,0.238145,0.16181,0.600045,,5400,,
0,2,,0.06957,0.263353,0.667077,,5300,,
0,1,,0.183105,0.612343,0.204552,,5400,,
0,2,,0.175352,0.115339,0.709309,,5400,,
0,1,,0.007541,0.769201,0.223258,,5400,,
0,2,,0.185291,0.351806,0.462903,,5300,,
0,2,,0.060961,0.120665,0.818374,,5400,,
0,1,,0.13508,0.520233,0.344688,,5400,,
0,2,,0.13613,0.324123,0.539747,,5300,,
0,2,,0.024679,0.275743,0.699577,,5300,,
0,1,,0.183988,0.496284,0.319728,,5500,,
0,2,,0.150121,0.236414,0.613465,,5300,,
0,1,,0.174317,0.495192,0.330491,,5400,,
0,2,,0.100384,0.234849,0.664768,,5300,,
0,1,,0.308008,0.38479,0.307202,,5500,,
0,2,,0.063017,0.125644,0.811339,,5300,,
0,1,,0.208675,0.511678,0.279647,,5400,,
0,2,,0.053379,0.204859,0.741762,,5300,,
0,2,,0.210449,0.118194,0.671357,,5400,,
0,1,,0.18415,0.587604,0.228246,,5400,,
0,2,,0.012408,0.072855,0.914737,,5400,,
0,2,,0.067049,0.10727,0.825682,,5300,,
0,2,,0.296247,0.17465,0.529103,,5400,,
0,2,,0.054353,0.221763,0.723883,,5300,,
0,1,,0.094907,0.758997,0.146096,,5300,,
0,2,,0.080146,0.083844,0.83601,,5400,,
0,2,,0.052926,0.16692,0.780155,,5400,,
0,2,,0.059724,0.336334,0.603942,,5500,,
0,2,,0.085136,0.191054,0.723811,,5300,,
0,1,,0.188182,0.446675,0.365143,,5300,,
0,2,,0.239089,0.216728,0.544183,,5400,,
0,2,,0.21139,0.148447,0.640163,,5400,,
0,2,,0.135039,0.100269,0.764691,,5300,,
0,2,,0.197259,0.145905,0.656836,,5400,,
0,0,,0.603448,0.134434,0.262119,,5500,,
0,2,,0.087524,0.199391,0.713085,,5400,,
0,2,,0.171342,0.213665,0.614994,,5300,,
0,2,,0.101633,0.200932,0.697435,,5300,,
0,2,,0.041517,0.205404,0.753078,,5300,,
0,2,,0.055484,0.060375,0.884141,,5400,,
0,2,,0.004035,0.391339,0.604625,,5300,,
0,2,,0.039222,0.355978,0.604801,,5400,,
0,2,,0.127195,0.174156,0.698648,,5300,,
0,2,,0.129963,0.3717,0.498337,,5300,,
0,2,,0.116596,0.113292,0.770113,,5300,,
0,2,,0.081348,0.25035,0.668302,,5300,,
0,2,,0.04974,0.165587,0.784673,,5400,,
0,2,,0.16813,0.279982,0.551887,,5400,,
0,0,,0.44427,0.217787,0.337943,,5400,,
0,2,,0.136897,0.080868,0.782235,,5400,,
0,1,,0.150652,0.469525,0.379822,,5400,,
0,2,,0.001885,0.483275,0.514839,,5600,,
0,2,,0.184851,0.293995,0.521154,,5300,,
0,2,,0.379686,0.160983,0.459332,,5400,,
0,2,,0.141957,0.154659,0.703385,,5400,,
0,2,,0.153493,0.183181,0.663326,,5400,,
0,2,,0.097398,0.337248,0.565354,,5300,,
0,2,,0.059964,0.155319,0.784717,,5300,,
0,2,,0.119419,0.267882,0.6127,,5400,,
0,2,,0.086942,0.144281,0.768777,,5500,,
0,2,,0.011001,0.161797,0.827202,,5400,,
0,2,,0.104422,0.305284,0.590293,,5400,,
0,1,,0.118295,0.565923,0.315782,,5400,,
0,2,,0.130117,0.168587,0.701296,,5300,,
0,2,,0.157689,0.121385,0.720927,,5500,,
0,2,,0.312314,0.186562,0.501124,,5400,,
0,2,,0.085304,0.418434,0.496262,,5300,,
0,2,,0.23089,0.234654,0.534457,,5400,,
0,2,,0.103341,0.203676,0.692983,,5300,,
0,2,,0.043862,0.179889,0.776249,,5300,,
0,2,,0.236768,0.235373,0.527859,,5400,,
0,2,,0.071851,0.169192,0.758957,,5300,,
0,2,,0.325655,0.143364,0.530981,,5500,,
0,2,,0.124781,0.361889,0.513331,,5300,,
0,2,,0.096126,0.387006,0.516868,,5300,,
0,2,,0.028047,0.06988,0.902073,,5300,,
0,1,,0.076543,0.492219,0.431238,,5500,,
0,2,,0.303047,0.32362,0.373333,,5600,,
0,2,,0.075676,0.416597,0.507727,,5400,,
0,2,,0.113202,0.32102,0.565777,,5400,,
0,2,,0.064409,0.224474,0.711117,,5400,,
0,2,,0.135525,0.16157,0.702904,,5300,,
0,1,,0.367124,0.3828,0.250076,,5400,,
0,2,,0.052394,0.116887,0.830719,,5300,,
0,2,,0.08639,0.106324,0.807285,,5300,,
0,1,,0.221725,0.439903,0.338372,,5500,,
0,2,,0.088398,0.096301,0.815301,,5400,,
0,2,,0.139427,0.162363,0.69821,,5300,,
0,0,,0.503072,0.139739,0.357189,,5400,,
0,2,,0.075349,0.273156,0.651495,,5300,,
0,2,,0.020092,0.219248,0.760659,,5300,,
0,2,,0.128904,0.09299,0.778105,,5300,,
0,2,,0.333809,0.260889,0.405302,,5500,,
0,2,,0.019904,0.174697,0.805398,,5300,,
0,2,,0.188082,0.32209,0.489829,,5500,,
0,0,,0.410134,0.238819,0.351047,,5400,,
0,2,,0.333476,0.08807,0.578455,,5300,,
0,0,,0.389119,0.239635,0.371246,,5400,,
0,2,,0.117455,0.115016,0.767529,,5400,,
0,2,,0.127168,0.145664,0.727168,,5400,,
0,2,,0.194884,0.060785,0.74433,,5400,,
0,2,,0.078828,0.300351,0.620821,,5400,,
0,2,,0.063967,0.365161,0.570872,,5300,,
0,1,,0.103709,0.609096,0.287195,,5300,,
0,0,,0.484805,0.245973,0.269222,,5400,,
0,2,,0.180687,0.172128,0.647185,,5500,,
0,2,,0.357436,0.124664,0.5179,,5300,,
0,2,,0.100781,0.138657,0.760562,,5500,,
0,2,,0.051155,0.404864,0.543981,,5400,,
0,2,,0.15238,0.076111,0.771508,,5400,,
0,2,,0.182805,0.207071,0.610124,,5400,,
0,2,,0.172152,0.252573,0.575275,,5300,,
0,2,,0.202848,0.152115,0.645037,,5500,,
0,2,,0.187627,0.223442,0.58893,,5400,,
0,1,,0.339709,0.34191,0.318381,,5400,,
0,2,,0.21739,0.249644,0.532967,,5300,,
0,2,,0.14627,0.366945,0.486786,,5300,,
0,2,,0.24804,0.299498,0.452462,,5400,,
0,0,,0.450223,0.182121,0.367656,,5500,,
0,2,,0.027499,0.252943,0.719558,,5300,,
0,2,,0.344726,0.249508,0.405766,,5400,,
0,0,,0.617246,0.11912,0.263634,,5400,,
0,2,,0.069936,0.312072,0.617992,,5300,,
0,2,,0.252093,0.149579,0.598328,,5500,,
0,2,,0.091283,0.141101,0.767616,,5300,,
0,2,,0.234905,0.213348,0.551747,,5300,,
0,2,,0.055025,0.311718,0.633257,,5300,,
0,2,,0.086627,0.414234,0.499139,,5300,,
0,2,,0.128227,0.269372,0.6024,,5400,,
0,2,,0.305659,0.103898,0.590442,,5500,,
0,1,,0.210329,0.405089,0.384582,,5400,,
0,0,,0.423231,0.172766,0.404002,,5500,,
0,1,,0.164174,0.500987,0.334839,,5400,,
0,2,,0.126143,0.127225,0.746632,,5400,,
0,2,,0.340483,0.293423,0.366093,,5500,,
0,2,,0.207185,0.254528,0.538287,,5500,,
0,0,,0.425309,0.189187,0.385504,,5400,,
0,2,,0.017423,0.051233,0.931344,,5300,,
0,2,,0.011176,0.295276,0.693549,,5300,,
0,2,,0.018925,0.462265,0.51881,,5300,,
0,2,,0.319141,0.141841,0.539018,,5400,,
0,0,,0.508478,0.088579,0.402942,,5500,,
0,2,,0.061233,0.044076,0.894691,,5400,,
0,2,,0.202827,0.244937,0.552236,,5300,,
0,2,,0.077456,0.199157,0.723387,,5300,,
0,2,,0.025952,0.054378,0.919671,,5300,,
0,0,,0.486507,0.096628,0.416865,,5400,,
0,2,,0.115582,0.383235,0.501183,,5300,,
0,1,,0.063496,0.594144,0.34236,,5400,,
0,2,,0.188685,0.198319,0.612996,,5600,,
0,2,,0.1146,0.315269,0.570131,,5400,,
0,1,,0.075752,0.561108,0.36314,,5400,,
0,1,,0.169399,0.453425,0.377176,,5400,,
0,2,,0.258252,0.203176,0.538572,,5400,,
0,2,,0.170273,0.399277,0.43045,,5300,,
0,0,,0.798472,0.054024,0.147504,,5400,,
0,2,,0.278988,0.226813,0.4942,,5400,,
0,2,,0.101024,0.118937,0.780039,,5500,,
0,2,,0.121249,0.214182,0.664569,,5300,,
0,2,,0.318343,0.301664,0.379994,,5500,,
0,2,,0.042523,0.047019,0.910457,,5400,,
0,2,,0.168234,0.104305,0.727461,,5400,,
0,1,,0.292055,0.433066,0.274879,,5400,,
0,1,,0.089023,0.556529,0.354448,,6300,,
0,0,,0.446122,0.152063,0.401815,,5400,,
0,2,,0.060306,0.163911,0.775783,,5300,,
0,2,,0.215419,0.069704,0.714877,,5300,,
0,2,,0.24935,0.168086,0.582564,,5400,,
0,2,,0.330414,0.060934,0.608652,,5400,,
0,2,,0.130585,0.073515,0.795899,,5500,,
0,0,,0.447213,0.227503,0.325284,,5400,,
0,2,,0.146601,0.223646,0.629753,,5300,,
0,2,,0.160272,0.217095,0.622633,,5300,,
0,1,,0.108757,0.469196,0.422048,,5400,,
0,1,,0.199858,0.45045,0.349692,,5400,,
0,2,,0.084321,0.10217,0.813509,,5300,,
0,2,,0.28946,0.15345,0.55709,,5300,,
0,2,,0.207338,0.104322,0.688341,,5400,,
0,2,,0.154416,0.081855,0.76373,,5400,,
0,1,,0.094961,0.48481,0.420229,,5400,,
0,2,,0.154218,0.132357,0.713425,,5300,,
0,2,,0.109423,0.399849,0.490728,,5400,,
0,2,,0.10104,0.066316,0.832644,,5500,,
0,1,,0.099743,0.456066,0.444191,,5300,,
0,2,,0.057949,0.072298,0.869753,,5300,,
0,2,,0.223499,0.240955,0.535546,,5300,,
0,2,,0.055728,0.099315,0.844958,,5300,,
0,2,,0.028148,0.243646,0.728205,,5300,,
0,2,,0.077324,0.26214,0.660536,,5400,,
0,2,,0.22923,0.209823,0.560947,,5300,,
0,2,,0.320521,0.257047,0.422432,,5300,,
0,2,,0.124736,0.154946,0.720318,,5300,,
0,2,,0.13913,0.099566,0.761304,,5400,,
0,2,,0.234502,0.256358,0.509141,,5400,,
0,2,,0.036032,0.365229,0.59874,,5300,,
0,2,,0.058229,0.284659,0.657111,,5300,,
0,2,,0.204636,0.198111,0.597253,,5300,,
0,0,,0.528259,0.05429,0.417451,,5300,,
0,2,,0.23494,0.116978,0.648082,,5500,,
0,2,,0.045668,0.150779,0.803554,,5300,,
0,2,,0.012774,0.021696,0.965529,,5400,,
0,2,,0.264479,0.242145,0.493376,,5400,,
0,2,,0.044462,0.071216,0.884322,,5400,,
0,2,,0.364625,0.206305,0.42907,,5400,,
0,2,,0.277033,0.22554,0.497426,,5300,,
0,2,,0.268279,0.300073,0.431648,,5500,,
0,2,,0.227243,0.348554,0.424204,,5500,,
0,2,,0.070859,0.104216,0.824924,,5400,,
0,2,,0.402396,0.154019,0.443585,,5500,,
0,2,,0.070498,0.093234,0.836268,,5500,,
0,2,,0.209324,0.261947,0.528728,,5400,,
0,2,,0.277773,0.27092,0.451307,,5400,,
0,2,,0.136473,0.116436,0.747091,,5400,,
0,2,,0.076993,0.204504,0.718503,,5300,,
0,2,,0.054242,0.125839,0.819919,,5300,,
0,1,,0.077874,0.589578,0.332549,,5300,,
0,2,,0.184307,0.208894,0.606799,,5400,,
0,2,,0.081726,0.115937,0.802337,,5400,,
0,2,,0.105945,0.442209,0.451846,,5400,,
0,2,,0.195838,0.226294,0.577868,,5400,,
0,0,,0.359039,0.305587,0.335374,,5400,,
0,2,,0.285834,0.263476,0.45069,,5400,,
0,0,,0.425198,0.179334,0.395468,,5500,,
0,0,,0.421768,0.226527,0.351705,,5400,,
0,2,,0.076928,0.382492,0.540579,,5400,,
0,2,,0.297636,0.330591,0.371773,,5400,,
0,2,,0.224771,0.147234,0.627995,,5300,,
0,2,,0.213114,0.190949,0.595937,,5300,,
0,2,,0.198565,0.274972,0.526462,,5400,,
0,2,,0.159242,0.182826,0.657933,,5400,,
0,2,,0.159028,0.155001,0.685972,,5400,,
0,2,,0.426297,0.098812,0.474892,,5400,,
0,2,,0.231359,0.169015,0.599626,,5500,,
0,2,,0.043694,0.156412,0.799893,,5300,,
0,2,,0.052368,0.185949,0.761684,,5300,,
0,2,,0.165416,0.163094,0.671491,,5400,,
0,2,,0.179883,0.399015,0.421102,,5300,,
0,2,,0.05279,0.150894,0.796316,,5300,,
0,2,,0.085779,0.354489,0.559732,,5300,,
0,0,,0.400051,0.229102,0.370847,,5300,,
0,2,,0.097863,0.331973,0.570164,,5400,,
0,2,,0.147456,0.299313,0.553231,,5400,,
0,2,,0.248175,0.322166,0.429659,,5600,,
0,2,,0.149437,0.327413,0.52315,,5400,,
0,2,,0.361008,0.092689,0.546304,,5400,,
0,2,,0.086532,0.104183,0.809285,,5300,,
0,2,,0.147407,0.112688,0.739905,,5400,,
0,2,,0.062698,0.103126,0.834176,,5400,,
0,2,,0.221874,0.248174,0.529953,,5500,,
0,2,,0.182557,0.218645,0.598799,,5500,,
0,2,,0.104266,0.128319,0.767415,,5400,,
0,0,,0.402895,0.25089,0.346215,,5500,,
0,2,,0.063338,0.26335,0.673312,,5300,,
0,2,,0.128014,0.282261,0.589725,,5300,,
0,2,,0.0141,0.162392,0.823508,,5400,,
0,2,,0.058521,0.15214,0.78934,,5300,,
0,2,,0.312973,0.17379,0.513237,,5300,,
0,2,,0.285825,0.242282,0.471893,,5500,,
0,0,,0.436757,0.2461,0.317143,,5400,,
0,2,,0.237867,0.134511,0.627622,,5500,,
0,2,,0.172222,0.099613,0.728165,,5300,,
0,2,,0.240171,0.148955,0.610874,,5400,,
0,2,,0.123889,0.142468,0.733643,,5400,,
0,2,,0.170573,0.305633,0.523794,,5400,,
0,2,,0.262085,0.138941,0.598975,,5400,,
0,2,,0.07422,0.167827,0.757953,,5400,,
0,2,,0.088213,0.085264,0.826522,,5400,,
0,2,,0.153618,0.209284,0.637099,,5300,,
0,1,,0.199315,0.45162,0.349065,,5400,,
0,2,,0.151668,0.076288,0.772044,,5400,,
0,0,,0.675596,0.022778,0.301626,,5400,,
0,0,,0.385481,0.316536,0.297983,,5600,,
0,2,,0.196035,0.286245,0.51772,,5400,,
0,2,,0.04148,0.447872,0.510648,,5400,,
0,2,,0.196763,0.060529,0.742708,,5400,,
0,2,,0.289804,0.275125,0.435072,,5400,,
0,2,,0.251552,0.188624,0.559824,,5400,,
0,2,,0.214705,0.125187,0.660108,,5400,,
0,2,,0.158256,0.406863,0.434882,,5300,,
0,2,,0.085546,0.277268,0.637187,,5400,,
0,2,,0.16296,0.306195,0.530846,,5400,,
0,2,,0.286675,0.084046,0.629279,,5400,,
0,2,,0.131276,0.17048,0.698243,,5500,,
0,2,,0.269423,0.280301,0.450277,,5400,,
0,2,,0.284048,0.255545,0.460407,,5600,,
0,2,,0.001404,0.412876,0.585721,,5300,,
0,2,,0.235085,0.381838,0.383077,,5400,,
0,2,,0.178976,0.206269,0.614756,,5400,,
0,2,,0.218523,0.352971,0.428506,,5300,,
0,2,,0.038394,0.383191,0.578415,,5300,,
0,2,,0.296845,0.227758,0.475397,,5300,,
0,1,,0.000438,0.523449,0.476114,,5500,,
0,1,,0.157281,0.452002,0.390717,,5500,,
0,2,,0.070417,0.225397,0.704187,,5300,,
0,2,,0.088621,0.366056,0.545323,,5400,,
0,0,,0.371736,0.315247,0.313017,,5600,,
0,2,,0.125013,0.171498,0.703489,,5400,,
0,2,,0.060902,0.25315,0.685949,,5400,,
0,1,,0.186231,0.429569,0.384201,,5400,,
0,0,,0.507064,0.143534,0.349402,,5300,,
0,2,,0.030317,0.079756,0.889926,,5400,,
0,2,,0.185957,0.095706,0.718337,,5400,,
0,2,,0.089503,0.209072,0.701425,,5400,,
0,2,,0.042236,0.054075,0.903688,,5600,,
0,2,,0.067487,0.154387,0.778126,,5300,,
0,1,,0.00302,0.677482,0.319498,,5400,,
0,2,,0.231957,0.122539,0.645504,,5300,,
0,1,,0.146812,0.720705,0.132483,,5400,,
0,0,,0.84335,0.049246,0.107404,,5400,,
0,2,,0.237591,0.348469,0.41394,,5400,,
0,1,,0.053608,0.580662,0.36573,,5400,,
0,2,,0.016468,0.214751,0.768781,,5300,,
0,2,,0.286739,0.191924,0.521337,,5500,,
0,2,,0.206436,0.166255,0.627309,,5400,,
0,2,,0.03524,0.062193,0.902567,,5400,,
0,2,,0.12356,0.414485,0.461955,,5500,,
0,2,,0.268703,0.091376,0.639921,,5600,,
0,2,,0.271635,0.227791,0.500574,,5400,,
0,2,,0.029748,0.280544,0.689708,,5300,,
0,2,,0.172526,0.06469,0.762783,,5500,,
0,2,,0.155533,0.208654,0.635813,,5300,,
0,2,,0.077887,0.267293,0.65482,,5300,,
0,2,,0.101365,0.256279,0.642356,,5300,,
0,2,,0.214907,0.104255,0.680838,,5400,,
0,1,,0.197193,0.542203,0.260604,,5500,,
0,2,,0.130177,0.106212,0.763611,,5300,,
0,2,,0.106038,0.409614,0.484348,,5300,,
0,2,,0.34585,0.188347,0.465803,,5400,,
0,1,,0.000381,0.554518,0.445101,,5400,,
0,2,,0.197022,0.204433,0.598545,,5600,,
0,2,,0.12993,0.10674,0.76333,,5500,,
0,1,,0.189981,0.490864,0.319154,,5400,,
0,1,,0.051346,0.607141,0.341513,,5400,,
0,1,,0.104996,0.600047,0.294957,,5400,,
0,2,,0.386881,0.176968,0.436151,,5400,,
0,2,,0.101982,0.357699,0.540319,,5400,,
0,2,,0.204046,0.168572,0.627382,,5600,,
0,2,,0.141228,0.400447,0.458325,,5500,,
0,2,,0.101104,0.220749,0.678147,,5500,,
0,2,,0.290127,0.153464,0.55641,,5400,,
0,2,,0.068259,0.412701,0.51904,,5300,,
0,2,,0.06561,0.199737,0.734653,,5300,,
0,2,,0.293455,0.250714,0.45583,,5400,,
0,2,,0.132661,0.161714,0.705625,,6400,,
0,2,,0.042643,0.115635,0.841722,,5300,,
0,2,,0.15348,0.196131,0.65039,,8600,,
0,2,,0.129224,0.173036,0.69774,,9800,,
0,2,,0.077817,0.372495,0.549687,,9100,,
0,1,,0.174188,0.444876,0.380937,,7900,,
0,1,,0.132399,0.453145,0.414455,,7300,,
0,2,,0.170762,0.105228,0.72401,,7500,,
0,2,,0.077444,0.264775,0.657781,,8600,,
0,1,,0.272367,0.432471,0.295163,,7300,,
0,2,,0.092415,0.249303,0.658281,,5300,,
0,2,,0.14081,0.072752,0.786438,,5400,,
0,0,,0.515393,0.085604,0.399003,,5500,,
0,2,,0.235838,0.332438,0.431725,,5500,,
0,2,,0.20449,0.250706,0.544803,,5300,,
0,2,,0.108342,0.138544,0.753114,,5400,,
0,2,,0.109837,0.13021,0.759953,,5400,,
0,2,,0.08854,0.177922,0.733538,,5400,,
0,0,,0.463026,0.10933,0.427644,,5500,,
0,0,,0.577656,0.070605,0.351739,,5500,,
0,2,,0.324445,0.220825,0.45473,,5300,,
0,2,,0.193712,0.309915,0.496373,,5500,,
0,2,,0.003653,0.18634,0.810007,,6400,,
0,2,,0.022596,0.404946,0.572459,,6800,,
0,2,,0.063181,0.176446,0.760373,,6700,,
0,2,,0.044353,0.317112,0.638534,,6800,,
0,2,,0.152349,0.268501,0.57915,,6500,,
0,2,,0.061004,0.295032,0.643964,,5300,,
0,2,,0.091408,0.444593,0.463999,,5400,,
0,2,,0.041378,0.283637,0.674986,,5300,,
0,2,,0.006782,0.333397,0.659822,,5500,,
0,2,,0.294398,0.127191,0.578411,,5400,,
0,2,,0.077061,0.028262,0.894677,,5500,,
0,1,,0.260065,0.528181,0.211753,,5500,,
0,2,,0.061719,0.210281,0.728,,5400,,
0,2,,0.344732,0.194497,0.460771,,5400,,
0,2,,0.126347,0.260368,0.613285,,5300,,
0,2,,0.200257,0.241091,0.558652,,5300,,
0,2,,0.101775,0.30848,0.589746,,5400,,
0,2,,0.159818,0.26382,0.576362,,5400,,
0,2,,0.193446,0.112626,0.693928,,5400,,
0,2,,0.027853,0.288275,0.683871,,5400,,
0,2,,0.264149,0.152657,0.583194,,5500,,
0,2,,0.173352,0.171396,0.655251,,5400,,
0,2,,0.070751,0.101629,0.82762,,5400,,
0,1,,0.148586,0.538105,0.313309,,5400,,
0,1,,0.065508,0.69204,0.242452,,5500,,
0,2,,0.268032,0.137914,0.594054,,5400,,
0,2,,0.2158,0.209562,0.574638,,5400,,
0,2,,0.067868,0.155703,0.776429,,5400,,
0,2,,0.228711,0.28356,0.487729,,5400,,
0,1,,0.08865,0.475915,0.435435,,5500,,
0,2,,0.423197,0.098724,0.47808,,5500,,
0,2,,0.208928,0.229471,0.561601,,5500,,
0,2,,0.262515,0.200947,0.536539,,5400,,
0,1,,0.115806,0.620881,0.263313,,5500,,
0,2,,0.130537,0.338117,0.531345,,5300,,
0,1,,0.27344,0.439302,0.287258,,5600,,
0,2,,0.09478,0.377736,0.527484,,5400,,
0,2,,0.083071,0.250792,0.666137,,5300,,
0,2,,0.088492,0.162386,0.749123,,5400,,
0,2,,0.153752,0.138955,0.707293,,5400,,
0,2,,0.094787,0.118932,0.786281,,5300,,
0,2,,0.130201,0.371284,0.498515,,5300,,
0,2,,0.237101,0.071045,0.691854,,5400,,
0,2,,0.025341,0.200348,0.774311,,5400,,
0,2,,0.200521,0.39358,0.405899,,5400,,
0,2,,0.058582,0.326674,0.614744,,5400,,
0,2,,0.103826,0.11082,0.785354,,5400,,
0,2,,0.078368,0.177146,0.744486,,5400,,
0,1,,0.179275,0.570139,0.250586,,5400,,
0,2,,0.321122,0.294165,0.384713,,5900,,
0,0,,0.674459,0.122058,0.203482,,5500,,
0,2,,0.089508,0.117748,0.792744,,5500,,
0,2,,0.001109,0.292504,0.706387,,5400,,
0,2,,0.214285,0.330954,0.454761,,5500,,
0,2,,0.137959,0.224112,0.637929,,5400,,
0,2,,0.096745,0.150943,0.752312,,5400,,
0,2,,0.091551,0.404448,0.504,,5400,,
0,1,,0.201223,0.480331,0.318446,,5300,,
0,2,,0.283213,0.23861,0.478177,,5500,,
0,2,,0.071263,0.218143,0.710594,,5400,,
0,2,,0.286927,0.257036,0.456037,,5400,,
0,2,,0.089455,0.144004,0.766541,,5300,,
0,2,,0.095728,0.135785,0.768487,,5400,,
0,2,,0.118305,0.350139,0.531556,,5500,,
0,2,,0.139715,0.33275,0.527535,,5300,,
0,1,,0.036781,0.729865,0.233354,,5500,,
0,0,,0.402975,0.275625,0.3214,,5500,,
0,1,,0.079301,0.567598,0.3531,,5500,,
0,0,,0.419969,0.252207,0.327824,,5500,,
0,2,,0.074482,0.119599,0.80592,,5300,,
0,2,,0.288372,0.230029,0.481599,,5400,,
0,2,,0.401843,0.081863,0.516294,,5400,,
0,2,,0.274857,0.286787,0.438355,,5300,,
0,2,,0.030423,0.066707,0.90287,,5400,,
0,1,,0.13924,0.522018,0.338742,,5500,,
0,2,,0.322889,0.071899,0.605212,,5400,,
0,2,,0.102714,0.206349,0.690937,,5300,,
0,2,,0.353863,0.106236,0.539901,,5400,,
0,0,,0.392767,0.226573,0.380661,,5400,,
0,2,,0.131248,0.335905,0.532847,,5300,,
0,2,,0.073357,0.442025,0.484619,,5400,,
0,1,,0.071755,0.60112,0.327125,,5400,,
0,2,,0.391065,0.16437,0.444565,,5500,,
0,0,,0.504903,0.161468,0.33363,,5500,,
0,2,,0.121478,0.260724,0.617799,,5400,,
0,2,,0.217576,0.303222,0.479202,,5300,,
0,2,,0.104521,0.08584,0.809639,,5500,,
0,0,,0.662424,0.111021,0.226555,,5500,,
0,2,,0.188873,0.385783,0.425343,,5400,,
0,2,,0.289349,0.165544,0.545108,,5400,,
0,2,,0.003799,0.107744,0.888457,,5300,,
0,2,,0.08095,0.154502,0.764548,,5400,,
0,2,,0.082536,0.092847,0.824617,,5500,,
0,2,,0.01806,0.181151,0.800789,,5300,,
0,1,,0.238286,0.393595,0.368119,,5500,,
0,2,,0.195793,0.150658,0.653549,,5400,,
0,2,,0.256221,0.256571,0.487208,,5500,,
0,2,,0.092872,0.321065,0.586063,,5300,,
0,2,,0.303678,0.183087,0.513236,,5400,,
0,2,,0.06384,0.124391,0.811769,,5400,,
0,2,,0.026031,0.153059,0.820911,,5400,,
0,2,,0.138357,0.105223,0.75642,,5500,,
0,2,,0.027269,0.442505,0.530225,,5400,,
0,2,,0.094234,0.209484,0.696282,,5300,,
0,2,,0.304648,0.194908,0.500444,,5500,,
0,2,,0.175298,0.173594,0.651108,,5400,,
0,1,,0.14582,0.59126,0.262921,,5400,,
0,2,,0.116851,0.067945,0.815204,,5400,,
0,2,,0.117022,0.214178,0.6688,,5400,,
0,0,,0.499846,0.162456,0.337698,,5400,,
0,2,,0.288357,0.240349,0.471294,,5400,,
0,0,,0.494646,0.169626,0.335728,,5400,,
0,2,,0.093222,0.108209,0.798569,,5400,,
0,1,,0.165739,0.614705,0.219555,,5400,,
0,2,,0.005951,0.28264,0.711409,,5400,,
0,2,,0.016121,0.359882,0.623997,,5600,,
0,2,,0.195154,0.131324,0.673522,,5500,,
0,2,,0.198018,0.360364,0.441618,,5400,,
0,2,,0.061712,0.360877,0.577411,,5400,,
0,2,,0.275329,0.253227,0.471444,,5500,,
0,2,,0.094692,0.159359,0.745949,,5400,,
0,2,,0.055068,0.19117,0.753762,,5300,,
0,0,,0.542723,0.09941,0.357867,,5500,,
0,2,,0.207118,0.298804,0.494078,,5400,,
0,2,,0.173651,0.33352,0.492829,,5400,,
0,2,,0.190056,0.331101,0.478843,,5400,,
0,0,,0.581969,0.047827,0.370205,,5400,,
0,2,,0.251093,0.209196,0.539711,,5400,,
0,2,,0.117523,0.179705,0.702772,,5400,,
0,2,,0.308383,0.192634,0.498983,,5400,,
0,2,,0.18387,0.405547,0.410583,,5500,,
0,0,,0.365975,0.349109,0.284916,,5500,,
0,2,,0.040646,0.206377,0.752977,,5300,,
0,2,,0.065667,0.096003,0.83833,,5300,,
0,2,,0.194185,0.320886,0.484929,,5400,,
0,2,,0.067013,0.322913,0.610074,,5400,,
0,2,,0.002138,0.27626,0.721601,,5400,,
0,2,,0.027633,0.14454,0.827826,,5400,,
0,0,,0.477803,0.267167,0.25503,,5500,,
0,2,,0.213286,0.217707,0.569006,,5500,,
0,2,,0.030793,0.173776,0.79543,,5400,,
0,2,,0.195361,0.246954,0.557685,,5500,,
0,2,,0.056619,0.211901,0.73148,,5400,,
0,2,,0.086095,0.102337,0.811568,,5400,,
0,2,,0.096989,0.116556,0.786455,,5400,,
0,2,,0.063827,0.108299,0.827874,,5400,,
0,2,,0.052721,0.271049,0.67623,,5400,,
0,2,,0.025241,0.064163,0.910596,,5400,,
0,2,,0.18943,0.152707,0.657864,,5400,,
0,2,,0.268799,0.182482,0.548719,,7400,,
0,2,,0.28451,0.337126,0.378364,,5500,,
0,1,,0.034645,0.548815,0.41654,,5300,,
0,2,,0.116695,0.319169,0.564136,,5400,,
0,2,,0.256231,0.235175,0.508594,,5600,,
0,2,,0.219287,0.035288,0.745426,,5400,,
0,2,,0.371527,0.223351,0.405122,,5600,,
0,2,,0.306118,0.086624,0.607259,,5600,,
0,2,,0.234796,0.224785,0.540419,,5600,,
0,2,,0.186592,0.277222,0.536186,,5500,,
0,2,,0.062037,0.142129,0.795835,,5300,,
0,2,,0.215482,0.122378,0.66214,,5400,,
0,2,,0.150322,0.369716,0.479962,,5500,,
0,2,,0.30528,0.171867,0.522853,,5500,,
0,2,,0.17574,0.327218,0.497042,,5400,,
0,2,,0.084991,0.126134,0.788875,,5400,,
0,2,,0.073731,0.200305,0.725965,,5400,,
0,2,,0.084853,0.30711,0.608037,,5400,,
0,2,,0.113888,0.163303,0.722809,,5400,,
0,1,,0.067658,0.5267,0.405641,,5500,,
0,2,,0.029773,0.053757,0.91647,,5400,,
0,2,,0.020647,0.303972,0.675381,,5400,,
0,2,,0.1777,0.104608,0.717693,,5400,,
0,2,,0.026028,0.048466,0.925505,,5400,,
0,2,,0.061978,0.240253,0.697769,,5400,,
0,1,,0.115578,0.595081,0.289341,,5400,,
0,2,,0.197513,0.318755,0.483732,,5400,,
0,2,,0.116059,0.368931,0.51501,,5300,,
0,2,,0.119284,0.15874,0.721976,,5400,,
0,2,,0.101134,0.132773,0.766093,,5400,,
0,2,,0.260568,0.210877,0.528555,,5400,,
0,0,,0.611755,0.104481,0.283764,,5400,,
0,2,,0.062759,0.074688,0.862554,,5300,,
0,2,,0.115456,0.38586,0.498684,,5400,,
0,1,,0.134925,0.445374,0.4197,,5400,,
0,2,,0.043705,0.21538,0.740915,,5400,,
0,2,,0.041251,0.272858,0.685891,,5500,,
0,2,,0.140795,0.032726,0.826479,,5400,,
0,2,,0.099894,0.205553,0.694552,,5700,,
0,2,,0.037686,0.179819,0.782495,,5400,,
0,2,,0.079185,0.058453,0.862362,,5300,,
0,1,,0.184473,0.413192,0.402336,,5500,,
0,0,,0.392223,0.218207,0.38957,,5500,,
0,2,,0.440139,0.088019,0.471842,,5500,,
0,2,,0.163364,0.240281,0.596354,,5400,,
0,2,,0.028405,0.035963,0.935631,,5300,,
0,2,,0.063798,0.074252,0.86195,,5300,,
0,2,,0.315382,0.138788,0.545831,,5500,,
0,2,,0.123255,0.233945,0.6428,,5300,,
0,2,,0.356827,0.150828,0.492346,,5400,,
0,0,,0.417155,0.297023,0.285822,,5500,,
0,2,,0.125767,0.173078,0.701155,,5400,,
0,2,,0.266672,0.234807,0.498521,,5400,,
0,2,,0.255157,0.249633,0.49521,,5800,,
0,2,,0.038762,0.079225,0.882013,,5500,,
0,1,,0.076357,0.471403,0.45224,,5400,,
0,2,,0.103893,0.368263,0.527844,,5400,,
0,2,,0.127228,0.200266,0.672507,,5500,,
0,2,,0.213387,0.349176,0.437437,,5400,,
0,2,,0.189323,0.319161,0.491516,,5400,,
0,2,,0.059792,0.230156,0.710052,,5300,,
0,2,,0.138761,0.338942,0.522296,,5400,,
0,2,,0.27705,0.123562,0.599387,,5500,,
0,2,,0.133175,0.398768,0.468057,,5400,,
0,2,,0.10614,0.442053,0.451807,,5700,,
0,2,,0.401592,0.160932,0.437476,,5500,,
0,1,,0.125228,0.705109,0.169662,,5400,,
0,2,,0.058499,0.055051,0.886451,,5400,,
0,2,,0.100696,0.315291,0.584013,,5400,,
0,2,,0.071402,0.098319,0.830279,,5400,,
0,2,,0.326425,0.068732,0.604843,,5400,,
0,2,,0.06222,0.192618,0.745163,,5400,,
0,2,,0.302501,0.1448,0.552698,,5400,,
0,2,,0.087302,0.238032,0.674665,,5500,,
0,2,,0.146727,0.230609,0.622664,,5300,,
0,1,,0.189216,0.515425,0.295358,,5500,,
0,2,,0.205894,0.304755,0.489351,,5300,,
0,0,,0.475842,0.159836,0.364323,,5400,,
0,2,,0.001353,0.426093,0.572554,,5300,,
0,2,,0.289413,0.242267,0.46832,,5500,,
0,2,,0.055104,0.412947,0.531949,,5400,,
0,1,,0.017032,0.518883,0.464084,,5500,,
0,2,,0.112141,0.219836,0.668023,,5300,,
0,2,,0.131244,0.151767,0.716989,,5500,,
0,1,,0.213509,0.465747,0.320744,,5400,,
0,2,,0.156587,0.190291,0.653123,,5300,,
0,2,,0.382971,0.205814,0.411216,,5700,,
0,2,,0.1059,0.421285,0.472815,,5400,,
0,1,,0.03397,0.51943,0.4466,,5400,,
0,2,,0.349859,0.15629,0.493851,,5400,,
0,2,,0.01475,0.457864,0.527386,,5400,,
0,0,,0.525204,0.153133,0.321663,,5500,,
0,2,,0.361703,0.168803,0.469494,,5400,,
0,1,,0.027302,0.715516,0.257182,,5400,,
0,1,,0.263544,0.377591,0.358865,,5500,,
0,2,,0.224442,0.356765,0.418794,,5500,,
0,2,,0.184389,0.242968,0.572643,,5300,,
0,1,,0.107606,0.556291,0.336103,,5400,,
0,2,,0.176277,0.309929,0.513794,,5400,,
0,2,,0.065623,0.09756,0.836817,,5400,,
0,2,,0.162514,0.276322,0.561164,,5300,,
0,2,,0.207,0.169378,0.623622,,5400,,
0,2,,0.047766,0.192963,0.75927,,5300,,
0,2,,0.09873,0.137319,0.763951,,5400,,
0,2,,0.063327,0.192515,0.744158,,5400,,
0,2,,0.268709,0.239381,0.49191,,5400,,
0,2,,0.194438,0.207216,0.598346,,5400,,
0,1,,0.039649,0.550316,0.410036,,5400,,
0,2,,0.135382,0.140932,0.723687,,5400,,
0,2,,0.131545,0.278588,0.589867,,5300,,
0,2,,0.074468,0.055499,0.870033,,5600,,
0,2,,0.147692,0.406003,0.446305,,5500,,
0,2,,0.333868,0.106518,0.559614,,5400,,
0,2,,0.325811,0.127974,0.546215,,5400,,
0,2,,0.060205,0.232706,0.707089,,5300,,
0,2,,0.074039,0.150082,0.77588,,5300,,
0,2,,0.149316,0.179205,0.67148,,5500,,
0,2,,0.116468,0.308311,0.575221,,5400,,
0,2,,0.256115,0.287618,0.456267,,5400,,
0,2,,0.089411,0.174274,0.736315,,5300,,
0,1,,0.033737,0.489258,0.477005,,5500,,
0,2,,0.103415,0.154502,0.742083,,5400,,
0,1,,0.001416,0.641403,0.357182,,5500,,
0,2,,0.226956,0.019942,0.753102,,5400,,
0,2,,0.041741,0.29862,0.659639,,5500,,
0,2,,0.187339,0.168577,0.644084,,5400,,
0,1,,0.024567,0.499364,0.476069,,5400,,
0,2,,0.224201,0.169818,0.60598,,5400,,
0,2,,0.310341,0.219389,0.47027,,5300,,
0,2,,0.090564,0.37154,0.537896,,5300,,
0,2,,0.261419,0.216127,0.522453,,5400,,
0,2,,0.011312,0.112672,0.876016,,5300,,
0,2,,0.105041,0.097414,0.797545,,5400,,
0,2,,0.095371,0.360983,0.543647,,5500,,
0,0,,0.525168,0.100688,0.374143,,5400,,
0,2,,0.115523,0.173074,0.711403,,5400,,
0,2,,0.211303,0.337762,0.450935,,5600,,
0,2,,0.092798,0.223039,0.684163,,5400,,
0,2,,0.22089,0.376616,0.402493,,5500,,
0,2,,0.240935,0.154547,0.604518,,5500,,
0,2,,0.240778,0.094219,0.665002,,5400,,
0,2,,0.076371,0.16335,0.76028,,5300,,
0,2,,0.132232,0.114035,0.753733,,5300,,
0,1,,0.116517,0.60675,0.276733,,5500,,
0,2,,0.187429,0.196347,0.616224,,5600,,
0,2,,0.037169,0.205262,0.757569,,5300,,
0,0,,0.491711,0.109676,0.398613,,5600,,
0,2,,0.090645,0.404671,0.504684,,5500,,
0,2,,0.068521,0.250467,0.681013,,5400,,
0,2,,0.13109,0.312835,0.556076,,5300,,
0,2,,0.125175,0.186911,0.687914,,5400,,
0,2,,0.203378,0.125062,0.671561,,5400,,
0,2,,0.189323,0.216796,0.593881,,5500,,
0,2,,0.251248,0.330221,0.418531,,5400,,
0,2,,0.22315,0.265036,0.511814,,5500,,
0,1,,0.130354,0.46372,0.405926,,5300,,
0,2,,0.194127,0.26896,0.536913,,5400,,
0,1,,0.245017,0.541908,0.213076,,5500,,
0,2,,0.196995,0.275754,0.527251,,5400,,
0,2,,0.393876,0.118389,0.487736,,5400,,
0,2,,0.072256,0.219606,0.708138,,5300,,
0,2,,0.069745,0.267489,0.662766,,5400,,
0,2,,0.151765,0.371936,0.476299,,5400,,
0,2,,0.111302,0.36142,0.527278,,5300,,
0,2,,0.039324,0.214604,0.746072,,5400,,
0,2,,0.411404,0.117813,0.470783,,5500,,
0,2,,0.137749,0.337041,0.52521,,5400,,
0,1,,0.103106,0.593537,0.303358,,5500,,
0,2,,0.072346,0.425695,0.50196,,5400,,
0,2,,0.21395,0.380639,0.405411,,5400,,
0,2,,0.062422,0.204861,0.732717,,5400,,
0,0,,0.415371,0.222625,0.362004,,5600,,
0,0,,0.517922,0.094992,0.387086,,5400,,
0,2,,0.174029,0.189909,0.636062,,5400,,
0,2,,0.369203,0.233487,0.39731,,5400,,
0,2,,0.163788,0.053145,0.783067,,5400,,
0,2,,0.070223,0.312207,0.617571,,5400,,
0,2,,0.071026,0.423938,0.505035,,5400,,
0,2,,0.206919,0.199633,0.593447,,6300,,
0,2,,0.238553,0.143614,0.617833,,5400,,
0,1,,0.084401,0.605904,0.309695,,5500,,
0,2,,0.084109,0.152045,0.763846,,5400,,
0,1,,0.030412,0.851329,0.118259,,5400,,
0,0,,0.503868,0.242626,0.253506,,5400,,
0,2,,0.060636,0.053024,0.88634,,5400,,
0,0,,0.569008,0.027388,0.403604,,5400,,
0,2,,0.143956,0.272938,0.583106,,5400,,
0,2,,0.145463,0.319033,0.535503,,5300,,
0,2,,0.303303,0.092863,0.603834,,5400,,
0,2,,0.25979,0.356144,0.384066,,5400,,
0,2,,0.409685,0.071708,0.518607,,5600,,
0,0,,0.568165,0.127934,0.303901,,5400,,
0,2,,0.102151,0.370523,0.527326,,5400,,
0,2,,0.103683,0.262757,0.63356,,5400,,
0,2,,0.044748,0.125547,0.829705,,5500,,
0,2,,0.002753,0.208113,0.789134,,5500,,
0,2,,0.20039,0.348209,0.451401,,5400,,
0,2,,0.338157,0.206616,0.455228,,5400,,
0,1,,0.282077,0.37617,0.341753,,5600,,
0,2,,0.292881,0.340923,0.366197,,5600,,
0,2,,0.135918,0.055213,0.808869,,5400,,
0,2,,0.06481,0.215401,0.719789,,5400,,
0,2,,0.174335,0.182297,0.643368,,5600,,
0,2,,0.246112,0.315774,0.438114,,5500,,
0,2,,0.125344,0.066501,0.808155,,5400,,
0,2,,0.24264,0.292361,0.464998,,5600,,
0,2,,0.123754,0.333209,0.543036,,5500,,
0,2,,0.027939,0.198159,0.773902,,5400,,
0,2,,0.058232,0.069906,0.871862,,5400,,
0,2,,0.10646,0.104766,0.788774,,5400,,
0,2,,0.345897,0.13472,0.519383,,5400,,
0,2,,0.387666,0.175837,0.436497,,5500,,
0,2,,0.152439,0.2715,0.576061,,5300,,
0,2,,0.09385,0.120805,0.785345,,5300,,
0,2,,0.057356,0.105574,0.83707,,5300,,
0,2,,0.054846,0.247731,0.697423,,5400,,
0,2,,0.047922,0.110189,0.841889,,5300,,
0,2,,0.015187,0.032709,0.952104,,5600,,
0,1,,0.102769,0.514121,0.38311,,5500,,
0,2,,0.056529,0.159726,0.783745,,5400,,
0,2,,0.23713,0.202923,0.559947,,5400,,
0,2,,0.154255,0.172657,0.673088,,5400,,
0,2,,0.272325,0.238047,0.489628,,5400,,
0,2,,0.096692,0.424754,0.478554,,5400,,
0,2,,0.189944,0.155211,0.654845,,5600,,
0,2,,0.116441,0.145907,0.737652,,5400,,
0,2,,0.402261,0.177135,0.420604,,5500,,
0,2,,0.186129,0.266547,0.547323,,5400,,
0,2,,0.100221,0.225126,0.674653,,5300,,
0,2,,0.076183,0.453185,0.470632,,5400,,
0,2,,0.109115,0.422409,0.468476,,5400,,
0,2,,0.085626,0.058376,0.855998,,5400,,
0,0,,0.382612,0.312149,0.305239,,5400,,
0,2,,0.11245,0.112824,0.774725,,5600,,
0,2,,0.272519,0.204543,0.522938,,5400,,
0,2,,0.096867,0.35185,0.551283,,5400,,
0,2,,0.319556,0.269491,0.410953,,5500,,
0,2,,0.088661,0.105941,0.805398,,5300,,
0,2,,0.050441,0.34285,0.606709,,5300,,
0,2,,0.208514,0.019293,0.772193,,5400,,
0,2,,0.136975,0.081248,0.781777,,5400,,
0,2,,0.120994,0.118831,0.760175,,5400,,
0,2,,0.191166,0.103124,0.705711,,5400,,
0,2,,0.310691,0.14752,0.541789,,5500,,
0,2,,0.100991,0.241127,0.657882,,5400,,
0,2,,0.390017,0.161357,0.448626,,5400,,
0,2,,0.108233,0.310522,0.581245,,5400,,
0,0,,0.488003,0.126528,0.385469,,5500,,
0,2,,0.218697,0.266073,0.51523,,5500,,
0,2,,0.405939,0.104668,0.489393,,5400,,
0,2,,0.193223,0.251107,0.55567,,5300,,
0,2,,0.373084,0.1988,0.428117,,5400,,
0,2,,0.229403,0.119371,0.651226,,5600,,
0,1,,0.105004,0.529654,0.365342,,5300,,
0,2,,0.206414,0.201083,0.592504,,5400,,
0,0,,0.441574,0.238773,0.319653,,5400,,
0,2,,0.119783,0.079542,0.800675,,5600,,
0,2,,0.070903,0.087286,0.841811,,5400,,
0,2,,0.074504,0.149562,0.775933,,5400,,
0,0,,0.369372,0.286161,0.344466,,5300,,
0,1,,0.104335,0.55255,0.343115,,5500,,
0,2,,0.164102,0.120953,0.714946,,5400,,
0,1,,0.128005,0.582366,0.289629,,5400,,
0,2,,0.112376,0.167524,0.7201,,5600,,
0,2,,0.096251,0.173929,0.729821,,5400,,
0,2,,0.164633,0.064121,0.771246,,5400,,
0,2,,0.143129,0.259596,0.597275,,5300,,
0,2,,0.045864,0.232153,0.721983,,5400,,
0,0,,0.524287,0.188233,0.28748,,5400,,
0,2,,0.066926,0.070178,0.862896,,5400,,
0,1,,0.159617,0.439536,0.400848,,5500,,
0,2,,0.129918,0.219201,0.650881,,5400,,
0,1,,0.09665,0.505125,0.398226,,5400,,
0,2,,0.030029,0.271851,0.69812,,5400,,
0,2,,0.078651,0.076462,0.844887,,5500,,
0,2,,0.028342,0.199438,0.77222,,5400,,
0,2,,0.159877,0.185734,0.654389,,5600,,
0,2,,0.111098,0.140067,0.748835,,5300,,
0,2,,0.235383,0.170062,0.594555,,5400,,
0,2,,0.159515,0.365372,0.475113,,5400,,
0,2,,0.129638,0.123927,0.746435,,5400,,
0,2,,0.172084,0.394611,0.433305,,5300,,
0,2,,0.162469,0.291983,0.545549,,5400,,
0,2,,0.150137,0.29845,0.551413,,5300,,
0,2,,0.093401,0.152542,0.754057,,5400,,
0,2,,0.022168,0.248198,0.729634,,5500,,
0,2,,0.00188,0.367438,0.630683,,5600,,
0,2,,0.08873,0.177798,0.733472,,5400,,
0,1,,0.008852,0.509153,0.481995,,5500,,
0,2,,0.131729,0.283538,0.584733,,5400,,
0,2,,0.2253,0.379497,0.395203,,5300,,
0,2,,0.274105,0.15183,0.574065,,5500,,
0,2,,0.15451,0.241564,0.603926,,5400,,
0,1,,0.090919,0.608578,0.300504,,5300,,
0,1,,0.161971,0.478374,0.359655,,5400,,
0,2,,0.03502,0.074948,0.890032,,5500,,
0,2,,0.062647,0.081744,0.855609,,5600,,
0,2,,0.218523,0.141065,0.640412,,5400,,
0,1,,0.013519,0.572576,0.413905,,5500,,
0,2,,0.113879,0.127554,0.758566,,5500,,
0,2,,0.129117,0.195476,0.675406,,5400,,
0,2,,0.274149,0.179092,0.546759,,5600,,
0,2,,0.385197,0.079059,0.535744,,5400,,
0,1,,0.219887,0.591572,0.188541,,5600,,
0,1,,0.126384,0.455133,0.418483,,5400,,
0,2,,0.099811,0.346051,0.554138,,5400,,
0,2,,0.208456,0.149187,0.642357,,5500,,
0,2,,0.191239,0.209421,0.59934,,5500,,
0,1,,0.173819,0.516212,0.309968,,5500,,
0,2,,0.17361,0.285045,0.541344,,5500,,
0,1,,0.175611,0.433096,0.391293,,5500,,
0,1,,0.157384,0.527274,0.315341,,5400,,
0,2,,0.181437,0.254329,0.564233,,5300,,
0,2,,0.219057,0.221976,0.558967,,5500,,
0,2,,0.185268,0.367939,0.446792,,5500,,
0,2,,0.082199,0.201976,0.715825,,5400,,
0,2,,0.05882,0.366177,0.575004,,5500,,
0,1,,0.337151,0.360145,0.302704,,5400,,
0,2,,0.341161,0.236213,0.422626,,5700,,
0,2,,0.050618,0.247956,0.701426,,5400,,
0,2,,0.380418,0.095902,0.52368,,5500,,
0,2,,0.103987,0.166021,0.729992,,5400,,
0,2,,0.136743,0.166796,0.69646,,5400,,
0,2,,0.081455,0.164491,0.754054,,5300,,
0,2,,0.263933,0.102487,0.63358,,5400,,
0,2,,0.076705,0.096468,0.826827,,5500,,
0,2,,0.132147,0.095384,0.772468,,5400,,
0,2,,0.251879,0.158568,0.589554,,5300,,
0,2,,0.24928,0.207453,0.543267,,5400,,
0,2,,0.032472,0.064066,0.903461,,5400,,
0,2,,0.29526,0.273439,0.431301,,5400,,
0,2,,0.17518,0.084457,0.740363,,5400,,
0,2,,0.300815,0.145948,0.553237,,5600,,
0,2,,0.119276,0.166973,0.713751,,5400,,
0,2,,0.264247,0.221384,0.51437,,5500,,
0,0,,0.420473,0.198149,0.381379,,5500,,
0,1,,0.108514,0.663062,0.228423,,5400,,
0,2,,0.109589,0.440108,0.450303,,5500,,
0,2,,0.189181,0.201278,0.609541,,5400,,
0,2,,0.092163,0.18117,0.726667,,5400,,
0,2,,0.179988,0.214664,0.605347,,5400,,
0,1,,0.050247,0.526043,0.42371,,5400,,
0,2,,0.101559,0.312549,0.585892,,5400,,
0,2,,0.45535,0.061198,0.483452,,5500,,
0,2,,0.091458,0.093087,0.815455,,5400,,
0,2,,0.040511,0.127587,0.831902,,5300,,
0,2,,0.092235,0.160741,0.747024,,5400,,
0,1,,0.132754,0.687511,0.179735,,5500,,
0,0,,0.393744,0.240734,0.365522,,5400,,
0,2,,0.215631,0.122447,0.661922,,5400,,
0,2,,0.308171,0.151703,0.540126,,5400,,
0,2,,0.2346,0.235285,0.530115,,5500,,
0,2,,0.105796,0.232559,0.661644,,5500,,
0,2,,0.26087,0.095369,0.643762,,5400,,
0,2,,0.126317,0.175122,0.698561,,6600,,
0,2,,0.207408,0.358834,0.433759,,5400,,
0,2,,0.02453,0.08189,0.89358,,5300,,
0,2,,0.049378,0.055503,0.895119,,5400,,
0,2,,0.337967,0.14437,0.517663,,5500,,
0,2,,0.351527,0.245419,0.403054,,5500,,
0,2,,0.083722,0.293597,0.622681,,5300,,
0,1,,0.159609,0.424781,0.41561,,5500,,
0,2,,0.156899,0.131215,0.711886,,5500,,
0,2,,0.319394,0.085466,0.59514,,5500,,
0,2,,0.167555,0.320366,0.512079,,5400,,
0,2,,0.070327,0.328563,0.60111,,5400,,
0,1,,0.001415,0.72474,0.273845,,5500,,
0,2,,0.072906,0.234811,0.692283,,5400,,
0,2,,0.006895,0.313058,0.680047,,5300,,
0,2,,0.021155,0.199149,0.779696,,5300,,
0,2,,0.385296,0.210328,0.404376,,5500,,
0,2,,0.0601,0.378142,0.561758,,5500,,
0,2,,0.155902,0.400765,0.443333,,5300,,
0,2,,0.083548,0.077983,0.838469,,5600,,
0,2,,0.036957,0.074152,0.888891,,5400,,
0,2,,0.189474,0.166692,0.643833,,5500,,
0,0,,0.481841,0.21391,0.304249,,5500,,
0,2,,0.04917,0.305448,0.645382,,5400,,
0,2,,0.129144,0.290356,0.5805,,5400,,
0,2,,0.27774,0.254746,0.467514,,5400,,
0,2,,0.226657,0.136003,0.63734,,5400,,
0,2,,0.244591,0.099431,0.655978,,5400,,
0,2,,0.118407,0.168502,0.71309,,5300,,
0,2,,0.002504,0.166098,0.831398,,5300,,
0,2,,0.042813,0.178621,0.778565,,5400,,
0,2,,0.053279,0.265172,0.68155,,5400,,
0,2,,0.059583,0.151773,0.788644,,5500,,
0,2,,0.057351,0.08146,0.861189,,5400,,
0,2,,0.082762,0.145848,0.77139,,5400,,
0,2,,0.175103,0.075455,0.749442,,5600,,
0,2,,0.082855,0.220184,0.696961,,5300,,
0,2,,0.180284,0.264309,0.555406,,5300,,
0,2,,0.132716,0.198266,0.669017,,5500,,
0,2,,0.083295,0.200833,0.715872,,5400,,
0,1,,0.13053,0.53585,0.33362,,5500,,
0,2,,0.201167,0.379696,0.419137,,5400,,
0,1,,0.120803,0.755238,0.123959,,5400,,
0,2,,0.195809,0.215693,0.588498,,5400,,
0,2,,0.170023,0.392075,0.437901,,5500,,
0,2,,0.162827,0.131207,0.705966,,5500,,
0,1,,0.086404,0.47802,0.435576,,5600,,
0,2,,0.18862,0.319792,0.491588,,5400,,
0,2,,0.098384,0.182345,0.719271,,5300,,
0,2,,0.327513,0.280085,0.392401,,5500,,
0,2,,0.153202,0.173725,0.673073,,5500,,
0,2,,0.200218,0.212245,0.587537,,5400,,
0,1,,0.283867,0.390082,0.326051,,5600,,
0,2,,0.283116,0.114462,0.602422,,5400,,
0,2,,0.006573,0.213265,0.780162,,5300,,
0,2,,0.096797,0.205175,0.698028,,5400,,
0,2,,0.291719,0.184987,0.523294,,5400,,
0,2,,0.207718,0.168913,0.623369,,5400,,
0,2,,0.19001,0.085992,0.723998,,5400,,
0,2,,0.291432,0.130848,0.577721,,5600,,
0,2,,0.372926,0.21972,0.407354,,5500,,
0,2,,0.132675,0.238118,0.629208,,5300,,
0,2,,0.214401,0.381231,0.404368,,5400,,
0,0,,0.477483,0.166614,0.355903,,5500,,
0,2,,0.247296,0.320057,0.432648,,5500,,
0,2,,0.146834,0.251247,0.601919,,5400,,
0,2,,0.138998,0.21813,0.642872,,5400,,
0,2,,0.163929,0.12791,0.708161,,5400,,
0,2,,0.027242,0.052641,0.920117,,5400,,
0,2,,0.304617,0.2952,0.400182,,5400,,
0,2,,0.125268,0.232527,0.642205,,5400,,
0,2,,0.031701,0.125279,0.84302,,5400,,
0,2,,0.201319,0.173481,0.6252,,5400,,
0,0,,0.479681,0.265315,0.255004,,5400,,
0,2,,0.270116,0.319827,0.410056,,5400,,
0,2,,0.338877,0.095057,0.566066,,5400,,
0,2,,0.397506,0.076727,0.525767,,5400,,
0,1,,0.143471,0.457182,0.399347,,5300,,
0,2,,0.026646,0.140602,0.832752,,5300,,
0,2,,0.111748,0.062211,0.826041,,5400,,
0,2,,0.31443,0.171735,0.513835,,5400,,
0,2,,0.116716,0.168139,0.715145,,5400,,
0,2,,0.409372,0.130542,0.460086,,5400,,
0,2,,0.141959,0.142084,0.715958,,5400,,
0,2,,0.327084,0.2036,0.469317,,5400,,
0,2,,0.16062,0.196628,0.642752,,5400,,
0,2,,0.175391,0.152669,0.671939,,5400,,
0,1,,0.050072,0.514637,0.435291,,5400,,
0,2,,0.305226,0.126379,0.568395,,5400,,
0,2,,0.154145,0.06825,0.777605,,5500,,
0,2,,0.090361,0.447661,0.461977,,5400,,
0,2,,0.194889,0.181494,0.623617,,5500,,
0,2,,0.196307,0.327369,0.476324,,5400,,
0,2,,0.38231,0.106221,0.511468,,5500,,
0,2,,0.158334,0.313754,0.527913,,5500,,
0,1,,0.198132,0.567081,0.234787,,5400,,
0,2,,0.162499,0.24378,0.593721,,5400,,
0,0,,0.35909,0.28877,0.35214,,5500,,
0,2,,0.067486,0.071419,0.861094,,5500,,
0,2,,0.124255,0.332734,0.543011,,5400,,
0,2,,0.394298,0.152798,0.452904,,5600,,
0,2,,0.209028,0.200655,0.590317,,5400,,
0,2,,0.276655,0.354304,0.369041,,5600,,
0,1,,0.092182,0.508195,0.399624,,5400,,
0,2,,0.091751,0.378988,0.529261,,5300,,
0,2,,0.271323,0.191889,0.536788,,5500,,
0,2,,0.097948,0.428772,0.47328,,5400,,
0,1,,0.176926,0.469839,0.353236,,5500,,
0,2,,0.022083,0.04179,0.936128,,5400,,
0,2,,0.247221,0.229456,0.523323,,5300,,
0,2,,0.041518,0.333161,0.62532,,5300,,
