connect-4,Randf,test,3,NANOSECONDS,PREDICTIONS, Generated by ClassifierExperiments.java on 2022-05-16 03:29:46.    SYSTEMPROPERTIES:{user.name:matth,os.arch:amd64,os.name:Windows 10},ENDSYSTEMPROPERTIES
No parameter info
0.7242451154529307,36700900,85806400,-1,0,3,,-1,-1
0,1,,0.08361,0.649825,0.266565,,7800,,
0,2,,0.110278,0.164408,0.725314,,5600,,
0,2,,0.361973,0.208576,0.429451,,5500,,
0,2,,0.290383,0.24779,0.461828,,5400,,
0,1,,0.143864,0.4644,0.391737,,5400,,
0,2,,0.211383,0.289841,0.498776,,5700,,
0,2,,0.111321,0.317419,0.57126,,5400,,
0,2,,0.123488,0.160197,0.716315,,5300,,
0,2,,0.079026,0.453611,0.467362,,5400,,
0,2,,0.048768,0.169156,0.782076,,5300,,
0,2,,0.04964,0.259383,0.690977,,5500,,
0,2,,0.206251,0.250842,0.542908,,5600,,
0,2,,0.313789,0.095554,0.590656,,5300,,
0,2,,0.301771,0.164754,0.533475,,5400,,
0,1,,0.002124,0.590456,0.40742,,5500,,
0,2,,0.179134,0.132614,0.688252,,5500,,
0,2,,0.04002,0.256794,0.703186,,5400,,
0,2,,0.03995,0.395479,0.564571,,5400,,
0,2,,0.391108,0.068282,0.54061,,5600,,
0,2,,0.263484,0.189106,0.547409,,5600,,
0,2,,0.200398,0.105673,0.693929,,5400,,
0,2,,0.012401,0.292392,0.695207,,5400,,
0,2,,0.035385,0.119265,0.845351,,5300,,
0,1,,0.004205,0.610432,0.385364,,5500,,
0,2,,0.168005,0.299579,0.532416,,5300,,
0,0,,0.38896,0.265493,0.345547,,5500,,
0,2,,0.041086,0.208382,0.750532,,5300,,
0,2,,0.026575,0.426759,0.546666,,5400,,
0,2,,0.210455,0.279806,0.509738,,5500,,
0,2,,0.019003,0.108017,0.872979,,5300,,
0,2,,0.265339,0.18426,0.550401,,5400,,
0,2,,0.144078,0.158859,0.697063,,5400,,
0,2,,0.290404,0.293301,0.416295,,5600,,
0,2,,0.368798,0.21959,0.411613,,5600,,
0,2,,0.025569,0.255865,0.718566,,5300,,
0,2,,0.206944,0.370714,0.422342,,5500,,
0,2,,0.296716,0.108766,0.594518,,5500,,
0,2,,0.067057,0.11156,0.821383,,5400,,
0,2,,0.056851,0.096753,0.846396,,5300,,
0,2,,0.265372,0.215091,0.519537,,5400,,
0,2,,0.032688,0.081242,0.88607,,5300,,
0,2,,0.27018,0.247344,0.482476,,5400,,
0,1,,0.278133,0.436981,0.284886,,5400,,
0,2,,0.035609,0.075329,0.889062,,5400,,
0,1,,0.191222,0.492783,0.315995,,5300,,
0,0,,0.466405,0.163778,0.369818,,5400,,
0,2,,0.049015,0.273613,0.677372,,5300,,
0,2,,0.146148,0.281432,0.572419,,5300,,
0,2,,0.130537,0.424597,0.444867,,5500,,
0,2,,0.08796,0.201587,0.710453,,5400,,
0,2,,0.207013,0.344145,0.448843,,5500,,
0,2,,0.118264,0.16089,0.720846,,5500,,
0,2,,0.085084,0.060293,0.854623,,5400,,
0,2,,0.05237,0.117951,0.829679,,5300,,
0,2,,0.129498,0.063874,0.806628,,5300,,
0,0,,0.560708,0.231683,0.207609,,5400,,
0,2,,0.000154,0.492593,0.507253,,5400,,
0,2,,0.185505,0.30149,0.513005,,5300,,
0,0,,0.453863,0.126023,0.420114,,5400,,
0,2,,0.111845,0.16989,0.718266,,5300,,
0,2,,0.122068,0.161164,0.716769,,5500,,
0,2,,0.091931,0.21061,0.697459,,5400,,
0,2,,0.341543,0.214327,0.444131,,5400,,
0,2,,0.043363,0.132504,0.824133,,5300,,
0,2,,0.219111,0.379915,0.400974,,5300,,
0,2,,0.14112,0.086982,0.771898,,5600,,
0,2,,0.074584,0.398005,0.527411,,5300,,
0,2,,0.043147,0.090314,0.866539,,5300,,
0,2,,0.081325,0.09,0.828675,,5400,,
0,2,,0.172049,0.147459,0.680491,,5400,,
0,2,,0.021762,0.377382,0.600856,,5400,,
0,2,,0.12724,0.130351,0.742409,,5400,,
0,2,,0.059414,0.138776,0.80181,,5400,,
0,2,,0.128569,0.25878,0.612651,,5400,,
0,2,,0.118415,0.193286,0.6883,,5400,,
0,2,,0.101964,0.3211,0.576936,,5400,,
0,1,,0.097635,0.567222,0.335143,,5400,,
0,2,,0.058104,0.036823,0.905073,,5400,,
0,2,,0.020417,0.344074,0.63551,,5500,,
0,2,,0.140375,0.124171,0.735454,,5500,,
0,2,,0.150674,0.389436,0.45989,,5400,,
0,2,,0.339287,0.164508,0.496205,,5400,,
0,2,,0.018897,0.245272,0.735831,,5300,,
0,2,,0.266082,0.137261,0.596657,,5300,,
0,1,,0.132479,0.450311,0.41721,,5300,,
0,2,,0.10616,0.167065,0.726774,,5400,,
0,2,,0.035452,0.308225,0.656324,,5300,,
0,2,,0.236247,0.30371,0.460042,,5400,,
0,2,,0.155548,0.129337,0.715115,,5400,,
0,2,,0.014989,0.076341,0.90867,,5300,,
0,1,,0.053533,0.599145,0.347322,,5400,,
0,2,,0.032377,0.10521,0.862413,,5400,,
0,2,,0.087525,0.082222,0.830254,,5400,,
0,2,,0.13683,0.388155,0.475015,,5300,,
0,0,,0.529623,0.235817,0.234559,,5500,,
0,2,,0.125993,0.360123,0.513883,,5400,,
0,2,,0.107043,0.244483,0.648474,,5400,,
0,2,,0.063998,0.333415,0.602587,,5400,,
0,2,,0.175274,0.339326,0.485399,,5400,,
0,2,,0.401308,0.10666,0.492032,,5300,,
0,2,,0.074127,0.118407,0.807466,,5300,,
0,2,,0.382555,0.177857,0.439588,,5300,,
0,2,,0.162119,0.266726,0.571155,,5300,,
0,2,,0.280814,0.290996,0.42819,,5400,,
0,1,,0.144004,0.628961,0.227035,,5400,,
0,2,,0.108302,0.443555,0.448143,,5300,,
0,2,,0.351407,0.281027,0.367566,,5400,,
0,2,,0.087126,0.056092,0.856782,,5400,,
0,2,,0.037063,0.198452,0.764485,,5300,,
0,2,,0.169521,0.105058,0.72542,,5400,,
0,2,,0.255902,0.285483,0.458615,,5400,,
0,2,,0.103211,0.437617,0.459172,,5400,,
0,2,,0.062815,0.229445,0.70774,,5300,,
0,2,,0.219603,0.359397,0.421,,5300,,
0,2,,0.051516,0.147225,0.801258,,5300,,
0,1,,0.030264,0.669181,0.300555,,5300,,
0,2,,0.062711,0.0495,0.887789,,5400,,
0,2,,0.319366,0.137301,0.543333,,5400,,
0,2,,0.222304,0.336216,0.44148,,5300,,
0,2,,0.061717,0.194844,0.74344,,5400,,
0,2,,0.167089,0.222477,0.610434,,5500,,
0,1,,0.301995,0.456646,0.241359,,5500,,
0,2,,0.282479,0.293405,0.424117,,5500,,
0,1,,0.084007,0.654998,0.260995,,5300,,
0,2,,0.366505,0.14291,0.490585,,5400,,
0,2,,0.12195,0.142426,0.735625,,5400,,
0,0,,0.445373,0.340549,0.214078,,5400,,
0,2,,0.144449,0.078113,0.777438,,5400,,
0,2,,0.098903,0.171906,0.729191,,5300,,
0,2,,0.102791,0.433856,0.463353,,5300,,
0,2,,0.023656,0.082727,0.893618,,5300,,
0,2,,0.384368,0.164769,0.450863,,5500,,
0,2,,0.219836,0.302619,0.477545,,5400,,
0,2,,0.059454,0.186797,0.753749,,5300,,
0,2,,0.301719,0.289554,0.408727,,5400,,
0,2,,0.091728,0.37459,0.533682,,5300,,
0,2,,0.194362,0.219209,0.586428,,5500,,
0,2,,0.221615,0.266776,0.511609,,5400,,
0,2,,0.085265,0.164949,0.749786,,5400,,
0,2,,0.132945,0.133653,0.733402,,5400,,
0,2,,0.045686,0.110694,0.84362,,5300,,
0,0,,0.436382,0.188349,0.375269,,5400,,
0,2,,0.056908,0.19833,0.744763,,5300,,
0,1,,0.188661,0.49514,0.316199,,5400,,
0,2,,0.082501,0.194828,0.722671,,5400,,
0,2,,0.060771,0.210113,0.729116,,5400,,
0,2,,0.118586,0.111719,0.769695,,5400,,
0,2,,0.311429,0.126065,0.562506,,5400,,
0,2,,0.184592,0.289261,0.526147,,5400,,
0,2,,0.101268,0.049791,0.848941,,5400,,
0,2,,0.053152,0.237865,0.708983,,5400,,
0,2,,0.191285,0.27777,0.530946,,5500,,
0,2,,0.179696,0.155986,0.664319,,5400,,
0,2,,0.279572,0.25981,0.460618,,5300,,
0,2,,0.32048,0.175827,0.503694,,5500,,
0,0,,0.394679,0.306052,0.299269,,5400,,
0,2,,0.056558,0.190607,0.752835,,5300,,
0,2,,0.031198,0.143126,0.825677,,7000,,
0,2,,0.160475,0.117537,0.721988,,6500,,
0,2,,0.06016,0.180064,0.759776,,7100,,
0,2,,0.060514,0.376204,0.563282,,7200,,
0,2,,0.179102,0.239316,0.581582,,8400,,
0,2,,0.136864,0.103887,0.759249,,8000,,
0,2,,0.149238,0.236414,0.614348,,6100,,
0,0,,0.523773,0.119925,0.356302,,5500,,
0,2,,0.091535,0.136742,0.771722,,5400,,
0,0,,0.465262,0.188068,0.34667,,5400,,
0,2,,0.115563,0.168,0.716437,,5500,,
0,0,,0.459612,0.132922,0.407466,,5400,,
0,2,,0.106557,0.329399,0.564044,,5300,,
0,2,,0.158854,0.111334,0.729812,,5400,,
0,2,,0.018137,0.177523,0.80434,,5300,,
0,2,,0.130841,0.30163,0.56753,,5400,,
0,2,,0.069838,0.303349,0.626813,,5400,,
0,1,,0.220835,0.401019,0.378146,,5600,,
0,2,,0.154548,0.122294,0.723158,,5400,,
0,0,,0.629553,0.070805,0.299643,,5400,,
0,0,,0.65545,0.07838,0.266169,,5400,,
0,1,,0.133059,0.709768,0.157174,,5400,,
0,2,,0.227605,0.178543,0.593852,,5400,,
0,1,,0.157963,0.453357,0.38868,,5400,,
0,2,,0.104997,0.177396,0.717607,,5400,,
0,2,,0.167207,0.225564,0.607229,,5300,,
0,2,,0.102344,0.305663,0.591993,,5400,,
0,1,,0.111975,0.580736,0.30729,,5500,,
0,1,,0.048935,0.537402,0.413664,,5400,,
0,0,,0.471378,0.154545,0.374078,,5400,,
0,2,,0.225167,0.193905,0.580928,,5300,,
0,2,,0.083089,0.090782,0.826129,,5400,,
0,2,,0.166626,0.109835,0.723539,,5400,,
0,2,,0.230458,0.131449,0.638093,,5500,,
0,1,,0.091215,0.47242,0.436364,,5400,,
0,1,,0.105436,0.574775,0.319788,,5400,,
0,2,,0.297923,0.294078,0.407998,,5300,,
0,2,,0.196664,0.027312,0.776024,,5400,,
0,2,,0.1919,0.276422,0.531678,,5400,,
0,2,,0.206026,0.205764,0.588209,,5400,,
0,2,,0.101028,0.193752,0.705219,,5400,,
0,2,,0.058835,0.442894,0.498272,,5400,,
0,2,,0.063764,0.233298,0.702937,,5400,,
0,2,,0.111158,0.037463,0.851379,,5400,,
0,2,,0.254532,0.08007,0.665398,,5500,,
0,0,,0.626024,0.106532,0.267444,,5500,,
0,2,,0.174982,0.082928,0.74209,,5500,,
0,2,,0.127602,0.291536,0.580862,,5300,,
0,2,,0.206339,0.09776,0.695901,,5400,,
0,2,,0.070243,0.118429,0.811328,,5400,,
0,0,,0.466539,0.127255,0.406206,,5400,,
0,1,,0.039397,0.555854,0.404749,,5400,,
0,2,,0.187887,0.294035,0.518078,,5300,,
0,2,,0.044488,0.0763,0.879212,,5400,,
0,2,,0.214818,0.15937,0.625812,,5500,,
0,1,,0.332897,0.405148,0.261955,,5500,,
0,2,,0.072881,0.195597,0.731522,,5300,,
0,0,,0.609752,0.104706,0.285541,,5700,,
0,1,,0.110108,0.542327,0.347566,,5400,,
0,2,,0.168813,0.135703,0.695484,,5400,,
0,2,,0.15107,0.130961,0.717969,,5400,,
0,1,,0.027057,0.490086,0.482857,,5500,,
0,2,,0.076359,0.399751,0.52389,,5400,,
0,2,,0.261666,0.160137,0.578197,,5300,,
0,0,,0.64632,0.033777,0.319903,,5500,,
0,2,,0.065356,0.112671,0.821973,,5400,,
0,1,,0.02177,0.498609,0.479621,,5400,,
0,2,,0.385329,0.059798,0.554873,,5300,,
0,2,,0.037685,0.454259,0.508056,,5400,,
0,2,,0.183679,0.090683,0.725638,,5400,,
0,1,,0.340918,0.446438,0.212644,,5600,,
0,2,,0.131183,0.208559,0.660258,,5400,,
0,2,,0.076576,0.12765,0.795774,,5300,,
0,2,,0.20268,0.160956,0.636364,,5500,,
0,0,,0.412444,0.179017,0.408539,,5500,,
0,0,,0.359582,0.356276,0.284142,,5500,,
0,2,,0.125462,0.075776,0.798762,,5500,,
0,2,,0.313188,0.325814,0.360998,,5600,,
0,1,,0.010183,0.600595,0.389222,,5500,,
0,0,,0.439474,0.29978,0.260745,,5500,,
0,2,,0.086587,0.056395,0.857017,,5300,,
0,2,,0.130215,0.133437,0.736348,,5600,,
0,2,,0.314856,0.077071,0.608073,,5300,,
0,2,,0.128027,0.114677,0.757296,,5400,,
0,2,,0.246505,0.065427,0.688068,,5400,,
0,2,,0.333952,0.156172,0.509875,,5400,,
0,2,,0.351244,0.267839,0.380917,,5400,,
0,2,,0.284482,0.194925,0.520594,,5500,,
0,1,,0.024084,0.644296,0.33162,,5400,,
0,2,,0.103819,0.046519,0.849661,,5400,,
0,2,,0.251816,0.120916,0.627267,,5300,,
0,2,,0.299312,0.149461,0.551228,,5400,,
0,0,,0.43307,0.246152,0.320778,,5400,,
0,2,,0.051177,0.088536,0.860287,,5400,,
0,2,,0.044613,0.177931,0.777456,,5400,,
0,2,,0.061536,0.104235,0.834229,,5400,,
0,2,,0.052892,0.107338,0.83977,,5300,,
0,2,,0.040194,0.112651,0.847155,,5300,,
0,2,,0.253913,0.070681,0.675406,,5400,,
0,2,,0.031963,0.181115,0.786923,,5300,,
0,2,,0.327406,0.103033,0.569561,,5400,,
0,2,,0.315371,0.195525,0.489104,,5400,,
0,2,,0.077915,0.222336,0.69975,,5300,,
0,2,,0.112999,0.363225,0.523776,,5400,,
0,2,,0.083137,0.076887,0.839976,,5500,,
0,2,,0.107087,0.251128,0.641784,,5300,,
0,0,,0.487598,0.118622,0.39378,,5400,,
0,2,,0.023602,0.456362,0.520036,,5400,,
0,2,,0.06976,0.107766,0.822474,,5300,,
0,2,,0.022376,0.042155,0.935469,,5400,,
0,2,,0.102899,0.226287,0.670814,,5400,,
0,1,,0.030533,0.544313,0.425155,,5400,,
0,1,,0.195016,0.442828,0.362156,,5400,,
0,2,,0.174266,0.169768,0.655966,,5400,,
0,2,,0.111211,0.183915,0.704874,,5400,,
0,0,,0.380981,0.306102,0.312917,,5400,,
0,2,,0.230353,0.172386,0.59726,,5300,,
0,2,,0.1836,0.113011,0.703389,,5300,,
0,2,,0.048741,0.453981,0.497278,,5500,,
0,1,,0.332822,0.376888,0.29029,,5400,,
0,0,,0.362222,0.287038,0.35074,,5400,,
0,2,,0.106361,0.186133,0.707507,,5300,,
0,2,,0.045607,0.252947,0.701446,,5300,,
0,2,,0.048573,0.29876,0.652667,,5300,,
0,2,,0.059889,0.167658,0.772453,,5400,,
0,2,,0.072106,0.125069,0.802825,,5300,,
0,2,,0.163887,0.24283,0.593283,,5400,,
0,2,,0.200849,0.170553,0.628598,,5400,,
0,2,,0.081481,0.205284,0.713235,,5300,,
0,2,,0.1225,0.139469,0.738031,,5500,,
0,2,,0.134054,0.141547,0.724398,,5400,,
0,2,,0.12951,0.295512,0.574979,,5300,,
0,2,,0.019428,0.098838,0.881735,,5300,,
0,2,,0.175478,0.132264,0.692258,,5400,,
0,2,,0.118986,0.112435,0.768578,,5400,,
0,2,,0.427367,0.05301,0.519623,,5500,,
0,2,,0.339996,0.274074,0.385929,,5400,,
0,2,,0.050736,0.158664,0.7906,,5400,,
0,2,,0.178397,0.210204,0.611399,,5400,,
0,2,,0.141107,0.14341,0.715483,,5500,,
0,2,,0.263632,0.112529,0.623839,,5300,,
0,2,,0.052958,0.169783,0.777259,,5300,,
0,2,,0.162511,0.295743,0.541746,,5300,,
0,2,,0.029453,0.146884,0.823662,,5400,,
0,2,,0.246315,0.15754,0.596144,,5600,,
0,2,,0.118677,0.236093,0.64523,,5400,,
0,1,,0.037952,0.503323,0.458725,,5400,,
0,2,,0.196794,0.280927,0.522279,,5300,,
0,2,,0.162138,0.400122,0.43774,,5400,,
0,2,,0.195669,0.14002,0.664311,,5400,,
0,2,,0.201288,0.29911,0.499602,,5500,,
0,2,,0.272779,0.198034,0.529187,,5500,,
0,2,,0.263456,0.1272,0.609344,,5300,,
0,2,,0.326733,0.228125,0.445141,,5400,,
0,2,,0.151764,0.210123,0.638113,,5400,,
0,1,,0.11978,0.462366,0.417854,,5500,,
0,2,,0.007115,0.430152,0.562733,,5400,,
0,2,,0.066104,0.111847,0.822049,,5300,,
0,2,,0.292032,0.241392,0.466575,,5400,,
0,1,,0.237213,0.533801,0.228986,,5400,,
0,2,,0.343402,0.178498,0.4781,,5600,,
0,0,,0.432444,0.140902,0.426654,,5400,,
0,2,,0.18672,0.21379,0.59949,,5300,,
0,2,,0.08232,0.404612,0.513069,,5400,,
0,2,,0.178361,0.202581,0.619059,,5500,,
0,0,,0.387739,0.237761,0.3745,,5500,,
0,2,,0.064275,0.130987,0.804738,,5400,,
0,2,,0.165729,0.375065,0.459205,,5500,,
0,2,,0.311147,0.18871,0.500143,,5400,,
0,2,,0.386636,0.151589,0.461775,,5400,,
0,2,,0.051522,0.105948,0.84253,,5300,,
0,2,,0.076258,0.032598,0.891143,,5500,,
0,2,,0.178848,0.195037,0.626115,,5400,,
0,2,,0.089517,0.174006,0.736476,,5400,,
0,1,,0.084678,0.555092,0.36023,,5400,,
0,2,,0.230666,0.166568,0.602766,,5400,,
0,2,,0.169124,0.250918,0.579958,,6500,,
0,1,,0.337264,0.368518,0.294218,,5600,,
0,2,,0.065319,0.381744,0.552937,,5400,,
0,2,,0.125068,0.098929,0.776002,,5400,,
0,2,,0.145235,0.177632,0.677133,,5500,,
0,2,,0.317223,0.150366,0.532411,,5400,,
0,2,,0.200899,0.138785,0.660316,,5400,,
0,2,,0.11585,0.334134,0.550016,,5300,,
0,2,,0.123439,0.374664,0.501897,,5300,,
0,2,,0.162493,0.130977,0.706529,,5400,,
0,2,,0.361479,0.171514,0.467007,,5400,,
0,2,,0.169779,0.163286,0.666934,,5300,,
0,2,,0.177759,0.259781,0.562461,,5400,,
0,2,,0.03911,0.115186,0.845704,,5400,,
0,2,,0.10503,0.106562,0.788407,,5400,,
0,2,,0.083296,0.323418,0.593285,,5500,,
0,2,,0.081586,0.222789,0.695625,,5300,,
0,2,,0.080995,0.156735,0.76227,,5300,,
0,2,,0.14328,0.274077,0.582643,,5300,,
0,2,,0.34134,0.152524,0.506135,,5500,,
0,0,,0.46683,0.132695,0.400476,,5500,,
0,2,,0.100808,0.243876,0.655315,,5500,,
0,2,,0.146981,0.32369,0.529329,,5300,,
0,2,,0.095257,0.1308,0.773943,,5400,,
0,2,,0.192065,0.39821,0.409725,,5400,,
0,2,,0.22769,0.378636,0.393674,,5300,,
0,2,,0.267524,0.326569,0.405907,,5400,,
0,2,,0.31909,0.191924,0.488986,,5400,,
0,2,,0.171914,0.222055,0.606032,,5300,,
0,2,,0.123149,0.222038,0.654813,,5300,,
0,2,,0.140255,0.301242,0.558503,,5400,,
0,2,,0.024348,0.345898,0.629754,,5300,,
0,2,,0.069954,0.224823,0.705223,,5300,,
0,2,,0.249878,0.218758,0.531364,,5400,,
0,2,,0.150844,0.275136,0.57402,,5400,,
0,2,,0.143677,0.200297,0.656026,,5300,,
0,2,,0.056349,0.102595,0.841056,,5300,,
0,0,,0.472589,0.152827,0.374584,,5400,,
0,2,,0.198594,0.33578,0.465626,,5400,,
0,0,,0.519127,0.096978,0.383894,,5400,,
0,2,,0.106597,0.208258,0.685145,,5300,,
0,2,,0.098423,0.162977,0.738599,,5400,,
0,2,,0.195944,0.114445,0.689612,,5300,,
0,2,,0.058304,0.400038,0.541658,,5400,,
0,0,,0.583312,0.118299,0.29839,,5400,,
0,2,,0.02786,0.339689,0.632452,,5500,,
0,2,,0.226257,0.074199,0.699545,,5400,,
0,2,,0.113132,0.201784,0.685085,,5300,,
0,2,,0.173285,0.113173,0.713542,,5300,,
0,2,,0.20738,0.177536,0.615084,,5400,,
0,2,,0.41413,0.101538,0.484333,,5400,,
0,2,,0.033536,0.481907,0.484557,,5300,,
0,2,,0.285505,0.241611,0.472884,,5400,,
0,1,,0.190075,0.473838,0.336087,,5500,,
0,2,,0.124945,0.127647,0.747408,,5400,,
0,1,,0.018975,0.503989,0.477036,,5500,,
0,2,,0.319325,0.20109,0.479585,,5400,,
0,2,,0.18133,0.101974,0.716696,,5400,,
0,2,,0.070149,0.083882,0.845969,,5400,,
0,2,,0.263987,0.299482,0.436531,,5300,,
0,0,,0.407837,0.219675,0.372487,,5700,,
0,2,,0.319543,0.257311,0.423145,,5500,,
0,2,,0.177046,0.397521,0.425432,,5400,,
0,2,,0.206694,0.221952,0.571354,,5400,,
0,1,,0.114116,0.668442,0.217442,,5400,,
0,2,,0.280186,0.251124,0.468689,,5300,,
0,2,,0.107653,0.219742,0.672605,,5300,,
0,2,,0.16866,0.203918,0.627421,,5400,,
0,2,,0.156217,0.133254,0.710529,,5400,,
0,2,,0.179454,0.150183,0.670363,,5300,,
0,2,,0.04472,0.092486,0.862793,,5300,,
0,2,,0.258661,0.349449,0.391891,,5500,,
0,2,,0.061249,0.084389,0.854361,,5300,,
0,2,,0.267353,0.181989,0.550659,,5300,,
0,2,,0.362494,0.16665,0.470856,,5300,,
0,2,,0.397113,0.195153,0.407734,,5400,,
0,2,,0.181284,0.032909,0.785807,,5400,,
0,1,,0.109675,0.643518,0.246806,,5500,,
0,2,,0.180705,0.110629,0.708665,,5400,,
0,2,,0.020378,0.122765,0.856857,,5300,,
0,2,,0.178064,0.286698,0.535238,,5300,,
0,2,,0.20802,0.342249,0.449731,,5300,,
0,2,,0.062471,0.291667,0.645862,,5400,,
0,2,,0.243506,0.31726,0.439234,,5500,,
0,2,,0.195484,0.269946,0.53457,,5400,,
0,2,,0.182546,0.302604,0.514849,,5400,,
0,2,,0.061663,0.432507,0.505829,,5500,,
0,0,,0.438055,0.221971,0.339975,,5400,,
0,2,,0.00092,0.428342,0.570739,,5300,,
0,2,,0.164854,0.247888,0.587258,,5300,,
0,0,,0.448998,0.108561,0.442441,,5400,,
0,2,,0.216767,0.112769,0.670464,,5400,,
0,1,,0.117019,0.676179,0.206802,,5300,,
0,2,,0.055434,0.074845,0.869722,,5400,,
0,2,,0.054141,0.111775,0.834084,,5400,,
0,2,,0.24759,0.203987,0.548424,,5400,,
0,2,,0.249528,0.162361,0.588111,,5400,,
0,0,,0.436234,0.257576,0.30619,,5700,,
0,2,,0.066244,0.432272,0.501484,,5300,,
0,2,,0.253585,0.276356,0.470059,,5400,,
0,2,,0.207033,0.333338,0.459628,,5400,,
0,2,,0.080036,0.194197,0.725766,,5400,,
0,2,,0.235973,0.21497,0.549057,,5300,,
0,2,,0.260582,0.089311,0.650108,,5400,,
0,2,,0.296617,0.222802,0.480581,,5400,,
0,2,,0.267141,0.207766,0.525093,,5300,,
0,2,,0.07264,0.225932,0.701428,,5400,,
0,1,,0.103961,0.516678,0.379361,,5400,,
0,2,,0.161815,0.151408,0.686777,,5300,,
0,1,,0.131422,0.472249,0.396328,,5400,,
0,2,,0.127902,0.072704,0.799395,,5400,,
0,2,,0.245754,0.315319,0.438926,,5500,,
0,2,,0.07571,0.203216,0.721074,,5300,,
0,2,,0.284114,0.187929,0.527957,,5400,,
0,0,,0.445266,0.134293,0.420441,,5400,,
0,2,,0.126084,0.197008,0.676907,,5400,,
0,2,,0.132115,0.365766,0.502119,,5500,,
0,1,,0.104384,0.557468,0.338148,,5400,,
0,2,,0.160287,0.3082,0.531512,,5400,,
0,1,,0.056043,0.540078,0.403878,,5400,,
0,2,,0.07476,0.279318,0.645922,,5300,,
0,2,,0.219409,0.110868,0.669723,,5400,,
0,2,,0.224491,0.226488,0.549022,,5400,,
0,1,,0.126714,0.508804,0.364482,,5400,,
0,0,,0.404128,0.222626,0.373246,,5400,,
0,2,,0.085486,0.132042,0.782471,,5400,,
0,1,,0.086321,0.587873,0.325806,,5500,,
0,1,,0.060146,0.501726,0.438129,,5400,,
0,2,,0.353295,0.087139,0.559566,,5400,,
0,1,,0.131207,0.555843,0.31295,,5400,,
0,2,,0.070477,0.355399,0.574124,,5300,,
0,2,,0.061884,0.246111,0.692005,,5300,,
0,2,,0.050694,0.084586,0.86472,,5400,,
0,2,,0.015303,0.137669,0.847028,,5300,,
0,2,,0.03748,0.121557,0.840963,,5400,,
0,2,,0.270347,0.222664,0.506989,,5400,,
0,2,,0.139154,0.24977,0.611076,,5300,,
0,2,,0.042335,0.298947,0.658718,,5300,,
0,2,,0.333722,0.194064,0.472214,,5400,,
0,2,,0.147792,0.238001,0.614207,,5300,,
0,0,,0.387513,0.274264,0.338223,,5400,,
0,2,,0.194325,0.173406,0.632269,,5400,,
0,2,,0.081623,0.073451,0.844927,,5400,,
0,2,,0.261555,0.224379,0.514066,,5300,,
0,2,,0.353606,0.143083,0.503311,,5500,,
0,2,,0.098222,0.239336,0.662441,,5300,,
0,2,,0.109911,0.081623,0.808466,,5300,,
0,2,,0.208158,0.223665,0.568178,,5300,,
0,1,,0.059958,0.581739,0.358303,,5400,,
0,2,,0.15861,0.304526,0.536863,,5600,,
0,0,,0.491437,0.264973,0.24359,,5500,,
0,1,,0.178038,0.47696,0.345002,,5400,,
0,2,,0.162922,0.230576,0.606502,,5400,,
0,2,,0.067811,0.418597,0.513592,,5400,,
0,2,,0.132393,0.133129,0.734478,,5500,,
0,1,,0.040049,0.70576,0.254191,,5400,,
0,2,,0.109789,0.170285,0.719927,,5300,,
0,2,,0.075941,0.272706,0.651353,,5400,,
0,2,,0.062885,0.150326,0.786788,,5400,,
0,2,,0.068703,0.325804,0.605493,,5400,,
0,0,,0.46821,0.218018,0.313773,,5500,,
0,2,,0.111592,0.335191,0.553217,,5500,,
0,2,,0.284032,0.324519,0.391449,,5500,,
0,2,,0.04623,0.367403,0.586367,,5400,,
0,2,,0.106131,0.224829,0.66904,,5300,,
0,2,,0.067316,0.100284,0.832401,,5400,,
0,2,,0.049208,0.144635,0.806157,,5400,,
0,2,,0.036914,0.260688,0.702398,,5300,,
0,2,,0.04,0.052933,0.907067,,5400,,
0,2,,0.165409,0.41448,0.420111,,5300,,
0,2,,0.132528,0.308925,0.558547,,5400,,
0,2,,0.242306,0.044706,0.712988,,5400,,
0,2,,0.211518,0.205895,0.582587,,5400,,
0,2,,0.286476,0.158904,0.55462,,5500,,
0,1,,0.069998,0.515543,0.414459,,5400,,
0,2,,0.255932,0.086657,0.657411,,5400,,
0,2,,0.133287,0.278195,0.588518,,5500,,
0,2,,0.191088,0.260391,0.548521,,5400,,
0,1,,0.218584,0.58966,0.191756,,5600,,
0,2,,0.168619,0.176758,0.654623,,6200,,
0,2,,0.149485,0.136248,0.714267,,5400,,
0,2,,0.112275,0.293269,0.594456,,5500,,
0,1,,0.125274,0.584359,0.290367,,5300,,
0,2,,0.219994,0.099446,0.68056,,5400,,
0,2,,0.03671,0.13498,0.82831,,5300,,
0,2,,0.092325,0.109394,0.798282,,5300,,
0,2,,0.11371,0.196951,0.689339,,5400,,
0,2,,0.110675,0.105263,0.784062,,5400,,
0,2,,0.102775,0.121484,0.775741,,5300,,
0,2,,0.15194,0.24956,0.598501,,5500,,
0,1,,0.179778,0.441686,0.378536,,5500,,
0,2,,0.23124,0.178803,0.589958,,5500,,
0,2,,0.06785,0.399141,0.533008,,5300,,
0,2,,0.035504,0.077957,0.886539,,5400,,
0,2,,0.21211,0.294106,0.493784,,5300,,
0,2,,0.034573,0.145345,0.820082,,5300,,
0,2,,0.116281,0.262847,0.620872,,5400,,
0,2,,0.091611,0.379936,0.528453,,5300,,
0,2,,0.06635,0.258328,0.675322,,5300,,
0,2,,0.190742,0.235574,0.573684,,5300,,
0,2,,0.217773,0.281866,0.500361,,5400,,
0,2,,0.396358,0.159233,0.444409,,5400,,
0,2,,0.032023,0.257872,0.710105,,5300,,
0,1,,0.23523,0.4477,0.31707,,5400,,
0,2,,0.365976,0.124535,0.509489,,5400,,
0,2,,0.017776,0.299664,0.682559,,5300,,
0,2,,0.15625,0.11915,0.7246,,5400,,
0,2,,0.035913,0.401193,0.562895,,5300,,
0,2,,0.333035,0.211957,0.455008,,5400,,
0,2,,0.142709,0.282123,0.575168,,5400,,
0,2,,0.247001,0.210104,0.542895,,5500,,
0,2,,0.101006,0.10994,0.789053,,5400,,
0,2,,0.041056,0.080372,0.878572,,5300,,
0,2,,0.049617,0.062665,0.887717,,5300,,
0,2,,0.305855,0.300295,0.39385,,5400,,
0,0,,0.401922,0.218987,0.379091,,5500,,
0,2,,0.267808,0.253188,0.479004,,5400,,
0,2,,0.215579,0.256551,0.52787,,5400,,
0,1,,0.000644,0.5065,0.492856,,5400,,
0,2,,0.094091,0.311269,0.594639,,5300,,
0,1,,0.266108,0.376316,0.357577,,5600,,
0,2,,0.132109,0.201432,0.666459,,5400,,
0,1,,0.162064,0.437291,0.400645,,5500,,
0,2,,0.26066,0.25306,0.48628,,5600,,
0,2,,0.08805,0.119885,0.792065,,5300,,
0,2,,0.345745,0.240801,0.413455,,5600,,
0,1,,0.086712,0.609925,0.303363,,5400,,
0,2,,0.06874,0.412085,0.519175,,5300,,
0,2,,0.148464,0.239206,0.61233,,5300,,
0,2,,0.141676,0.244771,0.613553,,5400,,
0,2,,0.184868,0.125485,0.689648,,5300,,
0,2,,0.348252,0.103439,0.548309,,5400,,
0,0,,0.428933,0.280939,0.290128,,5700,,
0,2,,0.203796,0.363083,0.433121,,5400,,
0,2,,0.189875,0.199348,0.610777,,5400,,
0,2,,0.274257,0.195332,0.530411,,5500,,
0,0,,0.530685,0.085112,0.384203,,5400,,
0,2,,0.11814,0.314583,0.567277,,5300,,
0,2,,0.02639,0.055914,0.917696,,5300,,
0,2,,0.317596,0.23192,0.450483,,5400,,
0,2,,0.353221,0.227239,0.419539,,5300,,
0,2,,0.005244,0.194199,0.800557,,5400,,
0,0,,0.423882,0.258323,0.317795,,5500,,
0,2,,0.077668,0.233976,0.688356,,5400,,
0,2,,0.074387,0.101762,0.823851,,5300,,
0,2,,0.168519,0.151213,0.680267,,5400,,
0,2,,0.166215,0.136448,0.697337,,5500,,
0,2,,0.074355,0.300487,0.625158,,5300,,
0,2,,0.212114,0.118756,0.66913,,5400,,
0,1,,0.244428,0.427933,0.327639,,5400,,
0,2,,0.084156,0.059364,0.85648,,5500,,
0,2,,0.020242,0.452939,0.526819,,5400,,
0,0,,0.477904,0.260708,0.261389,,5500,,
0,2,,0.055269,0.108143,0.836589,,5300,,
0,1,,0.109272,0.501505,0.389223,,5500,,
0,1,,0.060808,0.625954,0.313238,,5400,,
0,2,,0.282132,0.202663,0.515205,,5400,,
0,2,,0.34654,0.124213,0.529247,,5400,,
0,2,,0.021635,0.361665,0.6167,,5300,,
0,2,,0.133139,0.380178,0.486683,,5400,,
0,2,,0.202181,0.360215,0.437604,,5300,,
0,1,,0.168781,0.512253,0.318966,,5400,,
0,2,,0.321151,0.135629,0.54322,,5500,,
0,2,,0.326505,0.300224,0.373272,,5500,,
0,2,,0.010259,0.207093,0.782648,,5300,,
0,1,,0.115463,0.480152,0.404384,,5400,,
0,2,,0.218865,0.137058,0.644077,,5400,,
0,2,,0.178846,0.108906,0.712248,,5400,,
0,2,,0.339641,0.106699,0.553659,,5400,,
0,2,,0.073147,0.295697,0.631156,,5300,,
0,2,,0.092181,0.364949,0.54287,,5400,,
0,2,,0.127765,0.101389,0.770846,,5400,,
0,2,,0.082564,0.287608,0.629828,,5400,,
0,2,,0.05356,0.200531,0.745909,,5300,,
0,2,,0.246656,0.116685,0.636659,,5400,,
0,0,,0.570389,0.146585,0.283026,,5400,,
0,1,,0.130825,0.436753,0.432422,,5300,,
0,2,,0.093735,0.239827,0.666438,,5400,,
0,2,,0.133986,0.144323,0.721691,,5400,,
0,2,,0.215626,0.189983,0.594391,,5500,,
0,2,,0.139152,0.241148,0.6197,,5300,,
0,1,,0.267509,0.462573,0.269918,,5500,,
0,2,,0.066794,0.174855,0.758351,,5400,,
0,2,,0.071019,0.206522,0.722459,,5400,,
0,2,,0.284814,0.13794,0.577246,,5400,,
0,0,,0.392523,0.300497,0.30698,,5500,,
0,2,,0.139338,0.362643,0.498019,,5300,,
0,1,,0.151247,0.499494,0.349258,,5400,,
0,2,,0.246677,0.222309,0.531014,,5400,,
0,2,,0.138004,0.332754,0.529241,,5300,,
0,0,,0.376033,0.314247,0.30972,,5400,,
0,2,,0.141177,0.195868,0.662955,,5400,,
0,2,,0.048173,0.213539,0.738288,,5300,,
0,2,,0.085738,0.147061,0.767201,,5300,,
0,1,,0.287779,0.364598,0.347622,,5400,,
0,2,,0.094959,0.337571,0.567469,,5400,,
0,2,,0.033124,0.121082,0.845794,,5400,,
0,2,,0.100207,0.144764,0.755029,,5300,,
0,0,,0.412028,0.224112,0.36386,,5600,,
0,2,,0.155653,0.095925,0.748422,,5400,,
0,2,,0.212229,0.226436,0.561335,,5400,,
0,2,,0.303738,0.123934,0.572328,,5400,,
0,2,,0.06724,0.07203,0.86073,,5400,,
0,2,,0.098689,0.363087,0.538224,,5400,,
0,0,,0.387661,0.29229,0.320049,,5400,,
0,2,,0.144899,0.420767,0.434334,,5500,,
0,2,,0.077198,0.288034,0.634769,,5300,,
0,0,,0.520868,0.177563,0.301568,,5400,,
0,2,,0.000501,0.383618,0.61588,,5300,,
0,2,,0.268672,0.147607,0.583722,,5400,,
0,2,,0.017059,0.203937,0.779004,,5300,,
0,2,,0.090896,0.143025,0.766078,,5400,,
0,2,,0.220581,0.303543,0.475876,,5300,,
0,2,,0.136209,0.257322,0.60647,,5300,,
0,2,,0.202072,0.145028,0.652901,,5500,,
0,2,,0.132449,0.163834,0.703717,,5600,,
0,0,,0.374942,0.299,0.326058,,5500,,
0,2,,0.182523,0.266501,0.550976,,5300,,
0,2,,0.150466,0.079277,0.770257,,5400,,
0,2,,0.212521,0.242032,0.545447,,5400,,
0,2,,0.312583,0.2228,0.464618,,5400,,
0,0,,0.492878,0.136824,0.370298,,5400,,
0,2,,0.081138,0.162281,0.756581,,5400,,
0,2,,0.186047,0.399289,0.414664,,5400,,
0,2,,0.051546,0.08108,0.867374,,5400,,
0,0,,0.395173,0.257598,0.347228,,5500,,
0,2,,0.065045,0.27911,0.655844,,5400,,
0,2,,0.054283,0.188736,0.756981,,5400,,
0,0,,0.474062,0.124492,0.401446,,5500,,
0,2,,0.173899,0.154974,0.671127,,5300,,
0,2,,0.270388,0.16511,0.564502,,5400,,
0,1,,0.193339,0.586506,0.220154,,5300,,
0,2,,0.194134,0.197592,0.608274,,5400,,
0,2,,0.133361,0.389901,0.476738,,5300,,
0,2,,0.092188,0.098585,0.809227,,5500,,
0,2,,0.307635,0.175608,0.516758,,5300,,
0,2,,0.366287,0.08695,0.546762,,5700,,
0,2,,0.162394,0.177646,0.659961,,5300,,
0,2,,0.191936,0.287015,0.521049,,5300,,
0,1,,0.165912,0.445866,0.388223,,5500,,
0,2,,0.190503,0.215998,0.593499,,5300,,
0,2,,0.06537,0.180087,0.754543,,5400,,
0,0,,0.587619,0.104408,0.307973,,5400,,
0,2,,0.105532,0.267567,0.626901,,5400,,
0,2,,0.063547,0.185423,0.75103,,5400,,
0,2,,0.223969,0.160716,0.615315,,5400,,
0,2,,0.333424,0.098586,0.56799,,5400,,
0,2,,0.32914,0.068361,0.602499,,5300,,
0,2,,0.026297,0.291791,0.681913,,5300,,
0,2,,0.234353,0.288075,0.477572,,5300,,
0,2,,0.182194,0.254802,0.563004,,5300,,
0,2,,0.270408,0.189666,0.539927,,5400,,
0,2,,0.098529,0.305589,0.595882,,5300,,
0,2,,0.237074,0.119078,0.643847,,5300,,
0,1,,0.104711,0.695004,0.200285,,5300,,
0,1,,0.280917,0.364318,0.354766,,5400,,
0,2,,0.305454,0.117068,0.577478,,5300,,
0,2,,0.26495,0.080396,0.654655,,5300,,
0,2,,0.219983,0.056667,0.72335,,5400,,
0,2,,0.114335,0.168399,0.717267,,6200,,
0,2,,0.186783,0.336187,0.477031,,5400,,
0,2,,0.226317,0.237618,0.536065,,5400,,
0,2,,0.091342,0.041111,0.867547,,5300,,
0,2,,0.04385,0.100855,0.855295,,5300,,
0,1,,0.213773,0.499366,0.286861,,5400,,
0,2,,0.136934,0.217826,0.64524,,5500,,
0,2,,0.049102,0.096595,0.854303,,5400,,
0,1,,0.054603,0.575184,0.370213,,5300,,
0,1,,0.264569,0.378688,0.356743,,5600,,
0,1,,0.250515,0.429785,0.3197,,5500,,
0,2,,0.253687,0.347977,0.398335,,5400,,
0,2,,0.10142,0.123139,0.775441,,5400,,
0,2,,0.246481,0.118662,0.634856,,5400,,
0,2,,0.291146,0.188877,0.519977,,5300,,
0,2,,0.151395,0.153172,0.695433,,5500,,
0,2,,0.11083,0.409635,0.479535,,5400,,
0,2,,0.050279,0.088797,0.860924,,5400,,
0,2,,0.113621,0.137933,0.748446,,5400,,
0,2,,0.108579,0.32258,0.568841,,5500,,
0,0,,0.415059,0.233975,0.350967,,5600,,
0,1,,0.256635,0.371877,0.371487,,5400,,
0,2,,0.234936,0.123119,0.641945,,5400,,
0,1,,0.098311,0.610481,0.291207,,5500,,
0,2,,0.170719,0.295578,0.533703,,5600,,
0,2,,0.078456,0.054205,0.867339,,5400,,
0,2,,0.167316,0.272054,0.560631,,5400,,
0,1,,0.116972,0.635607,0.247421,,5400,,
0,2,,0.05662,0.255592,0.687788,,5300,,
0,2,,0.053161,0.290247,0.656592,,5400,,
0,2,,0.103779,0.275199,0.621022,,5400,,
0,2,,0.175377,0.313541,0.511082,,5300,,
0,2,,0.078933,0.15451,0.766557,,5400,,
0,2,,0.209135,0.353168,0.437697,,5400,,
0,2,,0.157651,0.155913,0.686437,,5300,,
0,1,,0.114261,0.447109,0.43863,,5400,,
0,2,,0.085047,0.177252,0.737702,,5300,,
0,2,,0.074978,0.45293,0.472092,,5300,,
0,2,,0.178701,0.279445,0.541854,,5300,,
0,2,,0.061281,0.066098,0.872621,,5400,,
0,2,,0.129393,0.147731,0.722875,,5300,,
0,2,,0.241251,0.159372,0.599377,,5500,,
0,2,,0.357738,0.177672,0.464589,,5500,,
0,2,,0.161903,0.30628,0.531817,,5400,,
0,2,,0.160739,0.203872,0.635388,,5500,,
0,1,,0.224381,0.488184,0.287436,,5400,,
0,1,,0.243312,0.382068,0.37462,,5300,,
0,2,,0.081932,0.110144,0.807923,,5400,,
0,2,,0.224129,0.347863,0.428008,,5600,,
0,2,,0.15856,0.200517,0.640923,,5300,,
0,2,,0.231447,0.14932,0.619234,,5400,,
0,2,,0.189796,0.193489,0.616716,,5400,,
0,1,,0.25561,0.416902,0.327489,,5400,,
0,0,,0.490528,0.211531,0.297941,,5500,,
0,2,,0.1471,0.088048,0.764851,,5400,,
0,2,,0.099547,0.266096,0.634357,,5300,,
0,2,,0.100062,0.105249,0.794689,,5500,,
0,2,,0.079794,0.128024,0.792181,,5300,,
0,2,,0.136671,0.128857,0.734472,,5300,,
0,1,,0.142994,0.451509,0.405497,,5500,,
0,1,,0.147947,0.462024,0.390028,,5500,,
0,2,,0.273713,0.190012,0.536275,,5400,,
0,2,,0.263569,0.346985,0.389446,,5600,,
0,2,,0.364885,0.240267,0.394848,,5500,,
0,2,,0.078874,0.314735,0.606392,,5300,,
0,2,,0.079521,0.286061,0.634418,,5300,,
0,2,,0.139099,0.137089,0.723812,,5400,,
0,1,,0.148185,0.575767,0.276048,,5400,,
0,2,,0.206943,0.220271,0.572787,,5400,,
0,2,,0.105245,0.136589,0.758166,,5400,,
0,2,,0.065424,0.093636,0.840941,,5400,,
0,2,,0.147354,0.254389,0.598258,,5400,,
0,2,,0.045019,0.209606,0.745375,,5300,,
0,2,,0.153192,0.110108,0.7367,,5400,,
0,2,,0.224313,0.243624,0.532063,,5300,,
0,2,,0.163268,0.367881,0.468851,,5300,,
0,2,,0.168635,0.108466,0.7229,,5400,,
0,2,,0.239607,0.308706,0.451687,,5500,,
0,2,,0.076407,0.18352,0.740073,,5300,,
0,2,,0.090987,0.132716,0.776297,,5300,,
0,2,,0.291282,0.200131,0.508587,,5300,,
0,2,,0.02764,0.296082,0.676279,,5400,,
0,1,,0.350865,0.352164,0.296971,,5400,,
0,1,,0.18447,0.410978,0.404551,,5500,,
0,2,,0.104787,0.321681,0.573531,,5400,,
0,2,,0.069447,0.092764,0.837789,,5600,,
0,2,,0.048942,0.161163,0.789895,,5300,,
0,2,,0.099807,0.381198,0.518994,,5300,,
0,1,,0.095901,0.564219,0.33988,,5400,,
0,2,,0.30937,0.168807,0.521823,,5500,,
0,2,,0.096304,0.151895,0.751801,,5400,,
0,1,,0.22896,0.405712,0.365329,,5500,,
0,2,,0.160129,0.305289,0.534582,,5400,,
0,2,,0.157138,0.148697,0.694165,,5400,,
0,2,,0.186745,0.15051,0.662745,,5500,,
0,2,,0.230509,0.212941,0.55655,,5400,,
0,2,,0.149762,0.311545,0.538693,,5400,,
0,2,,0.161485,0.282957,0.555558,,5400,,
0,2,,0.064467,0.302776,0.632758,,5300,,
0,1,,0.101859,0.566217,0.331924,,5300,,
0,2,,0.028169,0.276338,0.695493,,5300,,
0,2,,0.054757,0.361252,0.583991,,5300,,
0,2,,0.007846,0.023739,0.968415,,5300,,
0,2,,0.165808,0.382077,0.452114,,5300,,
0,2,,0.200926,0.086835,0.712239,,5400,,
0,2,,0.150382,0.156593,0.693025,,5500,,
0,1,,0.092097,0.529746,0.378157,,5500,,
0,2,,0.099584,0.26767,0.632746,,5400,,
0,0,,0.510468,0.142994,0.346538,,5500,,
0,2,,0.179742,0.282358,0.5379,,5500,,
0,2,,0.095711,0.220859,0.68343,,5300,,
0,2,,0.187331,0.146207,0.666462,,5500,,
0,2,,0.084826,0.109834,0.805341,,5400,,
0,2,,0.271753,0.239932,0.488315,,5400,,
0,0,,0.489266,0.187807,0.322927,,5400,,
0,2,,0.038895,0.225405,0.7357,,5300,,
0,2,,0.275946,0.269666,0.454388,,5600,,
0,2,,0.045366,0.043162,0.911472,,5400,,
0,2,,0.142154,0.242261,0.615586,,5300,,
0,2,,0.181234,0.169928,0.648838,,5400,,
0,2,,0.094594,0.421812,0.483594,,5400,,
0,0,,0.454183,0.287161,0.258656,,5400,,
0,1,,0.120517,0.642215,0.237267,,5400,,
0,2,,0.343465,0.088967,0.567567,,5300,,
0,2,,0.09208,0.171819,0.736101,,5400,,
0,2,,0.038363,0.210205,0.751432,,5300,,
0,2,,0.068562,0.304591,0.626847,,5400,,
0,2,,0.2686,0.147672,0.583728,,5500,,
0,2,,0.089525,0.304295,0.60618,,5400,,
0,2,,0.319827,0.29561,0.384563,,5500,,
0,2,,0.050312,0.10805,0.841638,,5300,,
0,1,,0.062808,0.597827,0.339365,,5500,,
0,1,,0.003118,0.769501,0.227381,,5400,,
0,2,,0.07614,0.079002,0.844858,,5400,,
0,2,,0.287078,0.220915,0.492007,,5500,,
0,1,,0.125798,0.603444,0.270758,,5400,,
0,1,,0.038508,0.74927,0.212221,,5400,,
0,2,,0.090226,0.073539,0.836235,,5400,,
0,2,,0.030973,0.116652,0.852375,,5400,,
0,2,,0.321005,0.155643,0.523352,,5400,,
0,1,,0.095585,0.610772,0.293643,,5300,,
0,2,,0.252537,0.177427,0.570036,,5700,,
0,2,,0.205769,0.234757,0.559474,,5400,,
0,2,,0.050338,0.419308,0.530354,,5300,,
0,2,,0.080503,0.135736,0.783761,,5300,,
0,2,,0.195978,0.21263,0.591392,,5400,,
0,2,,0.078236,0.114583,0.807181,,5300,,
0,2,,0.150075,0.185806,0.664119,,5400,,
0,2,,0.091241,0.132325,0.776434,,5300,,
0,2,,0.120559,0.252892,0.62655,,5300,,
0,2,,0.301576,0.300226,0.398198,,5400,,
0,2,,0.029555,0.385557,0.584889,,5300,,
0,2,,0.132496,0.227225,0.64028,,5400,,
0,2,,0.294839,0.229191,0.47597,,5500,,
0,2,,0.13855,0.20545,0.656,,5300,,
0,2,,0.0403,0.2582,0.7015,,5400,,
0,2,,0.024085,0.39834,0.577575,,5400,,
0,1,,0.231832,0.419473,0.348695,,5500,,
0,2,,0.09564,0.146815,0.757545,,5500,,
0,0,,0.672614,0.115711,0.211676,,5500,,
0,2,,0.315658,0.251493,0.432849,,5600,,
0,2,,0.41475,0.129566,0.455685,,5600,,
0,2,,0.234012,0.351601,0.414388,,5400,,
0,2,,0.315014,0.138507,0.546479,,5300,,
0,2,,0.130217,0.232497,0.637286,,5400,,
0,2,,0.208002,0.343858,0.44814,,5300,,
0,2,,0.12737,0.07092,0.80171,,5500,,
0,2,,0.299593,0.257683,0.442725,,5400,,
0,2,,0.110187,0.367365,0.522448,,5500,,
0,1,,0.142044,0.63812,0.219836,,5500,,
0,2,,0.320601,0.078399,0.601,,5300,,
0,2,,0.104999,0.376187,0.518814,,5400,,
0,1,,0.068064,0.584564,0.347372,,5500,,
0,2,,0.130719,0.232886,0.636395,,5300,,
0,1,,0.035832,0.723805,0.240363,,5400,,
0,2,,0.131319,0.268167,0.600514,,5400,,
0,2,,0.196601,0.182215,0.621184,,5400,,
0,2,,0.433892,0.052089,0.514019,,5500,,
0,2,,0.066705,0.252266,0.681029,,6200,,
0,1,,0.162573,0.439369,0.398058,,5400,,
0,2,,0.032632,0.273975,0.693394,,5400,,
0,2,,0.21674,0.131229,0.652031,,5400,,
0,2,,0.172809,0.105194,0.721997,,5400,,
0,2,,0.061981,0.130815,0.807203,,5300,,
0,2,,0.057767,0.28543,0.656803,,5300,,
0,2,,0.216139,0.31779,0.466071,,5500,,
0,2,,0.300936,0.219253,0.479812,,5400,,
0,2,,0.25084,0.292986,0.456173,,5300,,
0,1,,0.285037,0.512554,0.202408,,5400,,
0,2,,0.459129,0.059636,0.481235,,5500,,
0,1,,0.120844,0.677729,0.201428,,5300,,
0,2,,0.111804,0.273317,0.614879,,5300,,
0,2,,0.140387,0.266757,0.592856,,5400,,
0,2,,0.090278,0.102004,0.807718,,5600,,
0,1,,0.194666,0.464271,0.341062,,5500,,
0,2,,0.128931,0.113517,0.757552,,5400,,
0,2,,0.307411,0.261278,0.43131,,5300,,
0,2,,0.019991,0.065242,0.914767,,5300,,
0,2,,0.143034,0.345046,0.511921,,5300,,
0,2,,0.132429,0.078982,0.788589,,5400,,
0,2,,0.071846,0.124314,0.803841,,5400,,
0,2,,0.233605,0.29745,0.468945,,5500,,
0,1,,0.28955,0.387632,0.322818,,5500,,
0,2,,0.258045,0.290603,0.451352,,5600,,
0,2,,0.251477,0.301082,0.447441,,5400,,
0,2,,0.181058,0.217397,0.601545,,5300,,
0,2,,0.022079,0.243651,0.73427,,5300,,
0,2,,0.241061,0.336099,0.422839,,5500,,
0,2,,0.123575,0.054786,0.821639,,5400,,
0,2,,0.048203,0.106747,0.84505,,5300,,
0,1,,0.208487,0.571192,0.220321,,5300,,
0,0,,0.354185,0.332676,0.313139,,5500,,
0,2,,0.057908,0.283885,0.658207,,5300,,
0,2,,0.101514,0.166789,0.731697,,5300,,
0,2,,0.022785,0.269042,0.708173,,5400,,
0,2,,0.126307,0.163877,0.709816,,5500,,
0,2,,0.040967,0.152312,0.806721,,5300,,
0,2,,0.298169,0.176144,0.525686,,5400,,
0,2,,0.283419,0.110678,0.605903,,5400,,
0,1,,0.073357,0.542487,0.384156,,5500,,
0,1,,0.130109,0.593016,0.276874,,5400,,
0,2,,0.295328,0.1175,0.587173,,5400,,
0,2,,0.232277,0.282253,0.48547,,5500,,
0,1,,0.309999,0.502487,0.187514,,5400,,
0,2,,0.155928,0.155907,0.688165,,5400,,
0,2,,0.277022,0.249334,0.473644,,5400,,
0,2,,0.099709,0.108222,0.792068,,5400,,
0,2,,0.215948,0.268692,0.51536,,5500,,
0,1,,0.145913,0.75558,0.098507,,5400,,
0,2,,0.177463,0.217992,0.604545,,5300,,
0,2,,0.220794,0.162601,0.616605,,5500,,
0,2,,0.050987,0.40867,0.540343,,5300,,
0,2,,0.202948,0.222818,0.574234,,5400,,
0,2,,0.052981,0.083351,0.863668,,5400,,
0,1,,0.1264,0.55087,0.322729,,5400,,
0,0,,0.374239,0.305157,0.320604,,5500,,
0,2,,0.034089,0.089079,0.876832,,5400,,
0,2,,0.125859,0.335055,0.539086,,5400,,
0,0,,0.482636,0.148911,0.368452,,5600,,
0,0,,0.45185,0.105002,0.443148,,5400,,
0,2,,0.13182,0.197488,0.670693,,5400,,
0,2,,0.121626,0.134635,0.743739,,5400,,
0,2,,0.280123,0.209386,0.510492,,5600,,
0,2,,0.05385,0.117667,0.828483,,5400,,
0,2,,0.041485,0.172241,0.786274,,5300,,
0,2,,0.058308,0.301667,0.640025,,5300,,
0,2,,0.123205,0.142539,0.734256,,5400,,
0,2,,0.250353,0.247844,0.501803,,5700,,
0,2,,0.034498,0.170951,0.794551,,5300,,
0,2,,0.184781,0.118461,0.696758,,5400,,
0,2,,0.057016,0.114866,0.828118,,5400,,
0,2,,0.167073,0.290619,0.542308,,5300,,
0,0,,0.474822,0.308132,0.217046,,5500,,
0,2,,0.022923,0.196861,0.780216,,5300,,
0,1,,0.167086,0.451705,0.381209,,5500,,
0,2,,0.300708,0.30141,0.397882,,5500,,
0,2,,0.148284,0.316092,0.535624,,5300,,
0,2,,0.150934,0.109827,0.73924,,5400,,
0,2,,0.263255,0.134494,0.602251,,5300,,
0,2,,0.084341,0.258291,0.657368,,5300,,
0,2,,0.214152,0.361506,0.424342,,5400,,
0,2,,0.113301,0.244803,0.641896,,5400,,
0,2,,0.072054,0.122042,0.805904,,5400,,
0,2,,0.405079,0.183044,0.411878,,5600,,
0,2,,0.211113,0.216627,0.57226,,5500,,
0,2,,0.139085,0.116119,0.744795,,5400,,
0,2,,0.182002,0.292431,0.525567,,5300,,
0,2,,0.085241,0.286475,0.628283,,5400,,
0,2,,0.121898,0.231631,0.646471,,5400,,
0,1,,0.169916,0.551184,0.2789,,5400,,
0,2,,0.221318,0.21143,0.567253,,5400,,
0,2,,0.315353,0.247672,0.436975,,5400,,
0,2,,0.114491,0.109677,0.775832,,5400,,
0,0,,0.485463,0.090344,0.424193,,5400,,
0,2,,0.055791,0.277707,0.666502,,5300,,
0,2,,0.047957,0.319493,0.632551,,5300,,
0,2,,0.111444,0.313321,0.575235,,5500,,
0,2,,0.103242,0.127708,0.76905,,5400,,
0,2,,0.163223,0.318836,0.51794,,5300,,
0,2,,0.289894,0.176769,0.533337,,5400,,
0,0,,0.865456,0.053177,0.081368,,5400,,
0,2,,0.235822,0.258265,0.505913,,5600,,
0,2,,0.165658,0.069795,0.764547,,5300,,
0,1,,0.166769,0.542734,0.290497,,5400,,
0,2,,0.036988,0.209447,0.753565,,5300,,
0,2,,0.01041,0.210372,0.779218,,5300,,
0,2,,0.234202,0.184258,0.58154,,5400,,
0,2,,0.194442,0.07911,0.726448,,5300,,
0,2,,0.226267,0.100312,0.67342,,5400,,
0,1,,0.17048,0.531539,0.297981,,5600,,
0,2,,0.269712,0.355219,0.375068,,5400,,
0,2,,0.049815,0.376326,0.573859,,5400,,
0,2,,0.110671,0.233771,0.655558,,5300,,
0,2,,0.158687,0.264641,0.576672,,5400,,
0,2,,0.16374,0.113506,0.722754,,5500,,
0,2,,0.050023,0.139848,0.810129,,5300,,
0,2,,0.097712,0.221044,0.681245,,5300,,
0,2,,0.079733,0.059305,0.860962,,5400,,
0,2,,0.138034,0.350397,0.511569,,5300,,
0,2,,0.035034,0.078441,0.886525,,5400,,
0,1,,0.066486,0.55084,0.382674,,5300,,
0,1,,0.271708,0.404241,0.324051,,5500,,
0,2,,0.358613,0.27718,0.364208,,5600,,
0,2,,0.026702,0.415607,0.557691,,5600,,
0,2,,0.029182,0.293283,0.677535,,5300,,
0,2,,0.096026,0.120009,0.783965,,5400,,
0,2,,0.23365,0.17765,0.5887,,5500,,
0,2,,0.261449,0.246005,0.492546,,5600,,
0,2,,0.300286,0.145276,0.554438,,5400,,
0,2,,0.207472,0.034604,0.757924,,5500,,
