connect-4,Randf,test,1,NANOSECONDS,PREDICTIONS, Generated by ClassifierExperiments.java on 2022-05-16 23:37:40.    SYSTEMPROPERTIES:{user.name:matth,os.arch:amd64,os.name:Windows 10},ENDSYSTEMPROPERTIES
No parameter info
0.7933688573120189,1598313900,63452700,-1,70763968,3,,-1,-1
0,1,,0.126667,0.562222,0.311111,,18500,,
0,2,,0.1,0.2,0.7,,13900,,
0,2,,0.34,0.26,0.4,,13800,,
0,2,,0.325748,0.221795,0.452457,,13700,,
0,2,,0.021111,0.414444,0.564444,,11900,,
0,1,,0.15,0.65,0.2,,13100,,
0,2,,0.1,0,0.9,,9200,,
0,1,,0.2,0.8,0,,10400,,
0,2,,0.216667,0.216667,0.566667,,9900,,
0,1,,0.2,0.4,0.4,,12200,,
0,2,,0.2,0.266667,0.533333,,10100,,
0,2,,0.36,0.24,0.4,,11100,,
0,1,,0.2,0.408889,0.391111,,17200,,
0,1,,0.325,0.45,0.225,,17400,,
0,2,,0.3,0.283333,0.416667,,15400,,
0,0,,0.55,0,0.45,,15800,,
0,2,,0.2,0.3,0.5,,11500,,
0,1,,0.2,0.5,0.3,,15200,,
0,1,,0.34237,0.508184,0.149446,,13300,,
0,0,,0.4,0.2,0.4,,8200,,
0,2,,0.2,0.233333,0.566667,,7600,,
0,2,,0.233333,0.293333,0.473333,,8100,,
0,1,,0.340385,0.621154,0.038462,,8500,,
0,0,,0.607692,0.2,0.192308,,10400,,
0,1,,0.115385,0.669231,0.215385,,10000,,
0,2,,0.1,0.3,0.6,,9500,,
0,0,,0.385714,0.314286,0.3,,10400,,
0,1,,0.2,0.45,0.35,,8300,,
0,1,,0.1,0.733333,0.166667,,9400,,
0,2,,0.222581,0.258295,0.519124,,9400,,
0,2,,0.3,0.033333,0.666667,,8900,,
0,2,,0.089286,0.339286,0.571429,,8100,,
0,1,,0.316667,0.433333,0.25,,6900,,
0,1,,0.1,0.6,0.3,,10400,,
0,2,,0.225,0.3,0.475,,11300,,
0,0,,0.422857,0.225714,0.351429,,9400,,
0,0,,0.39,0.25,0.36,,8300,,
0,2,,0.1,0,0.9,,16200,,
0,0,,0.392677,0.238737,0.368586,,7500,,
0,2,,0.1,0.228571,0.671429,,10700,,
0,1,,0.2125,0.45,0.3375,,11000,,
0,2,,0.075,0.3,0.625,,9600,,
0,2,,0.121429,0.1,0.778571,,8200,,
0,0,,0.6,0.2,0.2,,8500,,
0,2,,0.208333,0.158333,0.633333,,6600,,
0,2,,0.1,0.1,0.8,,5200,,
0,1,,0.28,0.46,0.26,,8600,,
0,2,,0.032051,0.244872,0.723077,,9400,,
0,2,,0.3,0.2,0.5,,7600,,
0,2,,0.190018,0.129412,0.68057,,9800,,
0,2,,0,0.4,0.6,,10200,,
0,2,,0.3,0.2,0.5,,6000,,
0,0,,0.725,0,0.275,,11100,,
0,1,,0.2,0.5,0.3,,5900,,
0,2,,0.15,0.35,0.5,,8800,,
0,1,,0.3,0.4,0.3,,8200,,
0,2,,0.017391,0.204348,0.778261,,7000,,
0,2,,0.462095,0.018,0.519905,,6200,,
0,2,,0.2,0,0.8,,7800,,
0,0,,0.5,0,0.5,,9600,,
0,2,,0.4,0.1,0.5,,4800,,
0,2,,0.455882,0.029412,0.514706,,6100,,
0,2,,0.233333,0.3125,0.454167,,7800,,
0,2,,0.32193,0.099123,0.578947,,10100,,
0,2,,0.07549,0.261765,0.662745,,9100,,
0,2,,0.133333,0.366667,0.5,,9400,,
0,2,,0.4,0.1875,0.4125,,6300,,
0,1,,0.142613,0.690075,0.167312,,5600,,
0,2,,0.093333,0.216667,0.69,,7900,,
0,2,,0.1,0.1,0.8,,7100,,
0,2,,0.3,0.3,0.4,,8400,,
0,1,,0.26,0.5,0.24,,9600,,
0,2,,0.105882,0.241176,0.652941,,9700,,
0,2,,0.1,0.4,0.5,,4400,,
0,2,,0,0.366667,0.633333,,8100,,
0,2,,0.3,0.251765,0.448235,,8000,,
0,0,,0.535714,0.464286,0,,6700,,
0,2,,0.033333,0.1,0.866667,,7200,,
0,0,,0.333333,0.333333,0.333333,,9500,,
0,2,,0.225,0.2375,0.5375,,6500,,
0,2,,0.025,0.266667,0.708333,,7000,,
0,1,,0.25,0.498684,0.251316,,6400,,
0,1,,0.1,0.6,0.3,,8500,,
0,2,,0.086364,0.027273,0.886364,,8200,,
0,2,,0.128571,0.328571,0.542857,,8100,,
0,1,,0.291392,0.4,0.308608,,7400,,
0,1,,0.330769,0.569231,0.1,,3600,,
0,2,,0.076553,0.153571,0.769876,,7700,,
0,0,,0.8,0.066667,0.133333,,6100,,
0,0,,0.9,0,0.1,,7700,,
0,2,,0.1,0.266667,0.633333,,7400,,
0,1,,0.1,0.45,0.45,,6900,,
0,1,,0.030222,0.619795,0.349983,,5300,,
0,2,,0.1,0.448039,0.451961,,9200,,
0,1,,0,0.5,0.5,,8900,,
0,2,,0.05,0.316667,0.633333,,7000,,
0,1,,0.2,0.4,0.4,,6400,,
0,1,,0,0.6,0.4,,6000,,
0,2,,0.15,0.3,0.55,,9300,,
0,0,,0.5,0.3,0.2,,7200,,
0,1,,0.2,0.5,0.3,,4700,,
0,1,,0.275,0.525,0.2,,6200,,
0,1,,0.033333,0.716667,0.25,,5900,,
0,1,,0.25,0.55,0.2,,6000,,
0,2,,0,0.054545,0.945455,,7900,,
0,0,,0.623256,0.304651,0.072093,,6800,,
0,2,,0.326364,0.312424,0.361212,,7400,,
0,1,,0.2,0.583333,0.216667,,5100,,
0,2,,0.4,0.1625,0.4375,,4500,,
0,2,,0.241176,0.258824,0.5,,6000,,
0,1,,0.2,0.4,0.4,,4500,,
0,2,,0.1,0.11,0.79,,6300,,
0,1,,0.1,0.65,0.25,,5500,,
0,1,,0.25,0.438333,0.311667,,8100,,
0,1,,0.005612,0.507653,0.486735,,6400,,
0,2,,0,0.2,0.8,,6600,,
0,1,,0.201818,0.55697,0.241212,,5400,,
0,1,,0.023529,0.607563,0.368908,,6200,,
0,2,,0.05,0.16,0.79,,5600,,
0,0,,0.6,0.28125,0.11875,,9200,,
0,2,,0.279254,0.332168,0.388578,,6000,,
0,2,,0.15,0.232857,0.617143,,6600,,
0,0,,0.469231,0.073077,0.457692,,6300,,
0,2,,0.225,0.1,0.675,,7100,,
0,2,,0,0.094156,0.905844,,6300,,
0,1,,0,0.661364,0.338636,,9300,,
0,1,,0.061026,0.582051,0.356923,,6000,,
0,0,,0.45,0.3,0.25,,4900,,
0,2,,0.3,0.1,0.6,,6000,,
0,2,,0.1,0,0.9,,7400,,
0,2,,0.2,0.2,0.6,,6400,,
0,2,,0.1,0.225,0.675,,7200,,
0,1,,0.009091,0.672727,0.318182,,7100,,
0,0,,0.511111,0.322222,0.166667,,6800,,
0,2,,0.018182,0.062121,0.919697,,4900,,
0,2,,0.15,0.183333,0.666667,,5900,,
0,2,,0.11,0.37,0.52,,6400,,
0,1,,0.241785,0.513062,0.245153,,6500,,
0,2,,0.023333,0.296667,0.68,,7100,,
0,2,,0.055556,0.347619,0.596825,,7200,,
0,1,,0,0.725,0.275,,6200,,
0,2,,0.1,0.4,0.5,,6500,,
0,2,,0.1,0.2,0.7,,7600,,
0,2,,0,0.30303,0.69697,,7100,,
0,2,,0.316667,0.321212,0.362121,,7300,,
0,2,,0.327778,0.25,0.422222,,6900,,
0,2,,0.254348,0.321739,0.423913,,6400,,
0,2,,0.0125,0.149167,0.838333,,6400,,
0,2,,0.022222,0.446389,0.531389,,8400,,
0,2,,0.36,0.1,0.54,,7500,,
0,2,,0,0.1,0.9,,6100,,
0,2,,0.1,0.4,0.5,,6300,,
0,1,,0.3,0.444444,0.255556,,5300,,
0,0,,0.508333,0.325,0.166667,,6800,,
0,2,,0.105556,0.022222,0.872222,,7800,,
0,2,,0.133117,0.337013,0.52987,,6800,,
0,0,,0.45,0.3,0.25,,6800,,
0,2,,0.225,0.275,0.5,,7900,,
0,1,,0.2,0.457143,0.342857,,7500,,
0,2,,0.046753,0.122078,0.831169,,6200,,
0,2,,0,0.4,0.6,,5400,,
0,2,,0.044444,0.373333,0.582222,,6900,,
0,1,,0.114286,0.75,0.135714,,6600,,
0,1,,0.125,0.658333,0.216667,,6800,,
0,1,,0.119684,0.638989,0.241327,,3900,,
0,2,,0,0.133333,0.866667,,7800,,
0,0,,0.573333,0.153333,0.273333,,6100,,
0,2,,0.2,0.2,0.6,,5300,,
0,2,,0.1,0.2,0.7,,6800,,
0,2,,0.15,0,0.85,,7200,,
0,2,,0.0151,0.353134,0.631766,,5800,,
0,2,,0.2,0.225,0.575,,4800,,
0,2,,0.211111,0.366667,0.422222,,7100,,
0,2,,0.4,0,0.6,,9300,,
0,1,,0.116667,0.483333,0.4,,7300,,
0,1,,0.1,0.7,0.2,,7300,,
0,2,,0.306667,0.3,0.393333,,6300,,
0,2,,0,0.4,0.6,,6700,,
0,2,,0.007692,0.353846,0.638462,,4500,,
0,2,,0,0.1,0.9,,5800,,
0,2,,0.1,0.18,0.72,,5700,,
0,1,,0.291667,0.541667,0.166667,,6100,,
0,2,,0.1,0.1,0.8,,6400,,
0,0,,0.4,0.3,0.3,,7100,,
0,2,,0.025,0.071196,0.903804,,6400,,
0,2,,0.011207,0.118966,0.869828,,6000,,
0,2,,0,0.3,0.7,,4000,,
0,2,,0.246267,0.359615,0.394118,,5900,,
0,2,,0.3,0.025,0.675,,6700,,
0,0,,0.625,0.18125,0.19375,,5900,,
0,2,,0.321667,0.231667,0.446667,,6300,,
0,2,,0.2,0.314286,0.485714,,7800,,
0,1,,0.148588,0.454134,0.397278,,4900,,
0,0,,0.492786,0.111321,0.395893,,6200,,
0,2,,0.25,0.203846,0.546154,,6500,,
0,2,,0.166667,0.35,0.483333,,5300,,
0,1,,0.2,0.7,0.1,,6400,,
0,0,,0.735714,0.264286,0,,3800,,
0,2,,0.1,0.1,0.8,,5700,,
0,1,,0.1,0.6,0.3,,5200,,
0,2,,0,0.3,0.7,,8100,,
0,2,,0.125,0.3,0.575,,4400,,
0,2,,0.1,0.15,0.75,,6300,,
0,2,,0.264286,0,0.735714,,5900,,
0,0,,0.4,0.333333,0.266667,,6500,,
0,1,,0.2,0.5,0.3,,7000,,
0,2,,0.1,0.185714,0.714286,,6500,,
0,0,,0.4725,0.175,0.3525,,6700,,
0,0,,0.423404,0.246809,0.329787,,5900,,
0,1,,0.3,0.7,0,,6000,,
0,1,,0.233333,0.666667,0.1,,5800,,
0,2,,0.15,0.15,0.7,,5600,,
0,2,,0.2,0.133333,0.666667,,5900,,
0,0,,0.4,0.4,0.2,,6500,,
0,2,,0,0,1,,5900,,
0,2,,0.014286,0.314286,0.671429,,5400,,
0,2,,0.3,0.1,0.6,,6800,,
0,1,,0.0125,0.7875,0.2,,6600,,
0,1,,0.3,0.6,0.1,,6600,,
0,2,,0.3,0.2,0.5,,7100,,
0,2,,0.3,0.1,0.6,,6300,,
0,2,,0.2,0.1,0.7,,6200,,
0,2,,0.1,0.175,0.725,,5200,,
0,1,,0.1,0.7,0.2,,5300,,
0,2,,0,0,1,,6200,,
0,2,,0.116667,0.283333,0.6,,4700,,
0,2,,0.1,0.1,0.8,,7100,,
0,2,,0.17,0.28,0.55,,5500,,
0,1,,0.214286,0.485714,0.3,,6400,,
0,2,,0.333333,0.215385,0.451282,,5000,,
0,2,,0.183333,0.235714,0.580952,,4800,,
0,2,,0.15,0.125,0.725,,7400,,
0,2,,0,0.2,0.8,,2900,,
0,2,,0.233333,0.233333,0.533333,,6900,,
0,2,,0,0.461538,0.538462,,6500,,
0,2,,0.344444,0.305556,0.35,,6300,,
0,1,,0.2,0.44,0.36,,4700,,
0,1,,0.15,0.65,0.2,,6700,,
0,2,,0.117011,0.414253,0.468736,,5700,,
0,2,,0.05,0.454167,0.495833,,4700,,
0,1,,0.2,0.6,0.2,,6900,,
0,2,,0.356684,0.029412,0.613904,,4600,,
0,2,,0.3,0.11875,0.58125,,5500,,
0,2,,0.122222,0.1,0.777778,,6800,,
0,2,,0.275,0.025,0.7,,5000,,
0,2,,0.35,0.1,0.55,,6400,,
0,0,,0.616667,0.1,0.283333,,5200,,
0,1,,0.3,0.5,0.2,,5700,,
0,2,,0.307922,0.288182,0.403896,,5700,,
0,2,,0.391176,0.017647,0.591176,,5400,,
0,1,,0,0.55,0.45,,6000,,
0,2,,0.233333,0.3,0.466667,,6800,,
0,2,,0.066667,0.19,0.743333,,9600,,
0,2,,0.02,0.368571,0.611429,,5600,,
0,2,,0.111111,0.409524,0.479365,,4800,,
0,2,,0.333333,0.311111,0.355556,,4400,,
0,2,,0.1,0.1,0.8,,5000,,
0,0,,0.479167,0.241667,0.279167,,5800,,
0,2,,0.142381,0.1,0.757619,,6500,,
0,0,,0.4,0.25,0.35,,4700,,
0,1,,0.2,0.416667,0.383333,,5500,,
0,0,,0.5,0.3,0.2,,5400,,
0,1,,0.35,0.5,0.15,,5900,,
0,2,,0.241667,0.25,0.508333,,5600,,
0,0,,0.6,0.3,0.1,,6700,,
0,2,,0.208333,0.304615,0.487051,,3800,,
0,0,,0.5,0.436364,0.063636,,3500,,
0,2,,0,0.3,0.7,,5500,,
0,2,,0.34,0.136364,0.523636,,5800,,
0,0,,0.4,0.2,0.4,,5700,,
0,1,,0.126286,0.544,0.329714,,5100,,
0,2,,0.236264,0.215385,0.548352,,6700,,
0,2,,0.02,0.4425,0.5375,,4500,,
0,2,,0,0.2,0.8,,5300,,
0,1,,0.24,0.52,0.24,,3400,,
0,1,,0.25,0.45,0.3,,4400,,
0,2,,0.142857,0.15,0.707143,,5700,,
0,2,,0,0.2,0.8,,7400,,
0,2,,0,0.34,0.66,,6100,,
0,2,,0.156667,0.1,0.743333,,5700,,
0,2,,0.125,0.2125,0.6625,,6000,,
0,1,,0.2,0.5,0.3,,6300,,
0,1,,0.219643,0.416071,0.364286,,5800,,
0,2,,0.025,0.1,0.875,,6200,,
0,1,,0.218182,0.445455,0.336364,,5400,,
0,1,,0.133333,0.566667,0.3,,7200,,
0,2,,0.138182,0.212424,0.649394,,4400,,
0,2,,0.031481,0.240741,0.727778,,3800,,
0,2,,0.033333,0.3,0.666667,,5700,,
0,2,,0.225,0.125,0.65,,4600,,
0,1,,0.18,0.653333,0.166667,,6100,,
0,2,,0.320168,0.252941,0.426891,,6700,,
0,2,,0.045,0.355,0.6,,6200,,
0,2,,0.2,0.35,0.45,,7000,,
0,2,,0.1375,0.3,0.5625,,5100,,
0,2,,0.133333,0.4,0.466667,,6100,,
0,2,,0,0.125,0.875,,5400,,
0,2,,0.2125,0.1,0.6875,,5800,,
0,2,,0.25,0.15,0.6,,5200,,
0,2,,0.1,0,0.9,,5200,,
0,1,,0.2,0.4,0.4,,6100,,
0,1,,0.117007,0.692857,0.190136,,6300,,
0,0,,0.522788,0.226872,0.250341,,5700,,
0,2,,0.183333,0.216667,0.6,,5600,,
0,1,,0.2,0.5,0.3,,5000,,
0,2,,0.166667,0.1,0.733333,,4600,,
0,2,,0.080952,0.410952,0.508095,,5600,,
0,1,,0.224167,0.463333,0.3125,,6600,,
0,1,,0.1,0.5,0.4,,6600,,
0,2,,0.1,0.3,0.6,,6000,,
0,0,,0.67,0.01,0.32,,5800,,
0,2,,0.068571,0.160952,0.770476,,4400,,
0,2,,0.044444,0.264205,0.691351,,5600,,
0,1,,0.116667,0.633333,0.25,,5400,,
0,2,,0.2,0.2,0.6,,5200,,
0,0,,0.4,0.3,0.3,,6800,,
0,0,,0.624405,0.04494,0.330655,,4800,,
0,2,,0.2,0.28,0.52,,4800,,
0,2,,0.1,0.375,0.525,,5800,,
0,0,,0.428571,0.214286,0.357143,,4700,,
0,2,,0.326667,0.083333,0.59,,6800,,
0,0,,0.621667,0.058333,0.32,,4700,,
0,2,,0,0.316667,0.683333,,4500,,
0,2,,0,0.2125,0.7875,,6300,,
0,2,,0.041667,0.016667,0.941667,,5700,,
0,1,,0.284677,0.690323,0.025,,4300,,
0,2,,0.34,0.2,0.46,,5500,,
0,2,,0.219048,0.290476,0.490476,,6700,,
0,2,,0.15,0.033333,0.816667,,3800,,
0,2,,0.1,0.2,0.7,,5000,,
0,2,,0.126923,0.126923,0.746154,,4500,,
0,2,,0.1,0.266667,0.633333,,4700,,
0,2,,0.3,0.2,0.5,,4800,,
0,2,,0.3,0.1,0.6,,3600,,
0,2,,0,0.3,0.7,,4900,,
0,2,,0.008696,0.352174,0.63913,,6100,,
0,2,,0.175,0.4,0.425,,5600,,
0,2,,0.275,0.125,0.6,,4800,,
0,1,,0.316667,0.443333,0.24,,5900,,
0,2,,0.2375,0.2,0.5625,,6200,,
0,2,,0.1,0.3,0.6,,4800,,
0,1,,0.132168,0.436364,0.431469,,9700,,
0,2,,0.033333,0.4,0.566667,,5500,,
0,2,,0.2,0.0525,0.7475,,4300,,
0,2,,0.1,0.25,0.65,,5500,,
0,1,,0.24,0.51,0.25,,6500,,
0,0,,0.511667,0.236333,0.252,,4500,,
0,1,,0.02,0.505758,0.474242,,5200,,
0,2,,0,0.113514,0.886486,,4200,,
0,2,,0.135714,0.2,0.664286,,5800,,
0,0,,0.5,0.1,0.4,,5900,,
0,2,,0.423529,0.135294,0.441176,,6600,,
0,1,,0,0.783333,0.216667,,5100,,
0,2,,0.4,0,0.6,,3900,,
0,2,,0,0.420952,0.579048,,6100,,
0,0,,0.533333,0.366667,0.1,,9000,,
0,0,,0.476667,0.083333,0.44,,5900,,
0,1,,0.2,0.4,0.4,,6000,,
0,2,,0.2,0.02,0.78,,5600,,
0,2,,0.310714,0.15,0.539286,,8700,,
0,2,,0.302381,0.2,0.497619,,5000,,
0,2,,0,0.4,0.6,,5100,,
0,2,,0,0.15,0.85,,6000,,
0,0,,0.4,0.221053,0.378947,,7700,,
0,2,,0.3,0,0.7,,5300,,
0,2,,0.1,0,0.9,,6400,,
0,2,,0.007692,0.021978,0.97033,,6300,,
0,1,,0.2,0.55,0.25,,5600,,
0,2,,0.266313,0.269355,0.464332,,3800,,
0,0,,0.633333,0.266667,0.1,,4100,,
0,1,,0.3,0.4,0.3,,4200,,
0,2,,0.1,0,0.9,,4300,,
0,0,,0.4,0.25,0.35,,4500,,
0,0,,0.483333,0.216667,0.3,,4700,,
0,0,,0.9,0,0.1,,4800,,
0,2,,0.122222,0.22,0.657778,,3100,,
0,2,,0.2,0.166667,0.633333,,6100,,
0,2,,0.305128,0.215385,0.479487,,5000,,
0,2,,0,0.4,0.6,,6200,,
0,2,,0.265,0.025,0.71,,5600,,
0,2,,0.1,0.3,0.6,,6700,,
0,2,,0.3,0.21,0.49,,5400,,
0,1,,0.286667,0.363333,0.35,,6200,,
0,0,,0.583333,0.208333,0.208333,,5300,,
0,2,,0.35,0.257143,0.392857,,6000,,
0,0,,0.588333,0.1,0.311667,,4700,,
0,1,,0.15,0.5,0.35,,5900,,
0,2,,0.211111,0.383333,0.405556,,5600,,
0,2,,0.3,0.2,0.5,,3600,,
0,2,,0.3,0.3,0.4,,5900,,
0,2,,0.133333,0.236364,0.630303,,6500,,
0,2,,0.205,0.153333,0.641667,,6300,,
0,0,,0.5,0.233333,0.266667,,3900,,
0,0,,0.645,0.015,0.34,,4800,,
0,2,,0.1125,0.102083,0.785417,,4500,,
0,1,,0.117424,0.526894,0.355682,,4400,,
0,1,,0.057143,0.528571,0.414286,,5200,,
0,2,,0.233333,0.3,0.466667,,4800,,
0,2,,0.1,0.1,0.8,,5000,,
0,2,,0.1,0.35,0.55,,5400,,
0,2,,0.016667,0.05,0.933333,,5000,,
0,2,,0.2,0.2,0.6,,3900,,
0,2,,0.17,0.34,0.49,,5600,,
0,2,,0.1,0.2,0.7,,6500,,
0,2,,0.05,0.31946,0.63054,,5500,,
0,2,,0.04,0.125,0.835,,4900,,
0,2,,0.1,0.4,0.5,,5900,,
0,2,,0.1125,0.05,0.8375,,4700,,
0,2,,0.2,0.1,0.7,,3600,,
0,2,,0.2125,0.225,0.5625,,7100,,
0,2,,0,0.45,0.55,,5500,,
0,2,,0.4,0.022222,0.577778,,5000,,
0,1,,0.3,0.4,0.3,,4200,,
0,0,,0.7,0.06,0.24,,4800,,
0,1,,0,0.556667,0.443333,,5500,,
0,2,,0.1,0.4,0.5,,6100,,
0,1,,0.333,0.481,0.186,,4600,,
0,2,,0.01,0.203333,0.786667,,3900,,
0,0,,0.6,0.283333,0.116667,,3900,,
0,1,,0.051515,0.545455,0.40303,,5200,,
0,2,,0.2,0.2,0.6,,5800,,
0,2,,0.2,0.2,0.6,,5300,,
0,2,,0.145588,0.314706,0.539706,,4700,,
0,2,,0.186667,0.33,0.483333,,4800,,
0,2,,0,0.3,0.7,,5500,,
0,2,,0,0.099074,0.900926,,5300,,
0,1,,0,0.6,0.4,,6000,,
0,0,,0.5,0.1,0.4,,6000,,
0,2,,0.2,0.1,0.7,,5500,,
0,0,,0.5,0.266667,0.233333,,6500,,
0,2,,0.214286,0.210794,0.574921,,7200,,
0,2,,0.28,0,0.72,,5500,,
0,2,,0,0.3,0.7,,5600,,
0,2,,0,0.216667,0.783333,,4700,,
0,0,,0.5,0.133333,0.366667,,5500,,
0,1,,0.1,0.7,0.2,,4200,,
0,0,,0.566667,0.266667,0.166667,,5400,,
0,1,,0.141103,0.548622,0.310276,,4700,,
0,2,,0.016667,0.176944,0.806389,,6200,,
0,1,,0.214286,0.414286,0.371429,,6400,,
0,1,,0,0.5,0.5,,5300,,
0,1,,0.14798,0.464141,0.387879,,5400,,
0,1,,0.228571,0.4,0.371429,,6600,,
0,2,,0.166667,0.133333,0.7,,3900,,
0,1,,0.2,0.4,0.4,,6100,,
0,1,,0.233333,0.5,0.266667,,3800,,
0,1,,0.066087,0.59913,0.334783,,7000,,
0,2,,0.1,0.333333,0.566667,,5300,,
0,2,,0.2,0.3,0.5,,4400,,
0,2,,0.1,0.233333,0.666667,,5800,,
0,2,,0.121429,0.421429,0.457143,,5500,,
0,0,,0.417857,0.203571,0.378571,,4400,,
0,1,,0.3,0.416667,0.283333,,6500,,
0,2,,0.3,0.2,0.5,,5000,,
0,2,,0.133333,0.216667,0.65,,6000,,
0,2,,0.033333,0.133333,0.833333,,5400,,
0,2,,0.275,0.2,0.525,,5200,,
0,2,,0.325,0.3,0.375,,4800,,
0,2,,0.3,0.2,0.5,,4200,,
0,2,,0.109444,0.069444,0.821111,,5600,,
0,1,,0.2,0.477273,0.322727,,5000,,
0,2,,0.018182,0.333333,0.648485,,3300,,
0,2,,0.022222,0.233333,0.744444,,5600,,
0,0,,0.557143,0.188571,0.254286,,4100,,
0,0,,0.39725,0.25475,0.348,,5400,,
0,0,,0.49,0.133333,0.376667,,5000,,
0,1,,0.1,0.6,0.3,,4900,,
0,2,,0,0.42,0.58,,4100,,
0,2,,0.207692,0.119231,0.673077,,7000,,
0,2,,0.2,0.1,0.7,,6400,,
0,2,,0.182143,0.341071,0.476786,,6200,,
0,2,,0.033333,0.058333,0.908333,,4600,,
0,2,,0.34,0.1,0.56,,6100,,
0,1,,0.36,0.466667,0.173333,,5300,,
0,2,,0.157143,0.1,0.742857,,5300,,
0,2,,0.106667,0.193333,0.7,,5400,,
0,2,,0.1,0.4,0.5,,4000,,
0,2,,0.35,0.2,0.45,,4300,,
0,2,,0,0.2,0.8,,3100,,
0,1,,0.052477,0.676351,0.271171,,4800,,
0,0,,0.554545,0.336364,0.109091,,5700,,
0,2,,0.075,0.366667,0.558333,,6200,,
0,1,,0.306667,0.553333,0.14,,6200,,
0,2,,0.429091,0.084545,0.486364,,5200,,
0,1,,0.02,0.525,0.455,,5100,,
0,0,,0.4,0.35,0.25,,5600,,
0,2,,0,0.21875,0.78125,,4900,,
0,1,,0.275,0.491667,0.233333,,7400,,
0,1,,0.275,0.65,0.075,,5500,,
0,2,,0.222222,0.3,0.477778,,4800,,
0,2,,0.3,0,0.7,,7000,,
0,2,,0.114286,0.039286,0.846429,,4700,,
0,2,,0.3,0.3,0.4,,5600,,
0,2,,0.2125,0.2,0.5875,,6500,,
0,2,,0.1,0,0.9,,3300,,
0,2,,0.242279,0.2,0.557721,,5000,,
0,2,,0.103333,0.446667,0.45,,5100,,
0,2,,0.02,0.2,0.78,,5100,,
0,0,,0.515556,0.083333,0.401111,,6100,,
0,1,,0.426786,0.455357,0.117857,,4800,,
0,2,,0.09881,0.414286,0.486905,,6000,,
0,1,,0.1,0.5,0.4,,5000,,
0,2,,0.2,0.337607,0.462393,,5700,,
0,2,,0.0125,0.0875,0.9,,4300,,
0,2,,0.279348,0.160663,0.55999,,6000,,
0,1,,0.170833,0.45,0.379167,,5900,,
0,2,,0.244444,0.222222,0.533333,,4800,,
0,2,,0.133333,0.266667,0.6,,3600,,
0,1,,0.067857,0.689286,0.242857,,5700,,
0,0,,0.511111,0.377778,0.111111,,4700,,
0,2,,0.23,0.25,0.52,,4700,,
0,0,,0.405,0.195,0.4,,6000,,
0,2,,0.225556,0.011111,0.763333,,4700,,
0,2,,0.1,0.427778,0.472222,,6900,,
0,2,,0.198246,0.250526,0.551228,,4600,,
0,2,,0.4,0,0.6,,5300,,
0,2,,0.195556,0.04,0.764444,,5700,,
0,2,,0.1,0.1,0.8,,4900,,
0,2,,0.1,0.2,0.7,,4400,,
0,2,,0,0.22,0.78,,5300,,
0,1,,0.05641,0.597436,0.346154,,3200,,
0,2,,0.266667,0.35,0.383333,,5900,,
0,2,,0.3,0.075,0.625,,15300,,
0,2,,0.14,0.3,0.56,,6500,,
0,2,,0.128571,0.241905,0.629524,,6000,,
0,1,,0.4,0.5,0.1,,4800,,
0,2,,0.3,0.08,0.62,,5500,,
0,1,,0,0.5,0.5,,5100,,
0,2,,0.2,0.197222,0.602778,,4700,,
0,1,,0.233333,0.566667,0.2,,4400,,
0,2,,0.25,0,0.75,,5300,,
0,2,,0.051333,0.16,0.788667,,3800,,
0,2,,0.4,0.025,0.575,,5500,,
0,1,,0.05,0.66,0.29,,7300,,
0,2,,0.3,0.176364,0.523636,,3000,,
0,2,,0.3,0,0.7,,5000,,
0,0,,0.604762,0.245238,0.15,,5500,,
0,2,,0.255,0.04,0.705,,5200,,
0,2,,0,0,1,,4700,,
0,2,,0.3,0.12,0.58,,5600,,
0,1,,0.009091,0.654545,0.336364,,3500,,
0,2,,0.275,0.175,0.55,,6200,,
0,2,,0.415152,0.165152,0.419697,,6200,,
0,1,,0,0.8,0.2,,4500,,
0,0,,0.5,0.4,0.1,,6500,,
0,2,,0,0.4,0.6,,6500,,
0,0,,0.5,0.1,0.4,,5000,,
0,2,,0.228571,0.3,0.471429,,5700,,
0,2,,0.3,0.3,0.4,,3700,,
0,2,,0.2,0,0.8,,5600,,
0,0,,0.4625,0.4375,0.1,,5800,,
0,2,,0.35,0,0.65,,4600,,
0,0,,0.4,0.2,0.4,,6000,,
0,1,,0.010345,0.858621,0.131034,,5000,,
0,2,,0.211111,0.306667,0.482222,,6800,,
0,1,,0,0.5,0.5,,4700,,
0,2,,0,0.234091,0.765909,,4300,,
0,1,,0,0.5,0.5,,5300,,
0,2,,0.1,0.366667,0.533333,,3800,,
0,2,,0.026061,0.178384,0.795556,,5300,,
0,0,,0.5775,0.1975,0.225,,5700,,
0,1,,0.0375,0.487917,0.474583,,5000,,
0,1,,0,0.666667,0.333333,,4700,,
0,2,,0.34,0.1225,0.5375,,5100,,
0,2,,0.06,0.42,0.52,,4200,,
0,1,,0.3,0.4,0.3,,3300,,
0,2,,0.375,0,0.625,,4000,,
0,2,,0.366667,0.1,0.533333,,4800,,
0,1,,0.0575,0.765397,0.177103,,4500,,
0,2,,0.16,0.2,0.64,,3800,,
0,2,,0.261111,0.111111,0.627778,,6700,,
0,2,,0.1,0.3,0.6,,7000,,
0,2,,0.2,0.395238,0.404762,,4500,,
0,2,,0.178571,0.314286,0.507143,,5600,,
0,2,,0,0.330303,0.669697,,4200,,
0,0,,0.678571,0.114286,0.207143,,4600,,
0,2,,0.2,0.25,0.55,,5200,,
0,2,,0.260714,0.114286,0.625,,3600,,
0,2,,0,0,1,,5400,,
0,2,,0.3,0.25,0.45,,6200,,
0,2,,0.015385,0.346154,0.638462,,5500,,
0,2,,0,0.3,0.7,,3700,,
0,2,,0.112727,0.139545,0.747727,,4600,,
0,2,,0.2,0.1,0.7,,5700,,
0,2,,0,0.2,0.8,,3800,,
0,2,,0.35,0.266667,0.383333,,6600,,
0,2,,0.25,0.3,0.45,,4600,,
0,2,,0.3,0,0.7,,4300,,
0,2,,0.364286,0.25,0.385714,,6200,,
0,0,,0.575,0.225,0.2,,6500,,
0,2,,0.138095,0.261905,0.6,,5000,,
0,2,,0.086667,0,0.913333,,5900,,
0,0,,0.4,0.3,0.3,,5300,,
0,2,,0.175,0.3,0.525,,4800,,
0,2,,0.386111,0.222222,0.391667,,5600,,
0,2,,0.3,0,0.7,,4000,,
0,2,,0.325926,0.222222,0.451852,,4300,,
0,1,,0,0.55,0.45,,5600,,
0,1,,0.3,0.5,0.2,,4700,,
0,1,,0.166667,0.508333,0.325,,4100,,
0,2,,0.130952,0.276667,0.592381,,6200,,
0,1,,0,0.5,0.5,,5300,,
0,2,,0.125,0.2,0.675,,4200,,
0,1,,0.1,0.6,0.3,,6600,,
0,2,,0.218182,0.1,0.681818,,4400,,
0,2,,0.030769,0.015385,0.953846,,5200,,
0,2,,0.2,0.333333,0.466667,,3800,,
0,2,,0.175,0,0.825,,4900,,
0,2,,0.2,0.166667,0.633333,,3300,,
0,2,,0.385714,0.157143,0.457143,,5200,,
0,2,,0,0,1,,4500,,
0,2,,0.1125,0.2,0.6875,,3400,,
0,2,,0.171313,0.35899,0.469697,,3900,,
0,0,,0.366667,0.3,0.333333,,6200,,
0,0,,0.4,0.2,0.4,,5300,,
0,2,,0.1,0.3,0.6,,4600,,
0,2,,0.25,0.1,0.65,,3500,,
0,2,,0.4,0.066667,0.533333,,3800,,
0,1,,0,0.5,0.5,,5700,,
0,2,,0.266129,0.245161,0.48871,,6200,,
0,1,,0.1,0.5,0.4,,7100,,
0,2,,0.15,0.29,0.56,,7200,,
0,1,,0.295238,0.483333,0.221429,,7100,,
0,2,,0.125,0.185606,0.689394,,7400,,
0,2,,0.1,0.4,0.5,,5700,,
0,2,,0.2,0,0.8,,4600,,
0,1,,0.4,0.490909,0.109091,,7800,,
0,0,,0.45,0.1,0.45,,6100,,
0,2,,0.16,0.1,0.74,,6400,,
0,2,,0,0.113462,0.886538,,4400,,
0,2,,0,0.025,0.975,,5600,,
0,2,,0.495238,0,0.504762,,5200,,
0,1,,0,0.616667,0.383333,,5900,,
0,1,,0.266667,0.566667,0.166667,,3500,,
0,1,,0.041667,0.583333,0.375,,5900,,
0,1,,0.366667,0.5,0.133333,,5200,,
0,2,,0.107143,0.171612,0.721245,,4400,,
0,2,,0,0.4,0.6,,5300,,
0,2,,0.12,0.2,0.68,,5400,,
0,2,,0.226667,0.20129,0.572043,,4000,,
0,2,,0.203448,0.2,0.596552,,5600,,
0,1,,0.1,0.5,0.4,,5100,,
0,2,,0.101587,0.199683,0.69873,,6100,,
0,2,,0,0.2,0.8,,3800,,
0,2,,0.242857,0.228571,0.528571,,4900,,
0,2,,0.1,0.433333,0.466667,,4900,,
0,2,,0.25,0,0.75,,6700,,
0,0,,0.6,0.05,0.35,,7200,,
0,1,,0.114286,0.478571,0.407143,,6200,,
0,2,,0.107692,0.073077,0.819231,,5500,,
0,2,,0.0329,0.130952,0.836147,,5900,,
0,0,,0.45,0.37,0.18,,4400,,
0,1,,0,0.5,0.5,,4400,,
0,1,,0.3,0.4,0.3,,4500,,
0,2,,0,0,1,,5600,,
0,2,,0.458333,0.05,0.491667,,4400,,
0,1,,0.025,0.875,0.1,,4800,,
0,2,,0,0.3,0.7,,5400,,
0,1,,0.1,0.555556,0.344444,,4900,,
0,2,,0.321429,0.314286,0.364286,,5300,,
0,1,,0.211111,0.47619,0.312698,,4200,,
0,2,,0.330435,0.026087,0.643478,,5200,,
0,0,,0.401515,0.262121,0.336364,,5100,,
0,1,,0.2,0.5,0.3,,5500,,
0,1,,0.27,0.525,0.205,,5800,,
0,2,,0.45,0.025,0.525,,6000,,
0,1,,0.25,0.52,0.23,,6600,,
0,2,,0.028571,0.392674,0.578755,,5300,,
0,2,,0.05,0.35,0.6,,5900,,
0,2,,0,0.361111,0.638889,,4900,,
0,2,,0.245,0.295,0.46,,6400,,
0,0,,0.35,0.35,0.3,,7800,,
0,2,,0.2,0.1,0.7,,6800,,
0,0,,0.4,0.3,0.3,,5800,,
0,1,,0.3,0.475,0.225,,7200,,
0,2,,0.233333,0.2,0.566667,,6000,,
0,1,,0.166667,0.526786,0.306548,,4800,,
0,2,,0.23125,0.245,0.52375,,5600,,
0,2,,0.3,0.25,0.45,,6500,,
0,2,,0.044942,0.374332,0.580726,,6300,,
0,0,,0.425,0.3,0.275,,6500,,
0,2,,0.25,0.05,0.7,,7700,,
0,2,,0,0.066667,0.933333,,5900,,
0,2,,0.365,0.1,0.535,,8400,,
0,2,,0.288889,0,0.711111,,5600,,
0,1,,0.142857,0.517857,0.339286,,7500,,
0,0,,0.6,0.3,0.1,,8600,,
0,0,,0.45101,0.387879,0.161111,,6400,,
0,2,,0.2,0.35,0.45,,8900,,
0,2,,0.3,0.3,0.4,,5100,,
0,2,,0,0.292308,0.707692,,7100,,
0,2,,0,0.2,0.8,,7300,,
0,2,,0.1,0.22,0.68,,8300,,
0,2,,0.02,0.02,0.96,,6400,,
0,2,,0.005556,0.3,0.694444,,6900,,
0,0,,0.4,0.3,0.3,,7500,,
0,2,,0.209028,0.14375,0.647222,,6100,,
0,0,,0.4,0.2,0.4,,30500,,
0,2,,0.307143,0.328571,0.364286,,10200,,
0,2,,0.104348,0.350362,0.54529,,8800,,
0,2,,0.1,0.221667,0.678333,,12700,,
0,2,,0.28,0.2,0.52,,7900,,
0,0,,0.441667,0.15,0.408333,,10100,,
0,2,,0.2,0,0.8,,11200,,
0,2,,0,0.233333,0.766667,,7300,,
0,2,,0.244444,0.122222,0.633333,,8900,,
0,1,,0.279365,0.449841,0.270794,,7700,,
0,0,,0.45,0.1,0.45,,9200,,
0,0,,0.425,0.388333,0.186667,,8100,,
0,2,,0.32,0,0.68,,10200,,
0,2,,0.4,0.1,0.5,,8200,,
0,2,,0.1,0.1,0.8,,3500,,
0,1,,0,0.5,0.5,,5100,,
0,1,,0.1,0.6,0.3,,6200,,
0,2,,0.2,0.3,0.5,,8600,,
0,1,,0.05,0.6,0.35,,7000,,
0,2,,0.2,0.2,0.6,,7000,,
0,2,,0.15,0,0.85,,9400,,
0,2,,0.116366,0.23969,0.643944,,8200,,
0,1,,0.3,0.6,0.1,,6200,,
0,2,,0.44,0.1,0.46,,7400,,
0,2,,0,0.3,0.7,,8500,,
0,2,,0.265833,0.154167,0.58,,5900,,
0,0,,0.39,0.26,0.35,,7500,,
0,2,,0.31875,0.20625,0.475,,8500,,
0,1,,0.3,0.4,0.3,,6100,,
0,1,,0.328571,0.471429,0.2,,4300,,
0,2,,0.2,0.2,0.6,,4600,,
0,2,,0.337121,0.258333,0.404545,,5700,,
0,0,,0.44,0.25,0.31,,6500,,
0,2,,0.15,0.2,0.65,,6400,,
0,2,,0,0.4,0.6,,9600,,
0,1,,0.22,0.48,0.3,,6700,,
0,0,,0.363636,0.336364,0.3,,6600,,
0,2,,0.2,0.316667,0.483333,,6300,,
0,2,,0.320536,0.187202,0.492262,,6000,,
0,2,,0.166667,0.3,0.533333,,5300,,
0,1,,0,0.7,0.3,,8900,,
0,2,,0.303333,0.283333,0.413333,,6400,,
0,2,,0.1,0.4,0.5,,8000,,
0,2,,0.17,0.2,0.63,,5300,,
0,1,,0.14,0.5,0.36,,6400,,
0,1,,0.205714,0.438095,0.35619,,4700,,
0,2,,0.02,0.2,0.78,,5700,,
0,2,,0.1,0,0.9,,4800,,
0,1,,0.265385,0.396154,0.338462,,3500,,
0,1,,0.1,0.452381,0.447619,,6400,,
0,1,,0.013043,0.713043,0.273913,,6800,,
0,2,,0.013043,0.1,0.886957,,5400,,
0,1,,0.011111,0.677778,0.311111,,6400,,
0,2,,0.05,0.25,0.7,,7100,,
0,2,,0.04375,0.228125,0.728125,,5100,,
0,2,,0.1,0.316667,0.583333,,4700,,
0,2,,0.141667,0.345238,0.513095,,6100,,
0,1,,0,1,0,,4400,,
0,1,,0.3,0.7,0,,5100,,
0,2,,0.1,0.3,0.6,,7200,,
0,2,,0,0.05,0.95,,6800,,
0,2,,0.15,0.1,0.75,,5200,,
0,0,,0.35,0.35,0.3,,7000,,
0,1,,0.233333,0.466667,0.3,,7800,,
0,1,,0.3,0.5,0.2,,6800,,
0,2,,0.268382,0.066176,0.665441,,7300,,
0,0,,0.4,0.283333,0.316667,,7300,,
0,0,,0.8,0,0.2,,4900,,
0,2,,0.250824,0.369231,0.379945,,4600,,
0,0,,0.56,0.1,0.34,,4900,,
0,2,,0.3,0.1,0.6,,4300,,
0,2,,0.44,0.04,0.52,,5300,,
0,2,,0.019397,0.102371,0.878233,,7300,,
0,1,,0.2,0.45,0.35,,6600,,
0,0,,0.7,0,0.3,,5600,,
0,1,,0.12,0.48,0.4,,5400,,
0,1,,0.15,0.433333,0.416667,,7200,,
0,2,,0.3,0.3,0.4,,6100,,
0,2,,0.006897,0.458621,0.534483,,2700,,
0,2,,0.22381,0.1,0.67619,,5300,,
0,0,,0.5,0.1,0.4,,3800,,
0,1,,0.3,0.5,0.2,,5300,,
0,2,,0.2,0.3,0.5,,6000,,
0,1,,0.16,0.535,0.305,,5900,,
0,2,,0.175,0.216667,0.608333,,5800,,
0,0,,0.4,0.2,0.4,,5900,,
0,2,,0.409091,0.05,0.540909,,4600,,
0,2,,0.2,0.333333,0.466667,,4700,,
0,2,,0.231579,0.224561,0.54386,,3900,,
0,2,,0.048485,0.209091,0.742424,,6100,,
0,1,,0.288462,0.480769,0.230769,,5100,,
0,0,,0.5,0.2,0.3,,5700,,
0,0,,0.364286,0.351429,0.284286,,7500,,
0,2,,0,0.15,0.85,,4800,,
0,2,,0.1,0.4,0.5,,6500,,
0,2,,0.3,0.3,0.4,,4800,,
0,1,,0.1,0.5,0.4,,6100,,
0,2,,0.030621,0.182174,0.787205,,6000,,
0,2,,0.2,0.1,0.7,,4700,,
0,1,,0.2,0.4,0.4,,6300,,
0,2,,0.3,0.1,0.6,,5600,,
0,2,,0.277778,0.022222,0.7,,4500,,
0,2,,0,0.24,0.76,,6700,,
0,0,,0.516667,0.233333,0.25,,6600,,
0,2,,0.018182,0.145455,0.836364,,5700,,
0,2,,0.2,0.1,0.7,,4200,,
0,2,,0.330556,0.011111,0.658333,,6000,,
0,2,,0.228571,0.102857,0.668571,,5800,,
0,2,,0,0.2,0.8,,7200,,
0,2,,0,0.3,0.7,,4300,,
0,2,,0.32,0.33,0.35,,6500,,
0,2,,0.333333,0.2,0.466667,,6300,,
0,2,,0.218182,0.2,0.581818,,4900,,
0,2,,0.1,0.1,0.8,,3200,,
0,2,,0.1,0.1,0.8,,5600,,
0,2,,0.16939,0.379512,0.451098,,5400,,
0,0,,0.433333,0.311111,0.255556,,5800,,
0,2,,0.2,0.216667,0.583333,,5400,,
0,0,,0.5,0.2,0.3,,4300,,
0,2,,0.125,0.2125,0.6625,,6400,,
0,2,,0.1,0.2,0.7,,5800,,
0,2,,0.1,0.316667,0.583333,,5200,,
0,2,,0.108696,0.402174,0.48913,,5500,,
0,2,,0.1,0.286667,0.613333,,5600,,
0,1,,0.257265,0.405128,0.337607,,4500,,
0,1,,0.22,0.453333,0.326667,,4900,,
0,2,,0,0.333333,0.666667,,5300,,
0,0,,0.7,0.2,0.1,,4400,,
0,2,,0.2,0.357143,0.442857,,5400,,
0,0,,0.4,0.2,0.4,,4600,,
0,2,,0.1,0.3,0.6,,5900,,
0,2,,0.15,0.133333,0.716667,,6800,,
0,2,,0.1,0.05,0.85,,5100,,
0,1,,0.2,0.416667,0.383333,,3600,,
0,1,,0.183333,0.616667,0.2,,5300,,
0,2,,0.26,0.28,0.46,,6100,,
0,2,,0.13475,0.15475,0.7105,,4600,,
0,1,,0.1,0.5,0.4,,5000,,
0,2,,0.1,0.1,0.8,,4800,,
0,2,,0.204545,0.077273,0.718182,,7000,,
0,2,,0,0.16,0.84,,5600,,
0,2,,0.319048,0.271429,0.409524,,6000,,
0,2,,0.305,0.033333,0.661667,,4200,,
0,2,,0.3,0.2,0.5,,4800,,
0,2,,0.108696,0.372174,0.51913,,5100,,
0,0,,0.5,0.2,0.3,,5300,,
0,2,,0.3,0,0.7,,5900,,
0,2,,0,0.1,0.9,,5000,,
0,1,,0.1,0.783333,0.116667,,6800,,
0,1,,0.128571,0.571429,0.3,,5700,,
0,2,,0.352778,0.044444,0.602778,,5400,,
0,2,,0.15,0.1,0.75,,5500,,
0,2,,0.3,0.225,0.475,,5000,,
0,2,,0.1,0.2,0.7,,11200,,
0,1,,0.045412,0.768,0.186588,,3600,,
0,1,,0,0.525,0.475,,7500,,
0,0,,0.55,0.266667,0.183333,,7200,,
0,2,,0.1,0.35,0.55,,7200,,
0,2,,0.1,0.32,0.58,,6200,,
0,2,,0.2,0.2,0.6,,3600,,
0,2,,0.123256,0.311143,0.565601,,5400,,
0,2,,0.4,0.1,0.5,,5200,,
0,2,,0.2,0.316667,0.483333,,7200,,
0,1,,0.4,0.6,0,,4700,,
0,2,,0.190774,0.103869,0.705357,,5200,,
0,2,,0.27,0.3,0.43,,5700,,
0,0,,0.4,0.3,0.3,,5200,,
0,2,,0,0.3,0.7,,6400,,
0,0,,0.4875,0.3,0.2125,,4800,,
0,0,,0.563636,0.336364,0.1,,6000,,
0,2,,0.2,0.3,0.5,,4800,,
0,1,,0.066667,0.533333,0.4,,6300,,
0,1,,0.244444,0.466667,0.288889,,4200,,
0,2,,0,0,1,,4000,,
0,2,,0,0.345055,0.654945,,6600,,
0,2,,0,0.3,0.7,,4700,,
0,2,,0.333333,0.3,0.366667,,5400,,
0,1,,0.1,0.55,0.35,,6200,,
0,2,,0.1325,0.220833,0.646667,,4600,,
0,0,,0.45,0.25,0.3,,5500,,
0,0,,0.416667,0.4,0.183333,,6000,,
0,1,,0.3,0.4,0.3,,5000,,
0,1,,0.114286,0.442857,0.442857,,4900,,
0,0,,0.435056,0.340602,0.224342,,6200,,
0,1,,0.35,0.385,0.265,,4400,,
0,1,,0.116667,0.5,0.383333,,6300,,
0,0,,0.4,0.2,0.4,,5700,,
0,2,,0.1,0.333333,0.566667,,5600,,
0,2,,0.082143,0.2,0.717857,,4400,,
0,2,,0.012132,0.325,0.662868,,4700,,
0,0,,0.4625,0.275,0.2625,,6400,,
0,2,,0.291387,0.340441,0.368172,,5500,,
0,2,,0.2,0.3,0.5,,6300,,
0,2,,0.11,0.26,0.63,,5900,,
0,1,,0.02,0.58,0.4,,7200,,
0,2,,0.3125,0.125,0.5625,,4500,,
0,2,,0.3,0.3,0.4,,4900,,
0,1,,0.109091,0.454545,0.436364,,4100,,
0,2,,0.3,0.3,0.4,,5300,,
0,1,,0.255385,0.440769,0.303846,,4900,,
0,1,,0.036842,0.907895,0.055263,,5900,,
0,2,,0.233333,0.2,0.566667,,5200,,
0,2,,0.433333,0.033333,0.533333,,6000,,
0,2,,0.22,0.083333,0.696667,,4600,,
0,2,,0.3,0.3,0.4,,5100,,
0,2,,0.222222,0.133333,0.644444,,5300,,
0,2,,0.165,0.21,0.625,,5800,,
0,2,,0.133333,0.130769,0.735897,,5300,,
0,0,,0.485,0.175,0.34,,4100,,
0,2,,0.2,0.1,0.7,,5400,,
0,2,,0.15,0.35,0.5,,6800,,
0,1,,0.016667,0.533333,0.45,,6600,,
0,1,,0.175,0.433333,0.391667,,5400,,
0,2,,0.035714,0.146218,0.818067,,5200,,
0,2,,0.228571,0.114286,0.657143,,4900,,
0,0,,0.488421,0.306316,0.205263,,5200,,
0,2,,0.366304,0.058937,0.574758,,3800,,
0,1,,0.325,0.4,0.275,,4800,,
0,2,,0.1,0.1,0.8,,5000,,
0,0,,0.4,0.3,0.3,,4600,,
0,2,,0,0.2,0.8,,5200,,
0,2,,0.033333,0.14899,0.817677,,6300,,
0,1,,0.2,0.4,0.4,,6200,,
0,1,,0,0.75,0.25,,4900,,
0,2,,0.133333,0,0.866667,,6100,,
0,1,,0.24,0.53,0.23,,6000,,
0,1,,0.276364,0.596364,0.127273,,4900,,
0,1,,0,0.522727,0.477273,,6100,,
0,1,,0,0.55,0.45,,6900,,
0,2,,0.285714,0.314286,0.4,,7100,,
0,1,,0.388531,0.460699,0.150769,,6300,,
0,1,,0.2,0.7,0.1,,7400,,
0,2,,0.314286,0.042857,0.642857,,6500,,
0,1,,0.087981,0.648077,0.263942,,6700,,
0,1,,0.2,0.44,0.36,,6900,,
0,0,,0.433333,0.4,0.166667,,5200,,
0,2,,0.1,0.1,0.8,,6700,,
0,0,,0.609524,0.047619,0.342857,,7900,,
0,2,,0.025,0,0.975,,5300,,
0,2,,0.36,0.24,0.4,,4300,,
0,1,,0.391667,0.466667,0.141667,,6800,,
0,0,,0.344444,0.333333,0.322222,,5100,,
0,0,,0.4,0.4,0.2,,6300,,
0,2,,0.34,0.15,0.51,,5900,,
0,2,,0.2,0.1,0.7,,5200,,
0,2,,0,0.233333,0.766667,,5200,,
0,0,,0.495238,0.228571,0.27619,,5100,,
0,2,,0.333333,0.066667,0.6,,5400,,
0,1,,0.05,0.547619,0.402381,,4100,,
0,2,,0.105263,0.426316,0.468421,,5300,,
0,2,,0.04,0.123077,0.836923,,6100,,
0,0,,0.5,0.2,0.3,,4400,,
0,1,,0.35,0.416667,0.233333,,5000,,
0,2,,0.107692,0.230769,0.661538,,6000,,
0,2,,0,0,1,,5500,,
0,2,,0,0.022222,0.977778,,6000,,
0,2,,0,0.439351,0.560649,,6700,,
0,2,,0.2,0.3,0.5,,5100,,
0,2,,0,0.1,0.9,,4500,,
0,2,,0,0.344444,0.655556,,5300,,
0,2,,0,0.326667,0.673333,,5500,,
0,2,,0.208333,0.016667,0.775,,5500,,
0,1,,0.4,0.5,0.1,,5300,,
0,1,,0.416667,0.45,0.133333,,6900,,
0,2,,0.1,0.4,0.5,,5800,,
0,1,,0.125,0.693182,0.181818,,6500,,
0,2,,0.225,0.1,0.675,,5900,,
0,2,,0.213793,0.057241,0.728966,,5400,,
0,1,,0.233333,0.671795,0.094872,,6400,,
0,2,,0.22253,0.313439,0.464032,,3100,,
0,2,,0.082581,0.326183,0.591237,,4500,,
0,0,,0.774286,0.021429,0.204286,,4400,,
0,2,,0.310504,0.254202,0.435294,,6900,,
0,2,,0.175,0.3,0.525,,4800,,
0,2,,0.34,0.03,0.63,,4900,,
0,2,,0.327778,0.3,0.372222,,5600,,
0,2,,0.2,0,0.8,,6500,,
0,1,,0.208333,0.483333,0.308333,,5600,,
0,2,,0.375,0.2,0.425,,3800,,
0,2,,0.111111,0.266667,0.622222,,5500,,
0,2,,0.1,0,0.9,,5400,,
0,2,,0.084615,0.375641,0.539744,,6300,,
0,2,,0.1125,0.325,0.5625,,5200,,
0,2,,0.191667,0.133333,0.675,,5400,,
0,0,,0.5,0,0.5,,3800,,
0,2,,0.216667,0.133333,0.65,,6000,,
0,2,,0.378063,0.230357,0.391579,,4700,,
0,2,,0.3,0.166667,0.533333,,5200,,
0,0,,0.532143,0.325,0.142857,,6000,,
0,2,,0.017143,0.334286,0.648571,,5500,,
0,2,,0.1,0.4,0.5,,5900,,
0,2,,0.3,0.333333,0.366667,,5200,,
0,2,,0,0.273333,0.726667,,6900,,
0,2,,0.01,0.41,0.58,,5200,,
0,2,,0.2,0.35,0.45,,5200,,
0,2,,0.134286,0.1,0.765714,,6900,,
0,1,,0.218182,0.572727,0.209091,,8000,,
0,1,,0.1,0.7,0.2,,9600,,
0,2,,0.2,0.05,0.75,,4500,,
0,2,,0.184409,0.252688,0.562903,,3600,,
0,2,,0.39125,0.06375,0.545,,6800,,
0,2,,0.224835,0.291978,0.483187,,3700,,
0,1,,0.12,0.68,0.2,,6200,,
0,2,,0,0.1,0.9,,4100,,
0,1,,0.13,0.64,0.23,,4500,,
0,2,,0.1,0.366667,0.533333,,6100,,
0,2,,0.387302,0.057937,0.554762,,4200,,
0,2,,0.24,0.2,0.56,,5700,,
0,1,,0,0.9,0.1,,5500,,
0,1,,0.12,0.752727,0.127273,,5700,,
0,0,,0.5,0.1,0.4,,5400,,
0,2,,0,0.371078,0.628922,,5500,,
0,2,,0,0.255556,0.744444,,5000,,
0,0,,0.739286,0,0.260714,,4400,,
0,1,,0.1,0.7,0.2,,3600,,
0,2,,0.1,0.3,0.6,,4900,,
0,2,,0.226286,0.175714,0.598,,5100,,
0,0,,0.75,0.1,0.15,,5700,,
0,1,,0.1,0.8,0.1,,6100,,
0,2,,0.1,0.4,0.5,,5300,,
0,1,,0.124348,0.451739,0.423913,,4500,,
0,1,,0.221324,0.393088,0.385588,,5200,,
0,2,,0.1,0.4375,0.4625,,5600,,
0,1,,0.2,0.628571,0.171429,,5800,,
0,1,,0.025,0.64375,0.33125,,5500,,
0,2,,0.1,0.1,0.8,,4900,,
0,2,,0.233333,0.1,0.666667,,4400,,
0,1,,0.2,0.416667,0.383333,,3400,,
0,1,,0.005556,0.6,0.394444,,10400,,
0,1,,0.31,0.49,0.2,,5800,,
0,2,,0.228571,0.342857,0.428571,,4700,,
0,0,,0.533333,0,0.466667,,4300,,
0,1,,0.2,0.5,0.3,,5900,,
0,2,,0.116667,0.111111,0.772222,,5700,,
0,2,,0.1,0.1,0.8,,4300,,
0,2,,0.231293,0.289286,0.479422,,5300,,
0,0,,0.4,0.366667,0.233333,,2800,,
0,2,,0.225,0.125,0.65,,5800,,
0,1,,0.2,0.433333,0.366667,,5900,,
0,0,,0.5,0.2,0.3,,4900,,
0,2,,0.207143,0.257143,0.535714,,6100,,
0,2,,0.389091,0.037273,0.573636,,5400,,
0,2,,0.3,0.25,0.45,,5400,,
0,1,,0.291667,0.433333,0.275,,4300,,
0,2,,0.2,0,0.8,,5600,,
0,2,,0.3,0.1375,0.5625,,5500,,
0,2,,0.186154,0.393846,0.42,,5800,,
0,1,,0.3,0.5,0.2,,4800,,
0,2,,0.057143,0.3,0.642857,,6900,,
0,2,,0.208846,0.115385,0.675769,,4000,,
0,2,,0.3,0.15,0.55,,5400,,
0,2,,0.105556,0.205556,0.688889,,4700,,
0,2,,0.125,0.2625,0.6125,,5400,,
0,2,,0.236364,0.20101,0.562626,,5000,,
0,2,,0.228571,0.271429,0.5,,4800,,
0,2,,0.2,0.3,0.5,,4000,,
0,1,,0.211111,0.5,0.288889,,4800,,
0,1,,0.14,0.54,0.32,,5600,,
0,2,,0.362069,0.194181,0.44375,,3900,,
0,2,,0.022222,0.177778,0.8,,4700,,
0,2,,0.1,0.1,0.8,,3900,,
0,2,,0.336364,0.155682,0.507955,,4500,,
0,2,,0.133333,0.344444,0.522222,,6200,,
0,0,,0.4,0.25,0.35,,5400,,
0,2,,0.1,0.333333,0.566667,,6200,,
0,2,,0.4,0.118182,0.481818,,5100,,
0,2,,0.109524,0.02381,0.866667,,7600,,
0,2,,0.138333,0.25,0.611667,,6000,,
0,1,,0,0.557143,0.442857,,5400,,
0,2,,0.330769,0.053846,0.615385,,4700,,
0,2,,0,0.455,0.545,,5800,,
0,2,,0.3,0.2,0.5,,3600,,
0,1,,0.3,0.55,0.15,,4800,,
0,0,,0.580556,0.030556,0.388889,,4700,,
0,2,,0.384677,0.206452,0.408871,,4900,,
0,2,,0,0.38,0.62,,4500,,
0,0,,0.431061,0.225,0.343939,,4500,,
0,1,,0.425,0.525,0.05,,4100,,
0,2,,0,0,1,,5200,,
0,2,,0.325,0,0.675,,5900,,
0,2,,0.323188,0.129565,0.547246,,4800,,
0,0,,0.5,0,0.5,,3900,,
0,0,,0.533333,0.366667,0.1,,3900,,
0,2,,0.070435,0.226087,0.703478,,4500,,
0,2,,0,0.116667,0.883333,,5500,,
0,2,,0.033333,0.166667,0.8,,4600,,
0,2,,0.109091,0.281364,0.609545,,5000,,
0,2,,0.21875,0.11875,0.6625,,4300,,
0,2,,0,0.3,0.7,,3900,,
0,2,,0.244444,0.311111,0.444444,,4900,,
0,2,,0.1,0,0.9,,5500,,
0,2,,0.2125,0.1,0.6875,,4200,,
0,2,,0,0.1,0.9,,4700,,
0,2,,0,0.3,0.7,,5900,,
0,1,,0.35873,0.471429,0.169841,,4900,,
0,2,,0,0.066667,0.933333,,5800,,
0,2,,0.007143,0.2,0.792857,,4500,,
0,2,,0.25,0.21,0.54,,4500,,
0,1,,0.1375,0.6625,0.2,,5800,,
0,2,,0.352632,0.236842,0.410526,,4100,,
0,2,,0.203636,0.378182,0.418182,,4200,,
0,2,,0.414286,0,0.585714,,4900,,
0,2,,0.4,0,0.6,,5900,,
0,1,,0.252273,0.47197,0.275758,,3500,,
0,1,,0.3,0.4,0.3,,5600,,
0,2,,0.25,0.35,0.4,,5500,,
0,2,,0,0,1,,4400,,
0,1,,0.1,0.798611,0.101389,,6000,,
0,2,,0.2,0.1,0.7,,5900,,
0,2,,0.211111,0.1,0.688889,,4100,,
0,1,,0.036364,0.645455,0.318182,,6300,,
0,2,,0,0.392308,0.607692,,5200,,
0,2,,0.1,0.2,0.7,,6600,,
0,2,,0.3,0.3,0.4,,4200,,
0,2,,0.214286,0.3625,0.423214,,6900,,
0,2,,0.094444,0.02,0.885556,,3800,,
0,2,,0.1,0.225,0.675,,4500,,
0,2,,0.3,0.2,0.5,,4600,,
0,1,,0,0.55,0.45,,5300,,
0,2,,0.4,0.15,0.45,,6100,,
0,2,,0.15,0.05,0.8,,6400,,
0,1,,0.15,0.490476,0.359524,,6300,,
0,1,,0.411023,0.461111,0.127865,,6700,,
0,2,,0.4,0.1,0.5,,4700,,
0,2,,0.333333,0.3,0.366667,,6400,,
0,2,,0.1,0.26,0.64,,6200,,
0,2,,0.1,0.1,0.8,,5300,,
0,1,,0.177273,0.513636,0.309091,,5600,,
0,2,,0.3175,0.304167,0.378333,,5100,,
0,0,,0.6,0.15,0.25,,5500,,
0,2,,0.209028,0.24375,0.547222,,3800,,
0,1,,0.1,0.5,0.4,,6700,,
0,2,,0.317424,0.302273,0.380303,,4300,,
0,2,,0.218939,0.088636,0.692424,,5700,,
0,2,,0.125,0.225,0.65,,5800,,
0,2,,0.2,0,0.8,,6100,,
0,1,,0.25,0.45,0.3,,7300,,
0,2,,0.1,0.325,0.575,,6700,,
0,2,,0.387879,0.218182,0.393939,,6000,,
0,2,,0,0,1,,3900,,
0,1,,0.225,0.575,0.2,,5600,,
0,2,,0.1,0.3,0.6,,4000,,
0,2,,0.125,0,0.875,,6100,,
0,2,,0.25,0.25,0.5,,4100,,
0,2,,0.3,0.2,0.5,,4400,,
0,0,,0.518831,0,0.481169,,5900,,
0,2,,0.169048,0.388095,0.442857,,5000,,
0,2,,0.1,0.1,0.8,,6900,,
0,2,,0.4,0.1,0.5,,5800,,
0,2,,0.310526,0.246053,0.443421,,5300,,
0,2,,0,0.233333,0.766667,,5100,,
0,1,,0.3,0.5,0.2,,4900,,
0,2,,0.17,0.37,0.46,,4000,,
0,1,,0.133333,0.633333,0.233333,,5400,,
0,2,,0,0.3,0.7,,5700,,
0,2,,0,0.4,0.6,,3800,,
0,0,,0.52,0.273333,0.206667,,6000,,
0,1,,0.212,0.576,0.212,,5700,,
0,2,,0.036111,0.355556,0.608333,,5700,,
0,2,,0.347843,0.023529,0.628627,,4600,,
0,2,,0.1375,0.3,0.5625,,5700,,
0,0,,0.546429,0.328571,0.125,,5400,,
0,1,,0,0.8,0.2,,4200,,
0,1,,0.022222,0.688889,0.288889,,5000,,
0,2,,0.1,0.216667,0.683333,,5000,,
0,2,,0.133333,0.166667,0.7,,5600,,
0,2,,0.15,0.25,0.6,,4600,,
0,2,,0.119231,0.16129,0.719479,,5100,,
0,2,,0.2,0.075,0.725,,4300,,
0,2,,0.35,0.25,0.4,,6100,,
0,2,,0.209091,0.089899,0.70101,,6400,,
0,2,,0.363859,0.179412,0.456729,,3100,,
0,2,,0.1,0,0.9,,5200,,
0,1,,0,0.733333,0.266667,,5900,,
0,2,,0.12,0.166667,0.713333,,4200,,
0,2,,0.265,0.185,0.55,,4000,,
0,2,,0.1,0,0.9,,5700,,
0,2,,0.2,0.3,0.5,,5300,,
0,2,,0.02,0.391667,0.588333,,6600,,
0,1,,0,0.7,0.3,,6400,,
0,2,,0.345833,0.1125,0.541667,,4600,,
0,2,,0.3,0.25,0.45,,5500,,
0,0,,0.4,0.3,0.3,,4400,,
0,1,,0.3,0.4,0.3,,5000,,
0,1,,0.25,0.382143,0.367857,,5600,,
0,2,,0.4,0,0.6,,4200,,
0,2,,0.264286,0.135714,0.6,,4900,,
0,0,,0.35,0.316667,0.333333,,4200,,
0,2,,0,0.3,0.7,,5200,,
0,2,,0.2,0.1,0.7,,5000,,
0,0,,0.504167,0.177083,0.31875,,3400,,
0,2,,0.14,0.3,0.56,,5100,,
0,2,,0.325,0.283333,0.391667,,5500,,
0,1,,0.3275,0.4025,0.27,,6200,,
0,1,,0.054286,0.628571,0.317143,,5100,,
0,2,,0.05,0.133333,0.816667,,5200,,
0,2,,0.342857,0,0.657143,,5300,,
0,2,,0.306667,0,0.693333,,7000,,
0,2,,0.066667,0,0.933333,,4600,,
0,2,,0.121429,0.360714,0.517857,,4300,,
0,2,,0.128571,0.396429,0.475,,4800,,
0,1,,0.371667,0.515,0.113333,,4600,,
0,0,,0.6,0.2,0.2,,4500,,
0,1,,0.034015,0.548735,0.417251,,5500,,
0,2,,0,0.021739,0.978261,,3400,,
0,2,,0.345,0.16,0.495,,6100,,
0,2,,0.159375,0.375,0.465625,,5200,,
0,2,,0.133333,0.116667,0.75,,5500,,
0,2,,0.2,0.1,0.7,,5100,,
0,2,,0.088889,0.2,0.711111,,4600,,
0,0,,0.5,0.14375,0.35625,,4000,,
0,2,,0.1,0.0125,0.8875,,6400,,
0,2,,0.172222,0.2,0.627778,,5200,,
0,1,,0.3,0.5,0.2,,4000,,
0,2,,0.1,0.115385,0.784615,,4400,,
0,2,,0.05,0.027778,0.922222,,7900,,
0,2,,0.24,0.06,0.7,,5000,,
0,1,,0.2,0.535088,0.264912,,6900,,
0,2,,0.1,0.1,0.8,,5600,,
0,2,,0.133333,0.166667,0.7,,3900,,
0,2,,0.2,0.35,0.45,,7100,,
0,1,,0.206897,0.4,0.393103,,4100,,
0,2,,0.4,0,0.6,,5300,,
0,0,,0.441667,0.16,0.398333,,5200,,
0,2,,0.14475,0.1,0.75525,,5300,,
0,0,,0.4875,0.25,0.2625,,5500,,
0,2,,0.2,0.1,0.7,,7200,,
0,1,,0.285,0.581667,0.133333,,5200,,
0,2,,0.2,0.2,0.6,,5800,,
0,1,,0.016667,0.791667,0.191667,,5600,,
0,1,,0.216667,0.458333,0.325,,5700,,
0,2,,0.291667,0.15,0.558333,,5900,,
0,2,,0.2,0.1,0.7,,6300,,
0,0,,0.483333,0.108333,0.408333,,5500,,
0,2,,0.2,0.315,0.485,,4000,,
0,2,,0.228571,0.214286,0.557143,,3600,,
0,1,,0.133333,0.461111,0.405556,,7000,,
0,2,,0.22,0.17,0.61,,3900,,
0,0,,0.4,0.233333,0.366667,,5600,,
0,1,,0.172857,0.502857,0.324286,,6500,,
0,2,,0.1,0.2,0.7,,6400,,
0,2,,0.34,0.3,0.36,,4400,,
0,2,,0,0.3,0.7,,5900,,
0,1,,0.155556,0.5,0.344444,,5700,,
0,2,,0.1,0.22,0.68,,3800,,
0,1,,0.228571,0.5,0.271429,,5200,,
0,2,,0.2,0.2,0.6,,5200,,
0,1,,0.179293,0.49596,0.324747,,5200,,
