connect-4,Randf,test,2,NANOSECONDS,PREDICTIONS, Generated by ClassifierExperiments.java on 2022-05-16 12:45:48.    SYSTEMPROPERTIES:{user.name:matth,os.arch:amd64,os.name:Windows 10},ENDSYSTEMPROPERTIES
No parameter info
0.7198046181172292,35158700,71210400,-1,0,3,,-1,-1
0,2,,0.032805,0.085176,0.882019,,10100,,
0,1,,0.23383,0.457654,0.308516,,5700,,
0,2,,0.352911,0.280604,0.366485,,5800,,
0,2,,0.030378,0.193017,0.776605,,5400,,
0,1,,0.095687,0.459526,0.444787,,5600,,
0,2,,0.08533,0.407235,0.507435,,5500,,
0,2,,0.202361,0.179769,0.61787,,5400,,
0,1,,0.013025,0.595371,0.391604,,5400,,
0,2,,0.004115,0.273947,0.721938,,5400,,
0,1,,0.181248,0.460078,0.358675,,5400,,
0,2,,0.183997,0.35891,0.457093,,5400,,
0,2,,0.018537,0.175506,0.805957,,5400,,
0,2,,0.107686,0.144205,0.74811,,5300,,
0,2,,0.063933,0.099753,0.836314,,5400,,
0,2,,0.157099,0.420751,0.42215,,5400,,
0,2,,0.046406,0.143425,0.810169,,5300,,
0,2,,0.285624,0.198385,0.515991,,5500,,
0,2,,0.017213,0.304422,0.678365,,5300,,
0,2,,0.374462,0.162165,0.463373,,5400,,
0,2,,0.068993,0.27587,0.655137,,5400,,
0,1,,0.205526,0.591732,0.202742,,5500,,
0,2,,0.037379,0.059015,0.903606,,5300,,
0,2,,0.175604,0.193825,0.630571,,5300,,
0,1,,0.00101,0.610224,0.388767,,7100,,
0,2,,0.093044,0.104532,0.802424,,5500,,
0,2,,0.192509,0.169048,0.638443,,5400,,
0,2,,0.084182,0.265794,0.650024,,5400,,
0,1,,0.141202,0.516972,0.341826,,5400,,
0,1,,0.107477,0.579095,0.313428,,5500,,
0,2,,0.262924,0.318305,0.418771,,5500,,
0,2,,0.108039,0.180414,0.711547,,5400,,
0,2,,0.117338,0.189775,0.692887,,5400,,
0,2,,0.080764,0.11929,0.799946,,5300,,
0,0,,0.465422,0.186336,0.348242,,5500,,
0,2,,0.122999,0.183445,0.693556,,5400,,
0,2,,0.134038,0.295015,0.570947,,5400,,
0,2,,0.036269,0.210951,0.75278,,5300,,
0,2,,0.360938,0.103643,0.535419,,5400,,
0,2,,0.38768,0.213367,0.398952,,5600,,
0,1,,0.249213,0.381355,0.369432,,5600,,
0,2,,0.319081,0.120777,0.560143,,5400,,
0,1,,0.242186,0.448045,0.309769,,5300,,
0,2,,0.162283,0.35005,0.487667,,5400,,
0,2,,0.355305,0.182422,0.462273,,5500,,
0,2,,0.079847,0.050585,0.869567,,5400,,
0,2,,0.211137,0.319363,0.4695,,5300,,
0,2,,0.213601,0.172186,0.614213,,5400,,
0,2,,0.201156,0.208419,0.590425,,5600,,
0,2,,0.342267,0.12316,0.534572,,5300,,
0,2,,0.090949,0.435526,0.473525,,5400,,
0,2,,0.15564,0.259964,0.584396,,5300,,
0,2,,0.051983,0.120562,0.827455,,5300,,
0,2,,0.06873,0.38755,0.543721,,5400,,
0,2,,0.292161,0.298065,0.409774,,5400,,
0,2,,0.04129,0.44494,0.51377,,5300,,
0,2,,0.040722,0.263888,0.695391,,5300,,
0,2,,0.311837,0.203114,0.485049,,5400,,
0,0,,0.50195,0.10929,0.388759,,5400,,
0,2,,0.297368,0.151799,0.550833,,5300,,
0,2,,0.13174,0.19823,0.67003,,5300,,
0,2,,0.152996,0.154839,0.692165,,5400,,
0,2,,0.179586,0.097135,0.723279,,5400,,
0,2,,0.042601,0.383806,0.573593,,5300,,
0,1,,0.175307,0.530205,0.294487,,5500,,
0,2,,0.257567,0.232865,0.509568,,5400,,
0,2,,0.199756,0.296508,0.503736,,5400,,
0,2,,0.345283,0.115679,0.539038,,5400,,
0,2,,0.151426,0.237629,0.610945,,5400,,
0,0,,0.457306,0.112109,0.430585,,5400,,
0,2,,0.043683,0.197872,0.758445,,5300,,
0,0,,0.469532,0.133269,0.397199,,5400,,
0,2,,0.183484,0.243071,0.573446,,5300,,
0,1,,0.188027,0.593963,0.218009,,5300,,
0,2,,0.169627,0.080262,0.750111,,5400,,
0,2,,0.064325,0.107228,0.828447,,5300,,
0,2,,0.009266,0.088887,0.901846,,5300,,
0,2,,0.014735,0.172113,0.813152,,5400,,
0,2,,0.070078,0.19075,0.739173,,5300,,
0,2,,0.114187,0.266091,0.619722,,5300,,
0,2,,0.049188,0.426453,0.524359,,5400,,
0,2,,0.057413,0.133541,0.809045,,5400,,
0,2,,0.232095,0.118526,0.649379,,5400,,
0,2,,0.212393,0.384413,0.403194,,5400,,
0,0,,0.428614,0.184857,0.386529,,5400,,
0,2,,0.080287,0.108629,0.811084,,5300,,
0,2,,0.253734,0.149588,0.596678,,5500,,
0,2,,0.207387,0.219931,0.572682,,5500,,
0,0,,0.573382,0.106603,0.320015,,5400,,
0,2,,0.028091,0.379463,0.592447,,5300,,
0,2,,0.043013,0.271512,0.685475,,5300,,
0,0,,0.429352,0.271343,0.299304,,5500,,
0,2,,0.129108,0.177092,0.6938,,5400,,
0,1,,0.272645,0.388981,0.338374,,5500,,
0,2,,0.22133,0.375295,0.403375,,5300,,
0,2,,0.123444,0.17261,0.703946,,5300,,
0,2,,0.033571,0.28373,0.682699,,5400,,
0,2,,0.134457,0.198745,0.666797,,5300,,
0,2,,0.112913,0.111938,0.775149,,5300,,
0,2,,0.232241,0.378577,0.389181,,5400,,
0,2,,0.1274,0.173569,0.699031,,5400,,
0,2,,0.067358,0.225921,0.706722,,5400,,
0,2,,0.350421,0.181096,0.468483,,5600,,
0,2,,0.086724,0.155417,0.75786,,5300,,
0,2,,0.013093,0.038758,0.948149,,5300,,
0,2,,0.035658,0.329063,0.635279,,5300,,
0,2,,0.311922,0.134521,0.553557,,5500,,
0,2,,0.145112,0.108146,0.746742,,5300,,
0,2,,0.159856,0.341489,0.498654,,5300,,
0,2,,0.072678,0.28701,0.640313,,5300,,
0,2,,0.045769,0.076692,0.877539,,5400,,
0,1,,0.307165,0.383701,0.309134,,5400,,
0,2,,0.125681,0.148025,0.726294,,5400,,
0,2,,0.242434,0.274303,0.483263,,5400,,
0,2,,0.120365,0.062532,0.817103,,5300,,
0,2,,0.11321,0.430177,0.456614,,5500,,
0,2,,0.228324,0.245847,0.525829,,5400,,
0,2,,0.27896,0.293845,0.427195,,5700,,
0,2,,0.353859,0.209957,0.436184,,5300,,
0,2,,0.22747,0.371087,0.401443,,5400,,
0,2,,0.035409,0.145196,0.819396,,5300,,
0,2,,0.139854,0.129688,0.730458,,5400,,
0,2,,0.136752,0.140041,0.723207,,5400,,
0,1,,0.055333,0.586887,0.357779,,5300,,
0,2,,0.312389,0.208498,0.479113,,5300,,
0,2,,0.119052,0.341803,0.539145,,5400,,
0,2,,0.285187,0.348541,0.366273,,5400,,
0,2,,0.240312,0.324304,0.435384,,5500,,
0,0,,0.371476,0.273447,0.355077,,5400,,
0,2,,0.050968,0.132663,0.816368,,5400,,
0,2,,0.055091,0.096861,0.848048,,5300,,
0,1,,0.293336,0.374402,0.332262,,5600,,
0,2,,0.138388,0.264504,0.597108,,5400,,
0,2,,0.067596,0.121813,0.810591,,5400,,
0,2,,0.040599,0.092398,0.867003,,5400,,
0,2,,0.195061,0.075026,0.729913,,5500,,
0,2,,0.24681,0.225935,0.527255,,5500,,
0,2,,0.167875,0.297858,0.534267,,5300,,
0,2,,0.026785,0.115968,0.857247,,5400,,
0,1,,0.23259,0.495008,0.272402,,5400,,
0,2,,0.136371,0.167341,0.696288,,5300,,
0,2,,0.084513,0.101812,0.813674,,5300,,
0,2,,0.094348,0.159389,0.746262,,5400,,
0,2,,0.271415,0.119956,0.608629,,5300,,
0,1,,0.085677,0.80944,0.104882,,5300,,
0,1,,0.233992,0.457553,0.308455,,5400,,
0,2,,0.318718,0.296399,0.384883,,5500,,
0,2,,0.039615,0.156984,0.803401,,5300,,
0,1,,0.220091,0.399344,0.380565,,5300,,
0,2,,0.089857,0.066085,0.844058,,5400,,
0,1,,0.013631,0.567207,0.419162,,5500,,
0,2,,0.402458,0.098012,0.49953,,5600,,
0,2,,0.120803,0.410034,0.469163,,5400,,
0,2,,0.153102,0.063594,0.783304,,5400,,
0,2,,0.139097,0.31547,0.545433,,5300,,
0,2,,0.02638,0.069789,0.903831,,5300,,
0,1,,0.112397,0.676596,0.211007,,5400,,
0,1,,0.154432,0.478951,0.366617,,5400,,
0,2,,0.139304,0.391367,0.469329,,5300,,
0,2,,0.2737,0.180212,0.546087,,5400,,
0,2,,0.138021,0.21663,0.645349,,5400,,
0,2,,0.084246,0.442941,0.472813,,5500,,
0,0,,0.472696,0.104758,0.422546,,5500,,
0,0,,0.390653,0.30331,0.306038,,5400,,
0,2,,0.149458,0.088575,0.761967,,5400,,
0,2,,0.36881,0.155148,0.476042,,5600,,
0,2,,0.077595,0.406369,0.516036,,5400,,
0,2,,0.243803,0.112538,0.643659,,5300,,
0,2,,0.201266,0.241569,0.557165,,5600,,
0,2,,0.034061,0.19852,0.767419,,5300,,
0,2,,0.159237,0.349513,0.49125,,5400,,
0,2,,0.273212,0.349372,0.377416,,5600,,
0,2,,0.059919,0.282687,0.657394,,5400,,
0,2,,0.120883,0.11939,0.759728,,5400,,
0,2,,0.108121,0.174232,0.717647,,5400,,
0,2,,0.071306,0.433251,0.495443,,5400,,
0,2,,0.178168,0.333863,0.487969,,5400,,
0,2,,0.262336,0.228934,0.50873,,5700,,
0,2,,0.294274,0.129387,0.576338,,5500,,
0,1,,0.164602,0.460483,0.374915,,5400,,
0,2,,0.223481,0.385155,0.391365,,5400,,
0,2,,0.12875,0.1311,0.74015,,5400,,
0,2,,0.320553,0.185215,0.494232,,5400,,
0,2,,0.099131,0.200718,0.700151,,5300,,
0,2,,0.082415,0.231834,0.68575,,5300,,
0,2,,0.090514,0.187344,0.722142,,5300,,
0,2,,0.109612,0.126052,0.764337,,5300,,
0,2,,0.267791,0.176913,0.555297,,5400,,
0,2,,0.356247,0.130303,0.51345,,5400,,
0,2,,0.105842,0.372051,0.522107,,5400,,
0,0,,0.571521,0.134447,0.294031,,5500,,
0,0,,0.431218,0.274375,0.294408,,5400,,
0,2,,0.224197,0.267731,0.508072,,5500,,
0,1,,0.195589,0.515134,0.289276,,5300,,
0,2,,0.125122,0.206818,0.66806,,5300,,
0,2,,0.128023,0.32755,0.544427,,5300,,
0,2,,0.078688,0.124999,0.796312,,5400,,
0,2,,0.329026,0.201197,0.469776,,5400,,
0,2,,0.388968,0.132375,0.478658,,5500,,
0,1,,0.301722,0.471384,0.226895,,5700,,
0,2,,0.096877,0.362737,0.540386,,5500,,
0,2,,0.016257,0.053863,0.92988,,5300,,
0,0,,0.379015,0.268472,0.352512,,5500,,
0,2,,0.344572,0.167324,0.488104,,6600,,
0,1,,0.278802,0.460598,0.260601,,5400,,
0,2,,0.11088,0.336533,0.552586,,5400,,
0,2,,0.211485,0.071765,0.716749,,5400,,
0,2,,0.283442,0.280293,0.436265,,5500,,
0,0,,0.5043,0.224345,0.271355,,5400,,
0,2,,0.345748,0.248454,0.405798,,5700,,
0,2,,0.096931,0.171955,0.731114,,5500,,
0,0,,0.554406,0.112584,0.33301,,5500,,
0,2,,0.077982,0.23465,0.687369,,5400,,
0,2,,0.190632,0.247421,0.561947,,5600,,
0,1,,0.066158,0.571174,0.362668,,5400,,
0,1,,0.258104,0.516641,0.225255,,5300,,
0,2,,0.071676,0.314241,0.614083,,5300,,
0,2,,0.045611,0.158864,0.795525,,5400,,
0,1,,0.236895,0.46107,0.302035,,5500,,
0,1,,0.032319,0.852615,0.115066,,5400,,
0,2,,0.314779,0.13751,0.547712,,5400,,
0,2,,0.079543,0.165012,0.755444,,5400,,
0,2,,0.192874,0.19593,0.611196,,5400,,
0,2,,0.178476,0.221377,0.600147,,5300,,
0,2,,0.099887,0.208542,0.691572,,5300,,
0,2,,0.213392,0.126917,0.659691,,5600,,
0,2,,0.020199,0.392689,0.587112,,5300,,
0,2,,0.071344,0.257138,0.671518,,5300,,
0,1,,0.136524,0.513946,0.34953,,5400,,
0,2,,0.305011,0.293228,0.401761,,5300,,
0,2,,0.148562,0.098677,0.752761,,5400,,
0,2,,0.35258,0.133479,0.513941,,5400,,
0,2,,0.049348,0.130446,0.820207,,5300,,
0,2,,0.084782,0.106229,0.808989,,5300,,
0,0,,0.473871,0.345949,0.18018,,5300,,
0,2,,0.048221,0.094114,0.857665,,5300,,
0,2,,0.271821,0.240419,0.48776,,5300,,
0,2,,0.101829,0.152795,0.745376,,5300,,
0,0,,0.400384,0.323166,0.27645,,5400,,
0,2,,0.200487,0.233931,0.565582,,5400,,
0,2,,0.018565,0.188305,0.79313,,5300,,
0,2,,0.174317,0.347391,0.478292,,5400,,
0,1,,0.120589,0.450213,0.429198,,5400,,
0,2,,0.18025,0.149868,0.669882,,5600,,
0,2,,0.097364,0.169091,0.733545,,5300,,
0,2,,0.069502,0.35993,0.570568,,5300,,
0,2,,0.124802,0.229639,0.645558,,5400,,
0,2,,0.17846,0.303949,0.51759,,5300,,
0,2,,0.087892,0.361817,0.550291,,5300,,
0,2,,0.07864,0.174848,0.746512,,5400,,
0,2,,0.139181,0.211402,0.649417,,5300,,
0,2,,0.09019,0.122295,0.787514,,5300,,
0,1,,0.059127,0.504667,0.436207,,5400,,
0,2,,0.209212,0.136816,0.653972,,5400,,
0,2,,0.296096,0.163876,0.540028,,5400,,
0,2,,0.230372,0.322733,0.446895,,5400,,
0,2,,0.104756,0.162918,0.732326,,5400,,
0,2,,0.09606,0.066289,0.83765,,5300,,
0,2,,0.358418,0.228134,0.413448,,5500,,
0,2,,0.168522,0.219709,0.611769,,5400,,
0,2,,0.094049,0.340241,0.56571,,5500,,
0,1,,0.202849,0.467227,0.329924,,5300,,
0,2,,0.354891,0.15636,0.488749,,5400,,
0,2,,0.064071,0.428331,0.507598,,5400,,
0,2,,0.191639,0.328321,0.48004,,5300,,
0,2,,0.142236,0.240991,0.616772,,5300,,
0,1,,0.08826,0.540302,0.371437,,5400,,
0,2,,0.281249,0.230407,0.488344,,5400,,
0,2,,0.100834,0.167867,0.731299,,5400,,
0,0,,0.382348,0.351368,0.266284,,5600,,
0,2,,0.233302,0.253533,0.513165,,5500,,
0,2,,0.152224,0.14355,0.704226,,5400,,
0,1,,0.078908,0.470327,0.450765,,5300,,
0,2,,0.290984,0.291609,0.417407,,5500,,
0,2,,0.261458,0.143573,0.594969,,5400,,
0,2,,0.101023,0.173482,0.725496,,5300,,
0,2,,0.27411,0.111649,0.614241,,5400,,
0,2,,0.256483,0.098537,0.64498,,5300,,
0,2,,0.153097,0.230505,0.616398,,5400,,
0,2,,0.15885,0.143957,0.697193,,5400,,
0,2,,0.097916,0.220924,0.68116,,5400,,
0,2,,0.123584,0.076695,0.799722,,5400,,
0,2,,0.128172,0.134567,0.737261,,5400,,
0,2,,0.077623,0.188987,0.73339,,5300,,
0,1,,0.089242,0.488478,0.42228,,5500,,
0,2,,0.319297,0.254857,0.425846,,5500,,
0,1,,0.113297,0.612101,0.274602,,5400,,
0,2,,0.240764,0.227605,0.531631,,5300,,
0,2,,0.14521,0.098895,0.755895,,5400,,
0,2,,0.297324,0.059496,0.64318,,5400,,
0,2,,0.020895,0.154322,0.824783,,5400,,
0,2,,0.138792,0.338079,0.523129,,5300,,
0,2,,0.179239,0.19503,0.625731,,5400,,
0,2,,0.162501,0.285648,0.551851,,5300,,
0,2,,0.340624,0.15227,0.507106,,5400,,
0,2,,0.05421,0.078991,0.866799,,5300,,
0,2,,0.112339,0.316559,0.571102,,5300,,
0,2,,0.074309,0.25312,0.67257,,5300,,
0,1,,0.176139,0.598279,0.225581,,5300,,
0,2,,0.055482,0.251553,0.692965,,5300,,
0,2,,0.090152,0.063152,0.846695,,5500,,
0,2,,0.084884,0.148007,0.767109,,5400,,
0,0,,0.466706,0.144295,0.388999,,5500,,
0,2,,0.203005,0.349812,0.447183,,5300,,
0,2,,0.126762,0.215981,0.657258,,5400,,
0,2,,0.330643,0.247194,0.422163,,5300,,
0,2,,0.026741,0.426718,0.54654,,5300,,
0,2,,0.040441,0.142103,0.817456,,5300,,
0,2,,0.381291,0.03974,0.57897,,5400,,
0,2,,0.108623,0.33831,0.553067,,5400,,
0,2,,0.047407,0.120836,0.831757,,5300,,
0,2,,0.080474,0.10688,0.812647,,5400,,
0,1,,0.269801,0.393532,0.336667,,5600,,
0,2,,0.017529,0.434317,0.548154,,5500,,
0,1,,0.083003,0.819302,0.097695,,5300,,
0,2,,0.17954,0.117419,0.703041,,5400,,
0,2,,0.154905,0.160833,0.684262,,5400,,
0,2,,0.099079,0.09525,0.80567,,5400,,
0,2,,0.079861,0.165996,0.754144,,5400,,
0,2,,0.268302,0.196184,0.535514,,5600,,
0,1,,0.177336,0.439102,0.383562,,5400,,
0,2,,0.075107,0.106511,0.818382,,5300,,
0,2,,0.055688,0.352013,0.592299,,5400,,
0,0,,0.451903,0.208253,0.339844,,5500,,
0,2,,0.068826,0.340871,0.590303,,5300,,
0,2,,0.369299,0.06752,0.563181,,5400,,
0,0,,0.477143,0.055947,0.466909,,5400,,
0,1,,0.098155,0.585052,0.316793,,5400,,
0,2,,0.077794,0.166983,0.755223,,5300,,
0,2,,0.075795,0.031523,0.892682,,5400,,
0,2,,0.147788,0.309218,0.542994,,5500,,
0,2,,0.235922,0.202536,0.561542,,5300,,
0,2,,0.12642,0.085269,0.788311,,5500,,
0,1,,0.09727,0.467152,0.435579,,5600,,
0,2,,0.256307,0.332434,0.411259,,5400,,
0,2,,0.072616,0.065328,0.862056,,5400,,
0,0,,0.393029,0.312065,0.294906,,5600,,
0,2,,0.362327,0.184381,0.453292,,5400,,
0,2,,0.103384,0.246368,0.650249,,5400,,
0,2,,0.255412,0.324434,0.420154,,5700,,
0,2,,0.109743,0.018925,0.871332,,5500,,
0,2,,0.056109,0.445728,0.498163,,5300,,
0,2,,0.232093,0.238929,0.528978,,5600,,
0,0,,0.446458,0.155114,0.398428,,5300,,
0,2,,0.045446,0.111002,0.843552,,5300,,
0,2,,0.29898,0.23792,0.4631,,5400,,
0,2,,0.234906,0.279469,0.485625,,5500,,
0,2,,0.063722,0.080145,0.856133,,5400,,
0,2,,0.094896,0.069593,0.835511,,5400,,
0,2,,0.188768,0.156074,0.655158,,5400,,
0,2,,0.141411,0.276157,0.582432,,5400,,
0,2,,0.076877,0.191765,0.731358,,5300,,
0,1,,0.287064,0.480393,0.232543,,5400,,
0,2,,0.061358,0.12423,0.814411,,5300,,
0,2,,0.163722,0.389436,0.446842,,5400,,
0,1,,0.0076,0.678372,0.314028,,5400,,
0,2,,0.116464,0.142456,0.74108,,5400,,
0,2,,0.170671,0.327415,0.501913,,5300,,
0,2,,0.016129,0.453516,0.530355,,5400,,
0,2,,0.086046,0.144109,0.769846,,5300,,
0,2,,0.109226,0.222668,0.668106,,5300,,
0,2,,0.343129,0.12346,0.533411,,5300,,
0,2,,0.163055,0.093411,0.743534,,5400,,
0,2,,0.030588,0.092643,0.876769,,5400,,
0,2,,0.209173,0.320588,0.470239,,5300,,
0,2,,0.132451,0.249168,0.618381,,5300,,
0,2,,0.341333,0.102765,0.555902,,5400,,
0,0,,0.507005,0.200035,0.29296,,5400,,
0,2,,0.024525,0.201588,0.773887,,5300,,
0,2,,0.229327,0.148144,0.622529,,5400,,
0,0,,0.359329,0.318809,0.321863,,5500,,
0,2,,0.09076,0.073417,0.835823,,5400,,
0,2,,0.06987,0.087598,0.842532,,5400,,
0,1,,0.054082,0.57866,0.367258,,5300,,
0,1,,0.105675,0.609946,0.284379,,5400,,
0,2,,0.178945,0.120003,0.701052,,5400,,
0,0,,0.410245,0.27293,0.316825,,5400,,
0,2,,0.10489,0.37175,0.52336,,5300,,
0,2,,0.103134,0.365438,0.531428,,5400,,
0,2,,0.230261,0.136953,0.632786,,5500,,
0,2,,0.08301,0.187706,0.729284,,5300,,
0,2,,0.125545,0.205693,0.668762,,5300,,
0,2,,0.070094,0.205836,0.72407,,6100,,
0,1,,0.096628,0.671281,0.232091,,5300,,
0,1,,0.160613,0.726243,0.113144,,5300,,
0,2,,0.140016,0.282229,0.577755,,5300,,
0,2,,0.225303,0.364201,0.410496,,5300,,
0,1,,0.17626,0.678573,0.145167,,5400,,
0,2,,0.011988,0.354414,0.633597,,5300,,
0,2,,0.245423,0.158229,0.596348,,5400,,
0,1,,0.263789,0.374677,0.361534,,5500,,
0,2,,0.244798,0.28881,0.466392,,5300,,
0,1,,0.032651,0.563659,0.40369,,5400,,
0,2,,0.132978,0.205303,0.661719,,5300,,
0,2,,0.285338,0.271054,0.443607,,5400,,
0,2,,0.143922,0.128443,0.727636,,5400,,
0,2,,0.228773,0.368085,0.403141,,5300,,
0,1,,0.153894,0.587689,0.258418,,5500,,
0,2,,0.10363,0.191398,0.704973,,5400,,
0,1,,0.343927,0.384244,0.271829,,5600,,
0,1,,0.016037,0.50057,0.483393,,5400,,
0,1,,0.041367,0.481532,0.477101,,5400,,
0,2,,0.098017,0.287358,0.614625,,5400,,
0,2,,0.021962,0.151359,0.826679,,5300,,
0,2,,0.26988,0.178378,0.551741,,5400,,
0,2,,0.027886,0.294461,0.677653,,5400,,
0,2,,0.085515,0.382841,0.531644,,5300,,
0,0,,0.459666,0.142598,0.397736,,5400,,
0,1,,0.228064,0.423915,0.348021,,5300,,
0,1,,0.277057,0.443416,0.279527,,5300,,
0,2,,0.092833,0.257577,0.64959,,5300,,
0,1,,0.133402,0.449808,0.41679,,5400,,
0,2,,0.296867,0.319131,0.384002,,5500,,
0,1,,0.169694,0.46004,0.370266,,5400,,
0,2,,0.066686,0.080574,0.85274,,5400,,
0,2,,0.166023,0.241855,0.592122,,5400,,
0,1,,0.081648,0.574827,0.343525,,5400,,
0,1,,0.177854,0.469652,0.352494,,5500,,
0,2,,0.187386,0.050794,0.761819,,5500,,
0,1,,0.282726,0.369516,0.347758,,5400,,
0,2,,0.068908,0.374073,0.557019,,5300,,
0,2,,0.197327,0.346188,0.456485,,5500,,
0,2,,0.117577,0.128721,0.753702,,5400,,
0,2,,0.133545,0.189658,0.676798,,5300,,
0,2,,0.195498,0.179198,0.625304,,5400,,
0,2,,0.325129,0.115741,0.55913,,5400,,
0,2,,0.075217,0.124439,0.800344,,5300,,
0,2,,0.147719,0.104882,0.747398,,5400,,
0,2,,0.047678,0.42718,0.525141,,5400,,
0,2,,0.280792,0.193829,0.525379,,5400,,
0,2,,0.020059,0.056733,0.923208,,5400,,
0,0,,0.55375,0.142311,0.303939,,5400,,
0,2,,0.399322,0.081749,0.518929,,5400,,
0,1,,0.156889,0.422935,0.420176,,5300,,
0,2,,0.054772,0.162612,0.782616,,5400,,
0,2,,0.013889,0.155735,0.830377,,5400,,
0,0,,0.38765,0.263557,0.348793,,5400,,
0,2,,0.061755,0.162328,0.775917,,5400,,
0,1,,0.179087,0.43839,0.382523,,5300,,
0,2,,0.099894,0.200828,0.699278,,5300,,
0,2,,0.199792,0.270825,0.529383,,5400,,
0,2,,0.080662,0.299301,0.620038,,5400,,
0,2,,0.128067,0.116319,0.755613,,5400,,
0,2,,0.16906,0.384218,0.446721,,5400,,
0,2,,0.070843,0.098198,0.83096,,5200,,
0,2,,0.033579,0.156051,0.81037,,5300,,
0,2,,0.050895,0.116213,0.832892,,5400,,
0,2,,0.200634,0.148413,0.650953,,5500,,
0,2,,0.093292,0.117625,0.789082,,5400,,
0,2,,0.172284,0.407608,0.420108,,5300,,
0,2,,0.110356,0.266977,0.622667,,5300,,
0,2,,0.182565,0.227239,0.590197,,5400,,
0,2,,0.124682,0.261316,0.614002,,5300,,
0,0,,0.585591,0.130201,0.284207,,5500,,
0,1,,0.207265,0.579324,0.213411,,5400,,
0,2,,0.045669,0.111342,0.84299,,5300,,
0,1,,0.190223,0.431741,0.378036,,5500,,
0,2,,0.03749,0.09831,0.8642,,5300,,
0,2,,0.007796,0.090532,0.901672,,5400,,
0,2,,0.137133,0.098469,0.764398,,5500,,
0,1,,0.108069,0.543078,0.348853,,5400,,
0,2,,0.124506,0.135233,0.740261,,5500,,
0,2,,0.055855,0.113115,0.83103,,5300,,
0,2,,0.257279,0.207965,0.534756,,5400,,
0,2,,0.075097,0.195402,0.729501,,5300,,
0,2,,0.303953,0.13126,0.564786,,5500,,
0,2,,0.141716,0.270352,0.587932,,5400,,
0,2,,0.139412,0.182226,0.678361,,5500,,
0,1,,0.002621,0.702315,0.295064,,5400,,
0,2,,0.250212,0.332742,0.417046,,5400,,
0,2,,0.351408,0.161436,0.487157,,5400,,
0,2,,0.069518,0.18069,0.749792,,5300,,
0,2,,0.171025,0.368983,0.459992,,5500,,
0,2,,0.158726,0.185742,0.655531,,5400,,
0,2,,0.423697,0.054357,0.521945,,5400,,
0,2,,0.08934,0.26808,0.642581,,5300,,
0,2,,0.261282,0.320792,0.417926,,5400,,
0,2,,0.218137,0.303548,0.478315,,5300,,
0,2,,0.370861,0.226179,0.40296,,5400,,
0,2,,0.087332,0.208762,0.703906,,5300,,
0,2,,0.163069,0.133743,0.703188,,5300,,
0,2,,0.078427,0.257942,0.663631,,5300,,
0,2,,0.084005,0.163033,0.752962,,5300,,
0,2,,0.23307,0.29357,0.473359,,5300,,
0,2,,0.233971,0.094009,0.67202,,5500,,
0,2,,0.037598,0.191499,0.770903,,5300,,
0,2,,0.197752,0.161889,0.640358,,5400,,
0,2,,0.341555,0.112714,0.545731,,5600,,
0,0,,0.521954,0.158692,0.319353,,5400,,
0,2,,0.276508,0.310764,0.412728,,5400,,
0,2,,0.284473,0.116302,0.599225,,5300,,
0,2,,0.219685,0.187614,0.592701,,5400,,
0,2,,0.271257,0.265442,0.463301,,5400,,
0,2,,0.359217,0.208885,0.431898,,5500,,
0,2,,0.371474,0.084986,0.54354,,5300,,
0,2,,0.083056,0.13778,0.779164,,5300,,
0,2,,0.17297,0.269872,0.557158,,5300,,
0,0,,0.532041,0.24945,0.21851,,5500,,
0,2,,0.021437,0.459443,0.519119,,5400,,
0,1,,0.08792,0.676682,0.235398,,5500,,
0,2,,0.129149,0.22326,0.64759,,5300,,
0,2,,0.069688,0.32193,0.608382,,5300,,
0,2,,0.059658,0.099038,0.841304,,5300,,
0,2,,0.270235,0.088648,0.641116,,5400,,
0,2,,0.045073,0.07469,0.880237,,5300,,
0,1,,0.086958,0.508602,0.40444,,5300,,
0,2,,0.212874,0.198711,0.588416,,5400,,
0,2,,0.124174,0.135502,0.740324,,5300,,
0,1,,0.19655,0.524175,0.279275,,5500,,
0,2,,0.374845,0.105964,0.519191,,5400,,
0,2,,0.122518,0.208368,0.669115,,5400,,
0,0,,0.440959,0.139093,0.419947,,5400,,
0,2,,0.069378,0.127442,0.80318,,5300,,
0,2,,0.139061,0.18454,0.676398,,5300,,
0,2,,0.302588,0.165021,0.532391,,5400,,
0,2,,0.388352,0.147022,0.464626,,5400,,
0,1,,0.023027,0.533318,0.443655,,5400,,
0,2,,0.378198,0.136353,0.485449,,5400,,
0,2,,0.068674,0.111936,0.81939,,5400,,
0,2,,0.202389,0.198559,0.599052,,5600,,
0,2,,0.157843,0.290637,0.551519,,5300,,
0,2,,0.39611,0.174903,0.428987,,5500,,
0,2,,0.080839,0.191294,0.727867,,5400,,
0,2,,0.078333,0.106731,0.814936,,5300,,
0,2,,0.150791,0.109579,0.73963,,5400,,
0,2,,0.036797,0.472703,0.4905,,5400,,
0,1,,0.273752,0.403954,0.322293,,5400,,
0,2,,0.224502,0.206539,0.568959,,5600,,
0,2,,0.122355,0.314911,0.562733,,5300,,
0,0,,0.422573,0.279155,0.298272,,5400,,
0,2,,0.018812,0.370508,0.610681,,5400,,
0,2,,0.403254,0.130193,0.466553,,5300,,
0,2,,0.226033,0.238697,0.53527,,5400,,
0,2,,0.25068,0.234285,0.515035,,5300,,
0,0,,0.400682,0.228256,0.371062,,5400,,
0,2,,0.023296,0.224345,0.752359,,5300,,
0,2,,0.26401,0.251492,0.484499,,5500,,
0,2,,0.083053,0.119709,0.797237,,5400,,
0,2,,0.05087,0.267629,0.681501,,5300,,
0,2,,0.153223,0.304706,0.542071,,5400,,
0,2,,0.100665,0.089412,0.809923,,5300,,
0,2,,0.306416,0.336197,0.357387,,5600,,
0,0,,0.420675,0.234708,0.344618,,5400,,
0,2,,0.222912,0.099412,0.677675,,5400,,
0,2,,0.166787,0.309844,0.523369,,5400,,
0,2,,0.205486,0.375784,0.41873,,5400,,
0,2,,0.321816,0.073636,0.604548,,5300,,
0,1,,0.228174,0.393594,0.378233,,5400,,
0,2,,0.35233,0.152686,0.494984,,5400,,
0,2,,0.244735,0.283097,0.472168,,5600,,
0,2,,0.311919,0.165628,0.522453,,5300,,
0,2,,0.171446,0.212221,0.616333,,5300,,
0,2,,0.29631,0.243079,0.460611,,5400,,
0,1,,0.171249,0.494701,0.33405,,5300,,
0,2,,0.363536,0.22596,0.410505,,5400,,
0,2,,0.034644,0.473896,0.491459,,5400,,
0,1,,0.206549,0.475649,0.317802,,5500,,
0,2,,0.218074,0.30869,0.473236,,5400,,
0,2,,0.07134,0.405152,0.523508,,5400,,
0,2,,0.402164,0.10738,0.490456,,5400,,
0,1,,0.18589,0.538352,0.275759,,5400,,
0,2,,0.32483,0.118843,0.556326,,5500,,
0,0,,0.392142,0.271791,0.336067,,6500,,
0,2,,0.074554,0.155557,0.769888,,5300,,
0,2,,0.260606,0.28914,0.450254,,5400,,
0,2,,0.050321,0.072067,0.877613,,5300,,
0,2,,0.152723,0.409573,0.437704,,5300,,
0,1,,0.001902,0.510464,0.487634,,5400,,
0,2,,0.275713,0.215323,0.508964,,5400,,
0,2,,0.141852,0.245868,0.61228,,5300,,
0,0,,0.452307,0.13863,0.409063,,5300,,
0,1,,0.044436,0.485123,0.470441,,5300,,
0,2,,0.188261,0.171293,0.640446,,5400,,
0,2,,0.159631,0.086044,0.754325,,5500,,
0,2,,0.004587,0.163605,0.831809,,5300,,
0,2,,0.153912,0.189178,0.65691,,5400,,
0,2,,0.32399,0.188955,0.487055,,5400,,
0,2,,0.351804,0.234805,0.413391,,5400,,
0,0,,0.420665,0.199308,0.380027,,5400,,
0,2,,0.019198,0.195289,0.785513,,5300,,
0,2,,0.266894,0.138843,0.594264,,5300,,
0,2,,0.136778,0.385621,0.477601,,5400,,
0,2,,0.23838,0.103081,0.658539,,5400,,
0,2,,0.036479,0.287783,0.675738,,5500,,
0,2,,0.157623,0.244921,0.597456,,5400,,
0,2,,0.088034,0.072269,0.839697,,5400,,
0,2,,0.030411,0.255291,0.714299,,5300,,
0,2,,0.109293,0.289304,0.601404,,5300,,
0,1,,0.180145,0.490734,0.329121,,5300,,
0,1,,0.251264,0.429322,0.319414,,5500,,
0,2,,0.031312,0.141554,0.827134,,5400,,
0,2,,0.129983,0.298466,0.571551,,5300,,
0,2,,0.06064,0.063437,0.875923,,5400,,
0,2,,0.225082,0.179068,0.59585,,5400,,
0,2,,0.1852,0.240652,0.574148,,5400,,
0,2,,0.208167,0.246712,0.54512,,5300,,
0,2,,0.147481,0.244276,0.608243,,5300,,
0,2,,0.269217,0.331007,0.399776,,5400,,
0,2,,0.060715,0.091727,0.847558,,5400,,
0,1,,0.131668,0.70458,0.163752,,5300,,
0,0,,0.369482,0.32048,0.310038,,5500,,
0,1,,0.154046,0.43079,0.415164,,5500,,
0,2,,0.230137,0.310787,0.459076,,5600,,
0,2,,0.205422,0.390854,0.403724,,5300,,
0,1,,0.169728,0.449296,0.380976,,5400,,
0,2,,0.191299,0.119201,0.6895,,5500,,
0,2,,0.115507,0.320416,0.564076,,5300,,
0,1,,0.176281,0.484493,0.339226,,5400,,
0,0,,0.505524,0.180622,0.313853,,5400,,
0,2,,0.000905,0.480145,0.518949,,5400,,
0,0,,0.412543,0.248122,0.339335,,5500,,
0,2,,0.066429,0.15443,0.779142,,5300,,
0,2,,0.032377,0.124815,0.842808,,5300,,
0,2,,0.090053,0.175393,0.734554,,5400,,
0,2,,0.047207,0.078732,0.87406,,5300,,
0,2,,0.263882,0.225506,0.510612,,5400,,
0,2,,0.107343,0.18654,0.706117,,5400,,
0,2,,0.180803,0.114205,0.704992,,5400,,
0,0,,0.377398,0.269039,0.353563,,5600,,
0,2,,0.090356,0.132844,0.7768,,5400,,
0,1,,0.195214,0.587299,0.217487,,5500,,
0,2,,0.102214,0.068773,0.829014,,5500,,
0,0,,0.658669,0.047519,0.293812,,5400,,
0,2,,0.314692,0.139032,0.546276,,5400,,
0,2,,0.055418,0.177594,0.766988,,5300,,
0,2,,0.014409,0.453306,0.532285,,5400,,
0,2,,0.160421,0.07821,0.761369,,5400,,
0,1,,0.107668,0.578872,0.31346,,5400,,
0,2,,0.295737,0.230876,0.473387,,5300,,
0,1,,0.136747,0.6678,0.195453,,5400,,
0,2,,0.136766,0.367143,0.496091,,5500,,
0,2,,0.078451,0.423022,0.498527,,5400,,
0,2,,0.02795,0.228519,0.743531,,5300,,
0,2,,0.053631,0.292085,0.654284,,5300,,
0,2,,0.13497,0.110271,0.754759,,5400,,
0,2,,0.129311,0.233752,0.636937,,5300,,
0,2,,0.174684,0.310195,0.515121,,5300,,
0,0,,0.392503,0.33384,0.273657,,5600,,
0,2,,0.349652,0.167538,0.48281,,5400,,
0,2,,0.148714,0.137709,0.713576,,5400,,
0,2,,0.136157,0.185109,0.678733,,5300,,
0,2,,0.091691,0.222603,0.685706,,5400,,
0,1,,0.081639,0.651981,0.26638,,5400,,
0,2,,0.015364,0.177758,0.806879,,5300,,
0,1,,0.000464,0.565889,0.433647,,5400,,
0,0,,0.509867,0.120774,0.369359,,5500,,
0,2,,0.03798,0.340846,0.621175,,5500,,
0,1,,0.125808,0.449263,0.424929,,5400,,
0,2,,0.164049,0.290328,0.545623,,5300,,
0,2,,0.098688,0.094971,0.80634,,5400,,
0,1,,0.308432,0.382638,0.30893,,5500,,
0,2,,0.220284,0.356402,0.423314,,5400,,
0,2,,0.160564,0.19956,0.639877,,5400,,
0,2,,0.385964,0.05734,0.556696,,5500,,
0,2,,0.07705,0.122087,0.800863,,5300,,
0,2,,0.180685,0.111904,0.707411,,5400,,
0,2,,0.082251,0.331976,0.585774,,5500,,
0,1,,0.086666,0.500331,0.413003,,5400,,
0,2,,0.117456,0.373352,0.509192,,5300,,
0,0,,0.382337,0.301383,0.31628,,5500,,
0,2,,0.157434,0.098608,0.743958,,5400,,
0,2,,0.3451,0.084063,0.570838,,5400,,
0,0,,0.54716,0.158503,0.294337,,5400,,
0,2,,0.172475,0.400706,0.426818,,5400,,
0,2,,0.261464,0.346599,0.391936,,5600,,
0,1,,0.203384,0.437905,0.358711,,5600,,
0,2,,0.156049,0.330585,0.513367,,5500,,
0,2,,0.043692,0.39986,0.556448,,5400,,
0,2,,0.319498,0.163788,0.516714,,5700,,
0,2,,0.061066,0.189983,0.748951,,5400,,
0,2,,0.250929,0.315722,0.433349,,5600,,
0,2,,0.132776,0.113484,0.75374,,5400,,
0,2,,0.071592,0.233387,0.695022,,5300,,
0,2,,0.067157,0.13216,0.800683,,5400,,
0,2,,0.204513,0.257877,0.53761,,5300,,
0,2,,0.078705,0.283587,0.637709,,5400,,
0,1,,0.153285,0.581023,0.265692,,5500,,
0,1,,0.303335,0.462221,0.234445,,5400,,
0,0,,0.566654,0.162512,0.270835,,5400,,
0,2,,0.15715,0.202884,0.639966,,5300,,
0,2,,0.304618,0.310072,0.38531,,5500,,
0,2,,0.204623,0.207696,0.587681,,5500,,
0,2,,0.016353,0.086131,0.897516,,5300,,
0,2,,0.254258,0.189739,0.556003,,5400,,
0,2,,0.331692,0.140959,0.527349,,5600,,
0,2,,0.250479,0.361906,0.387615,,5400,,
0,2,,0.140174,0.057694,0.802133,,5400,,
0,2,,0.018481,0.175247,0.806272,,5400,,
0,2,,0.095378,0.193829,0.710793,,5400,,
0,2,,0.223094,0.13733,0.639575,,5600,,
0,2,,0.176882,0.328812,0.494306,,5500,,
0,2,,0.158746,0.122241,0.719013,,5400,,
0,2,,0.231333,0.244867,0.5238,,5500,,
0,2,,0.238902,0.205978,0.55512,,5400,,
0,2,,0.179415,0.119548,0.701037,,5400,,
0,2,,0.016184,0.208065,0.775752,,5300,,
0,0,,0.368905,0.315357,0.315738,,5500,,
0,2,,0.187834,0.121594,0.690572,,5400,,
0,2,,0.061269,0.167862,0.770869,,5300,,
0,2,,0.115667,0.323468,0.560865,,5500,,
0,2,,0.352492,0.098731,0.548777,,5400,,
0,2,,0.296941,0.205869,0.497189,,5300,,
0,2,,0.328244,0.160696,0.51106,,5400,,
0,2,,0.090954,0.067897,0.841149,,5300,,
0,2,,0.024065,0.170114,0.80582,,5300,,
0,1,,0.117256,0.704208,0.178536,,5400,,
0,2,,0.033407,0.048319,0.918274,,5300,,
0,2,,0.00562,0.134616,0.859764,,5400,,
0,1,,0.159927,0.575241,0.264832,,5400,,
0,1,,0.278942,0.426645,0.294412,,5500,,
0,2,,0.183187,0.156452,0.66036,,5300,,
0,2,,0.233703,0.346095,0.420202,,5400,,
0,2,,0.253186,0.359388,0.387426,,5400,,
0,0,,0.404103,0.361052,0.234844,,5400,,
0,2,,0.061607,0.429012,0.509381,,5400,,
0,2,,0.231852,0.351204,0.416944,,5500,,
0,2,,0.274665,0.227995,0.49734,,5400,,
0,0,,0.444194,0.131151,0.424655,,5400,,
0,1,,0.09396,0.685554,0.220485,,5400,,
0,2,,0.170516,0.182546,0.646937,,5500,,
0,2,,0.052392,0.259658,0.68795,,5300,,
0,2,,0.115587,0.215115,0.669298,,5300,,
0,1,,0.028435,0.570389,0.401175,,5400,,
0,2,,0.296184,0.117708,0.586107,,5400,,
0,1,,0.024866,0.506467,0.468667,,5400,,
0,2,,0.096123,0.124334,0.779542,,5500,,
0,1,,0.122565,0.465492,0.411943,,5400,,
0,2,,0.216786,0.310533,0.472681,,5300,,
0,2,,0.135031,0.253566,0.611403,,5400,,
0,2,,0.157603,0.324909,0.517489,,5300,,
0,0,,0.576922,0.132827,0.290251,,5400,,
0,2,,0.285309,0.235862,0.478829,,5300,,
0,2,,0.002412,0.493622,0.503966,,5500,,
0,1,,0.118848,0.613431,0.267721,,5300,,
0,1,,0.190232,0.491186,0.318583,,5300,,
0,2,,0.34815,0.199659,0.452192,,5600,,
0,2,,0.218877,0.321142,0.459981,,5400,,
0,2,,0.056667,0.151126,0.792207,,6000,,
0,2,,0.253144,0.218977,0.527878,,6700,,
0,2,,0.224094,0.12736,0.648546,,6600,,
0,2,,0.046562,0.162738,0.7907,,6500,,
0,2,,0.161313,0.208057,0.63063,,7500,,
0,2,,0.307576,0.285507,0.406917,,5500,,
0,0,,0.515056,0.250243,0.234701,,5300,,
0,2,,0.260532,0.312594,0.426873,,5600,,
0,2,,0.073159,0.420101,0.50674,,5300,,
0,2,,0.19003,0.389679,0.420291,,5300,,
0,2,,0.308635,0.22993,0.461434,,5300,,
0,2,,0.287451,0.239783,0.472766,,5300,,
0,2,,0.082188,0.181682,0.73613,,5300,,
0,2,,0.028832,0.065499,0.905669,,5200,,
0,2,,0.35584,0.20949,0.43467,,5500,,
0,2,,0.085082,0.263108,0.65181,,5300,,
0,2,,0.308245,0.130677,0.561078,,5300,,
0,1,,0.049398,0.533658,0.416944,,5400,,
0,2,,0.08949,0.210603,0.699907,,5300,,
0,2,,0.125839,0.098312,0.775849,,5300,,
0,2,,0.067221,0.096185,0.836594,,5200,,
0,2,,0.233593,0.198215,0.568192,,5200,,
0,1,,0.190002,0.481493,0.328505,,5400,,
0,2,,0.047802,0.256569,0.695629,,5300,,
0,1,,0.011447,0.505994,0.482559,,5300,,
0,2,,0.172381,0.329812,0.497807,,5300,,
0,2,,0.287152,0.168572,0.544277,,5400,,
0,2,,0.209167,0.366651,0.424183,,5300,,
0,2,,0.17582,0.147304,0.676875,,5400,,
0,2,,0.298626,0.198803,0.502571,,5400,,
0,1,,0.009677,0.604948,0.385375,,5300,,
0,2,,0.260159,0.154937,0.584905,,5400,,
0,1,,0.143221,0.595566,0.261213,,5500,,
0,2,,0.055405,0.393946,0.550649,,5300,,
0,2,,0.153236,0.17909,0.667675,,5300,,
0,2,,0.022821,0.17176,0.805418,,5300,,
0,1,,0.016082,0.588741,0.395178,,5300,,
0,1,,0.163105,0.479432,0.357463,,5300,,
0,1,,0.128805,0.476812,0.394383,,5400,,
0,2,,0.411972,0.07295,0.515078,,5400,,
0,2,,0.083874,0.357362,0.558763,,5300,,
0,2,,0.184787,0.22866,0.586553,,5200,,
0,2,,0.05077,0.424624,0.524607,,5200,,
0,2,,0.202299,0.181636,0.616066,,5400,,
0,2,,0.129095,0.286405,0.5845,,5200,,
0,2,,0.243395,0.203712,0.552893,,5300,,
0,2,,0.088315,0.206433,0.705252,,5300,,
0,2,,0.059328,0.070648,0.870023,,5300,,
0,2,,0.249067,0.283911,0.467022,,5300,,
0,2,,0.084426,0.280665,0.634909,,5200,,
0,2,,0.034501,0.064514,0.900985,,5200,,
0,2,,0.153032,0.321365,0.525602,,5300,,
0,2,,0.123082,0.251776,0.625142,,5200,,
0,2,,0.26085,0.27517,0.463979,,5300,,
0,1,,0.150058,0.506805,0.343137,,5300,,
0,2,,0.065279,0.119034,0.815688,,5300,,
0,2,,0.157235,0.186951,0.655814,,5300,,
0,2,,0.103779,0.22523,0.670991,,5300,,
0,2,,0.029284,0.172056,0.798659,,5300,,
0,2,,0.061291,0.247336,0.691373,,5200,,
0,2,,0.064971,0.376441,0.558588,,5300,,
0,2,,0.059835,0.08583,0.854335,,5400,,
0,2,,0.154151,0.164387,0.681462,,5400,,
0,2,,0.005834,0.187718,0.806448,,5300,,
0,2,,0.122939,0.169753,0.707308,,5400,,
0,2,,0.262591,0.094805,0.642605,,5300,,
0,2,,0.176061,0.201172,0.622767,,5400,,
0,0,,0.557356,0.157455,0.285189,,5300,,
0,2,,0.396405,0.204683,0.398912,,5400,,
0,2,,0.055121,0.17104,0.773839,,5300,,
0,2,,0.107352,0.437335,0.455313,,5500,,
0,2,,0.276685,0.189588,0.533727,,5300,,
0,2,,0.204853,0.197319,0.597827,,5300,,
0,2,,0.257237,0.258082,0.48468,,5400,,
0,2,,0.056397,0.070674,0.872929,,5400,,
0,2,,0.20601,0.057567,0.736423,,5300,,
0,2,,0.078007,0.113273,0.80872,,5300,,
0,2,,0.220754,0.087177,0.692069,,5300,,
0,2,,0.162742,0.357998,0.479261,,5200,,
0,2,,0.092969,0.21037,0.696661,,5200,,
0,0,,0.342715,0.318334,0.338951,,5400,,
0,0,,0.410566,0.218553,0.370881,,5300,,
0,2,,0.289367,0.190368,0.520265,,5400,,
0,2,,0.137254,0.136299,0.726446,,5400,,
0,2,,0.055336,0.363476,0.581188,,5200,,
0,2,,0.045673,0.215168,0.739159,,5300,,
0,2,,0.349559,0.261436,0.389005,,5500,,
0,1,,0.066586,0.615585,0.31783,,5300,,
0,2,,0.189632,0.199677,0.610692,,5400,,
0,2,,0.328178,0.128766,0.543056,,5300,,
0,2,,0.120018,0.359067,0.520915,,5300,,
0,2,,0.116058,0.32831,0.555632,,5300,,
0,2,,0.309066,0.244631,0.446303,,5400,,
0,2,,0.16287,0.1809,0.656231,,5300,,
0,2,,0.080282,0.205364,0.714354,,5200,,
0,2,,0.211139,0.068785,0.720076,,5300,,
0,2,,0.036924,0.201926,0.76115,,5300,,
0,2,,0.063568,0.142233,0.794199,,5200,,
0,2,,0.125994,0.222266,0.65174,,5200,,
0,2,,0.215393,0.278174,0.506432,,5400,,
0,0,,0.371691,0.344473,0.283836,,5400,,
0,2,,0.294418,0.224505,0.481076,,5200,,
0,2,,0.082217,0.381158,0.536624,,5300,,
0,2,,0.070516,0.303261,0.626223,,5500,,
0,2,,0.028112,0.221938,0.74995,,5300,,
0,2,,0.172542,0.026494,0.800964,,5300,,
0,2,,0.195533,0.191723,0.612743,,5300,,
0,2,,0.325809,0.21378,0.460411,,5300,,
0,2,,0.191695,0.173276,0.635029,,5300,,
0,2,,0.321986,0.096815,0.5812,,5300,,
0,1,,0.314667,0.386561,0.298772,,5600,,
0,2,,0.290713,0.26717,0.442117,,5500,,
0,2,,0.34575,0.253996,0.400253,,5400,,
0,2,,0.289984,0.24203,0.467987,,5400,,
0,2,,0.110759,0.36479,0.524451,,5400,,
0,2,,0.095147,0.207258,0.697595,,5300,,
0,2,,0.059207,0.3091,0.631693,,5200,,
0,2,,0.237103,0.164217,0.59868,,5300,,
0,2,,0.163428,0.188398,0.648173,,5200,,
0,2,,0.02201,0.387449,0.590541,,5300,,
0,2,,0.162622,0.275977,0.561401,,5200,,
0,2,,0.042638,0.177263,0.780099,,5200,,
0,2,,0.09577,0.235353,0.668877,,5300,,
0,2,,0.102933,0.192708,0.704359,,5300,,
0,2,,0.06171,0.156314,0.781976,,5300,,
0,0,,0.442093,0.225269,0.332639,,5400,,
0,2,,0.320981,0.104042,0.574977,,5300,,
0,0,,0.494559,0.252957,0.252484,,5400,,
0,2,,0.119302,0.241223,0.639475,,5400,,
0,2,,0.158585,0.207809,0.633605,,5300,,
0,1,,0.128899,0.57535,0.295751,,5300,,
0,2,,0.109282,0.201679,0.689039,,5300,,
0,2,,0.098282,0.211909,0.689808,,5200,,
0,2,,0.197664,0.40059,0.401747,,5400,,
0,2,,0.110802,0.341075,0.548123,,5400,,
0,2,,0.242517,0.269062,0.488421,,5400,,
0,0,,0.602691,0.138815,0.258493,,5400,,
0,2,,0.090182,0.083632,0.826186,,5300,,
0,2,,0.215195,0.272553,0.512252,,5400,,
0,2,,0.073516,0.14363,0.782854,,5300,,
0,2,,0.063263,0.068727,0.868009,,5400,,
0,2,,0.41315,0.046096,0.540753,,5400,,
0,2,,0.045769,0.424092,0.53014,,5400,,
0,1,,0.084661,0.512134,0.403205,,5400,,
0,2,,0.290841,0.329418,0.379741,,5400,,
0,2,,0.129908,0.18361,0.686481,,5200,,
0,2,,0.057576,0.109753,0.832671,,5300,,
0,2,,0.10856,0.107916,0.783524,,5300,,
0,2,,0.190025,0.203651,0.606325,,5400,,
0,2,,0.19038,0.172307,0.637312,,5600,,
0,2,,0.109264,0.222812,0.667925,,5300,,
0,1,,0.119063,0.64278,0.238158,,5400,,
0,1,,0.272935,0.478356,0.248708,,5300,,
0,2,,0.285338,0.253766,0.460896,,5300,,
0,2,,0.082893,0.103662,0.813445,,5300,,
0,2,,0.134274,0.330952,0.534774,,5400,,
0,1,,0.000498,0.877026,0.122476,,5400,,
0,2,,0.17394,0.138467,0.687593,,5300,,
0,2,,0.356768,0.085493,0.557739,,5400,,
0,2,,0.080794,0.305747,0.613459,,5200,,
0,2,,0.055297,0.082693,0.86201,,5300,,
0,2,,0.081329,0.092259,0.826412,,5400,,
0,2,,0.122024,0.401504,0.476472,,5300,,
0,2,,0.031137,0.282071,0.686792,,5200,,
0,2,,0.198659,0.354006,0.447334,,5400,,
0,0,,0.620373,0.130565,0.249061,,5400,,
0,2,,0.117205,0.047779,0.835016,,5300,,
0,1,,0.148377,0.50521,0.346413,,5300,,
0,2,,0.015363,0.063238,0.9214,,5300,,
0,2,,0.02089,0.307427,0.671684,,5200,,
0,2,,0.293111,0.129078,0.577811,,5400,,
0,2,,0.093374,0.331029,0.575598,,5400,,
0,2,,0.021899,0.099823,0.878278,,5200,,
0,2,,0.304768,0.143147,0.552085,,6000,,
0,0,,0.44995,0.266827,0.283223,,6800,,
0,1,,0.129751,0.604946,0.265303,,6800,,
0,2,,0.038561,0.133259,0.82818,,6600,,
0,2,,0.205209,0.22276,0.572031,,6700,,
0,1,,0.236904,0.395673,0.367423,,6400,,
0,2,,0.104976,0.291444,0.60358,,5300,,
0,1,,0.06341,0.473974,0.462616,,5400,,
0,2,,0.163076,0.187735,0.649189,,5500,,
0,2,,0.097626,0.121157,0.781217,,5400,,
0,2,,0.094083,0.289097,0.61682,,5400,,
0,2,,0.064338,0.107376,0.828287,,6200,,
0,2,,0.013855,0.201394,0.784751,,5300,,
0,1,,0.174379,0.483773,0.341847,,5400,,
0,2,,0.018833,0.126857,0.854311,,5400,,
0,0,,0.440709,0.269681,0.28961,,5400,,
0,2,,0.025669,0.252012,0.722319,,5300,,
0,2,,0.238881,0.118744,0.642375,,5600,,
0,2,,0.084323,0.185883,0.729794,,5300,,
0,2,,0.230937,0.210388,0.558675,,5400,,
0,0,,0.457784,0.161642,0.380574,,5400,,
0,2,,0.205662,0.062498,0.73184,,5300,,
0,2,,0.244206,0.228215,0.527578,,5400,,
0,2,,0.049779,0.117673,0.832548,,5400,,
0,1,,0.109158,0.523954,0.366888,,5500,,
0,1,,0.169798,0.430361,0.399841,,5500,,
0,2,,0.310774,0.279729,0.409497,,5500,,
0,2,,0.164366,0.287713,0.547921,,5300,,
0,2,,0.131183,0.10521,0.763608,,5500,,
0,2,,0.156561,0.209055,0.634384,,5400,,
0,2,,0.077798,0.190438,0.731764,,5300,,
0,0,,0.408075,0.197968,0.393957,,5400,,
0,0,,0.456929,0.139046,0.404025,,5600,,
0,1,,0.158219,0.661886,0.179894,,5400,,
0,2,,0.208639,0.20853,0.582832,,5400,,
0,1,,0.254875,0.393821,0.351304,,5300,,
0,2,,0.157976,0.344406,0.497618,,5400,,
0,2,,0.038428,0.043812,0.91776,,5400,,
0,2,,0.059555,0.051661,0.888783,,5400,,
0,2,,0.16426,0.149975,0.685765,,5400,,
0,2,,0.300768,0.305701,0.393531,,5400,,
0,2,,0.041597,0.134073,0.82433,,5300,,
0,2,,0.027235,0.183376,0.789389,,5300,,
0,2,,0.165357,0.197597,0.637046,,5300,,
0,2,,0.108031,0.296723,0.595247,,5500,,
0,2,,0.155706,0.352742,0.491552,,5500,,
0,1,,0.089704,0.596883,0.313413,,5500,,
0,2,,0.258096,0.177874,0.56403,,5400,,
0,2,,0.064949,0.417195,0.517856,,5300,,
0,2,,0.192686,0.175579,0.631734,,5400,,
0,0,,0.458285,0.173322,0.368394,,5500,,
0,2,,0.25209,0.151364,0.596546,,5600,,
0,2,,0.092086,0.189745,0.71817,,5300,,
0,2,,0.151489,0.296111,0.5524,,5300,,
0,2,,0.384104,0.135414,0.480482,,5400,,
0,0,,0.48975,0.161697,0.348553,,5400,,
0,2,,0.268954,0.221101,0.509946,,5500,,
0,2,,0.241087,0.200958,0.557955,,5400,,
0,2,,0.028388,0.331137,0.640475,,5400,,
0,0,,0.441405,0.235023,0.323572,,5400,,
0,0,,0.453586,0.09333,0.453084,,5400,,
0,0,,0.531287,0.173021,0.295692,,5400,,
0,2,,0.332327,0.248271,0.419402,,5500,,
0,2,,0.244265,0.242158,0.513576,,5400,,
0,2,,0.107835,0.240609,0.651556,,5400,,
0,1,,0.00067,0.596361,0.402969,,5400,,
0,2,,0.047999,0.037402,0.914599,,5400,,
0,2,,0.27627,0.351172,0.372558,,5400,,
0,2,,0.044383,0.178996,0.776621,,5300,,
0,2,,0.037963,0.256032,0.706005,,5400,,
0,2,,0.0584,0.447989,0.493611,,5400,,
0,2,,0.179855,0.338727,0.481418,,5400,,
0,2,,0.056408,0.042636,0.900956,,5400,,
0,2,,0.098173,0.091892,0.809935,,5400,,
0,1,,0.098665,0.586108,0.315227,,5400,,
0,1,,0.074069,0.567788,0.358143,,5400,,
0,2,,0.313892,0.143271,0.542837,,5400,,
0,2,,0.169736,0.054781,0.775483,,5400,,
0,2,,0.125453,0.398916,0.475631,,5500,,
0,2,,0.121918,0.421432,0.456651,,5400,,
0,2,,0.249827,0.330806,0.419367,,5400,,
0,2,,0.213205,0.290285,0.49651,,5400,,
0,2,,0.197072,0.168642,0.634286,,5300,,
0,2,,0.083439,0.098797,0.817764,,5300,,
0,2,,0.019616,0.095549,0.884836,,5400,,
0,2,,0.124302,0.106441,0.769257,,5400,,
0,0,,0.374707,0.278355,0.346937,,5400,,
0,2,,0.127049,0.25326,0.619691,,5400,,
0,2,,0.017483,0.044384,0.938133,,5300,,
0,2,,0.302702,0.244643,0.452655,,5600,,
0,2,,0.049564,0.123419,0.827017,,5300,,
0,0,,0.615377,0.134069,0.250554,,5500,,
