connect-4,Randf,test,4,NANOSECONDS,PREDICTIONS, Generated by ClassifierExperiments.java on 2022-05-16 23:37:51.    SYSTEMPROPERTIES:{user.name:matth,os.arch:amd64,os.name:Windows 10},ENDSYSTEMPROPERTIES
No parameter info
0.7931468324452339,1560982700,64233400,-1,71421856,3,,-1,-1
0,2,,0.346667,0.17619,0.477143,,19700,,
0,0,,0.433333,0.2,0.366667,,16800,,
0,2,,0.420769,0.078462,0.500769,,15300,,
0,2,,0.418367,0.116327,0.465306,,14600,,
0,0,,0.65,0.15,0.2,,10700,,
0,2,,0.4,0.1,0.5,,7300,,
0,2,,0.309091,0.275,0.415909,,16300,,
0,1,,0.1,0.6,0.3,,11200,,
0,2,,0.339286,0.2,0.460714,,11600,,
0,2,,0.04,0.398571,0.561429,,14600,,
0,2,,0.066667,0.333333,0.6,,10400,,
0,2,,0.02,0.4425,0.5375,,10200,,
0,0,,0.5,0.2,0.3,,8700,,
0,2,,0,0.2,0.8,,13000,,
0,2,,0.115385,0.369231,0.515385,,9700,,
0,1,,0.25,0.425,0.325,,12000,,
0,2,,0.041667,0.36369,0.594643,,11100,,
0,2,,0,0.3,0.7,,10200,,
0,2,,0,0.1,0.9,,10800,,
0,2,,0,0.16,0.84,,10800,,
0,1,,0.125,0.519444,0.355556,,12000,,
0,0,,0.426667,0.24,0.333333,,12200,,
0,2,,0.283333,0.283333,0.433333,,10600,,
0,2,,0.2,0.2,0.6,,9100,,
0,2,,0.2,0,0.8,,9500,,
0,2,,0.235606,0.127273,0.637121,,10400,,
0,1,,0,0.547436,0.452564,,9000,,
0,2,,0.286667,0.1,0.613333,,10500,,
0,2,,0,0.4,0.6,,11000,,
0,2,,0.157143,0.184286,0.658571,,9700,,
0,2,,0.3,0.1125,0.5875,,9000,,
0,2,,0,0.4,0.6,,9800,,
0,1,,0.2,0.6,0.2,,11500,,
0,1,,0.2,0.4,0.4,,7600,,
0,2,,0.3,0.325,0.375,,11100,,
0,2,,0.25,0.1,0.65,,8700,,
0,2,,0.22,0.2,0.58,,5500,,
0,2,,0.178333,0.25,0.571667,,10400,,
0,1,,0.35,0.373333,0.276667,,8400,,
0,1,,0.2,0.7,0.1,,9700,,
0,2,,0.2125,0.158333,0.629167,,9600,,
0,1,,0.02,0.6,0.38,,9800,,
0,2,,0.101149,0.433333,0.465517,,9200,,
0,2,,0,0.239394,0.760606,,9500,,
0,2,,0.3,0.209091,0.490909,,8800,,
0,2,,0,0.1,0.9,,7800,,
0,1,,0.116667,0.583333,0.3,,9500,,
0,2,,0.185,0.04,0.775,,7700,,
0,2,,0.028571,0.25,0.721429,,10200,,
0,1,,0.276667,0.403333,0.32,,8900,,
0,2,,0.217917,0.2375,0.544583,,9600,,
0,2,,0.35,0.225,0.425,,8300,,
0,2,,0.333333,0.266667,0.4,,6500,,
0,2,,0.133333,0.11,0.756667,,8700,,
0,2,,0.361538,0.05641,0.582051,,10900,,
0,2,,0.2,0.3,0.5,,7500,,
0,2,,0.1,0.066667,0.833333,,8800,,
0,0,,0.607143,0.1,0.292857,,7000,,
0,1,,0.3,0.4,0.3,,10300,,
0,2,,0.363077,0.24,0.396923,,8900,,
0,1,,0.22,0.68,0.1,,9100,,
0,2,,0.208333,0.3625,0.429167,,8500,,
0,2,,0,0.425,0.575,,7200,,
0,1,,0.166667,0.533333,0.3,,8600,,
0,2,,0.433333,0.033333,0.533333,,6400,,
0,2,,0.1,0.3,0.6,,9000,,
0,2,,0,0.4,0.6,,8300,,
0,2,,0.314286,0.214286,0.471429,,7700,,
0,2,,0.22,0.011111,0.768889,,8500,,
0,2,,0.341667,0.120833,0.5375,,7400,,
0,2,,0.05,0.2,0.75,,10500,,
0,2,,0.2,0.3,0.5,,7600,,
0,1,,0.131677,0.716149,0.152174,,6700,,
0,2,,0.2,0.225,0.575,,6800,,
0,2,,0.25,0.25,0.5,,7800,,
0,2,,0.333333,0.1,0.566667,,7500,,
0,0,,0.433333,0.366667,0.2,,8500,,
0,2,,0.287143,0.27,0.442857,,6800,,
0,1,,0.35,0.65,0,,8000,,
0,2,,0.2,0.1,0.7,,5600,,
0,2,,0.15,0.28,0.57,,8000,,
0,2,,0.144444,0,0.855556,,6700,,
0,2,,0.22,0.22,0.56,,6700,,
0,2,,0.21,0.196429,0.593571,,9300,,
0,1,,0.1,0.5,0.4,,7400,,
0,0,,0.721667,0.026667,0.251667,,8500,,
0,0,,0.45,0.325,0.225,,6300,,
0,0,,0.513462,0.055769,0.430769,,32600,,
0,2,,0,0.353846,0.646154,,11600,,
0,0,,0.4,0.3,0.3,,7200,,
0,2,,0.133333,0.233333,0.633333,,8300,,
0,2,,0.1,0.4,0.5,,11500,,
0,1,,0.031915,0.48541,0.482675,,10600,,
0,2,,0,0.25,0.75,,9800,,
0,2,,0.15,0.142857,0.707143,,9600,,
0,0,,0.7,0.2,0.1,,8000,,
0,2,,0.029167,0.233333,0.7375,,7000,,
0,1,,0,0.5,0.5,,8700,,
0,2,,0.1,0.2,0.7,,12500,,
0,0,,0.422549,0.317647,0.259804,,6900,,
0,2,,0.1,0.3,0.6,,11500,,
0,0,,0.625,0.266667,0.108333,,10400,,
0,2,,0.218182,0.131818,0.65,,5800,,
0,2,,0.457143,0,0.542857,,7500,,
0,1,,0.2,0.6,0.2,,7500,,
0,2,,0.262857,0.328571,0.408571,,9400,,
0,2,,0.254286,0.24,0.505714,,8800,,
0,1,,0.115094,0.821132,0.063774,,5600,,
0,2,,0.2,0.233333,0.566667,,3800,,
0,2,,0.278667,0.247333,0.474,,3600,,
0,2,,0.228571,0.161905,0.609524,,8700,,
0,2,,0.2,0.3,0.5,,8700,,
0,2,,0,0.2,0.8,,7100,,
0,2,,0.34,0.22,0.44,,6300,,
0,1,,0,0.775,0.225,,6900,,
0,2,,0.033333,0.471429,0.495238,,5600,,
0,1,,0.131818,0.609091,0.259091,,7900,,
0,2,,0.2,0.333333,0.466667,,6800,,
0,2,,0.229167,0.033333,0.7375,,8000,,
0,1,,0.35,0.45,0.2,,7400,,
0,2,,0.148571,0.228571,0.622857,,8000,,
0,1,,0.2,0.506667,0.293333,,6600,,
0,2,,0.1,0.1,0.8,,5700,,
0,2,,0.014541,0.401786,0.583673,,7300,,
0,2,,0,0.346667,0.653333,,8600,,
0,1,,0.066667,0.475,0.458333,,7200,,
0,0,,0.416667,0.316667,0.266667,,7300,,
0,2,,0.159091,0.15,0.690909,,5100,,
0,1,,0.252941,0.505882,0.241176,,7700,,
0,2,,0.333333,0.233333,0.433333,,7400,,
0,2,,0,0.254545,0.745455,,7800,,
0,2,,0.2,0.1,0.7,,7700,,
0,2,,0.1,0.36,0.54,,6900,,
0,1,,0.208333,0.408333,0.383333,,6900,,
0,2,,0.32,0.012,0.668,,5300,,
0,1,,0.399134,0.483333,0.117532,,4900,,
0,1,,0,0.6,0.4,,6400,,
0,2,,0.311111,0.277778,0.411111,,6600,,
0,1,,0.007143,0.642857,0.35,,4300,,
0,2,,0.25,0.15,0.6,,5400,,
0,2,,0,0.4,0.6,,7400,,
0,1,,0.06,0.536429,0.403571,,9100,,
0,0,,0.366667,0.3,0.333333,,8000,,
0,2,,0.083333,0.1125,0.804167,,5600,,
0,0,,0.417647,0.364706,0.217647,,8300,,
0,2,,0.3,0.225,0.475,,5600,,
0,2,,0.2,0.133333,0.666667,,7200,,
0,2,,0.113043,0.218182,0.668775,,6900,,
0,2,,0.2,0.2,0.6,,5900,,
0,2,,0.1,0.1,0.8,,6400,,
0,2,,0.228571,0.242857,0.528571,,7100,,
0,2,,0.375,0,0.625,,4500,,
0,0,,0.466667,0.258333,0.275,,6100,,
0,0,,0.4,0.3,0.3,,6000,,
0,0,,0.657143,0.2,0.142857,,7400,,
0,2,,0.1,0.3,0.6,,6000,,
0,1,,0.342857,0.357143,0.3,,6100,,
0,2,,0.24,0.12,0.64,,6600,,
0,1,,0.264562,0.54835,0.187088,,6400,,
0,2,,0,0.2,0.8,,5300,,
0,2,,0.04,0.326667,0.633333,,7200,,
0,2,,0,0.366667,0.633333,,5200,,
0,0,,0.5,0.2,0.3,,6400,,
0,2,,0.046667,0,0.953333,,6100,,
0,0,,0.512727,0.1,0.387273,,5700,,
0,0,,0.5375,0.3,0.1625,,4500,,
0,2,,0.2,0.266667,0.533333,,6700,,
0,2,,0,0.1,0.9,,7000,,
0,2,,0.2,0,0.8,,5600,,
0,1,,0.216667,0.521667,0.261667,,7000,,
0,2,,0.2,0.2,0.6,,6000,,
0,2,,0.238462,0.165734,0.595804,,5300,,
0,1,,0.141667,0.594697,0.263636,,5900,,
0,2,,0.1,0.36,0.54,,5500,,
0,2,,0.328571,0.3,0.371429,,5900,,
0,0,,0.479091,0.325909,0.195,,5400,,
0,1,,0,0.533333,0.466667,,5700,,
0,2,,0.3375,0.2125,0.45,,6100,,
0,2,,0.3,0.31,0.39,,6900,,
0,2,,0.123077,0.223077,0.653846,,6200,,
0,2,,0.1675,0.2825,0.55,,5400,,
0,2,,0.1,0,0.9,,5400,,
0,2,,0.045833,0.233333,0.720833,,6500,,
0,2,,0.366667,0.233333,0.4,,4700,,
0,2,,0.15,0.21,0.64,,6700,,
0,2,,0.2,0.166667,0.633333,,6200,,
0,0,,0.554545,0,0.445455,,8800,,
0,2,,0.332692,0.1,0.567308,,6300,,
0,2,,0.32,0.005,0.675,,7200,,
0,0,,0.45,0.3,0.25,,6400,,
0,2,,0.206667,0.263968,0.529365,,5300,,
0,2,,0.211221,0.174013,0.614766,,5400,,
0,1,,0.228571,0.428571,0.342857,,6800,,
0,2,,0.357241,0.277241,0.365517,,3100,,
0,2,,0.184416,0.322727,0.492857,,6200,,
0,0,,0.4,0.2,0.4,,5000,,
0,1,,0.275,0.4,0.325,,6000,,
0,2,,0,0,1,,6600,,
0,2,,0.1,0.209091,0.690909,,6800,,
0,0,,0.49522,0.167901,0.336878,,3500,,
0,2,,0.233333,0.204545,0.562121,,5300,,
0,0,,0.4,0.2,0.4,,5200,,
0,0,,0.5,0.3,0.2,,5000,,
0,1,,0.2,0.4,0.4,,5800,,
0,2,,0,0,1,,4400,,
0,1,,0.333333,0.566667,0.1,,6200,,
0,2,,0.13,0.33,0.54,,6600,,
0,2,,0.115385,0.357692,0.526923,,5900,,
0,2,,0.2,0,0.8,,5200,,
0,2,,0.030952,0.094444,0.874603,,8100,,
0,0,,0.5,0.3,0.2,,6800,,
0,1,,0.2,0.441667,0.358333,,5000,,
0,2,,0.071429,0.221429,0.707143,,6100,,
0,2,,0.332,0.1,0.568,,4400,,
0,2,,0.1,0.2,0.7,,5700,,
0,2,,0.35,0.008333,0.641667,,7000,,
0,1,,0.104444,0.802222,0.093333,,5700,,
0,2,,0.297619,0.159524,0.542857,,6100,,
0,0,,0.6125,0.1625,0.225,,7200,,
0,2,,0.15,0.12,0.73,,6300,,
0,0,,0.6,0,0.4,,5500,,
0,1,,0.075,0.725,0.2,,5800,,
0,2,,0.04,0.2,0.76,,6800,,
0,0,,0.535714,0.114286,0.35,,5900,,
0,2,,0.106667,0.388571,0.504762,,5900,,
0,2,,0.0425,0.453571,0.503929,,6500,,
0,0,,0.497619,0.1,0.402381,,6500,,
0,0,,0.72,0.01,0.27,,5600,,
0,2,,0.2,0.2,0.6,,7000,,
0,2,,0,0,1,,30900,,
0,2,,0.228571,0.2,0.571429,,9900,,
0,2,,0.266667,0.227273,0.506061,,7800,,
0,2,,0.1,0.133333,0.766667,,12200,,
0,0,,0.45,0.15,0.4,,8600,,
0,1,,0.2125,0.575,0.2125,,9800,,
0,2,,0.1,0.4,0.5,,10400,,
0,2,,0.25,0.3,0.45,,6800,,
0,1,,0.446667,0.453333,0.1,,6900,,
0,2,,0.007692,0.246154,0.746154,,5600,,
0,2,,0.225,0.2,0.575,,5300,,
0,0,,0.4,0.3,0.3,,6100,,
0,0,,0.453333,0.136667,0.41,,6700,,
0,0,,0.354545,0.3,0.345455,,6700,,
0,1,,0.233333,0.4,0.366667,,7000,,
0,2,,0.1,0.2,0.7,,6000,,
0,2,,0,0.327273,0.672727,,5200,,
0,2,,0.011111,0.176923,0.811966,,5000,,
0,2,,0.32,0.1,0.58,,3700,,
0,2,,0.178571,0.2,0.621429,,5100,,
0,1,,0.35,0.55,0.1,,5600,,
0,2,,0.1,0.306667,0.593333,,4900,,
0,2,,0.286667,0.133333,0.58,,5700,,
0,1,,0.2,0.6,0.2,,5700,,
0,0,,0.455556,0.122222,0.422222,,5300,,
0,2,,0.274359,0.146154,0.579487,,4600,,
0,1,,0.033333,0.666667,0.3,,6500,,
0,2,,0.153333,0.253333,0.593333,,5600,,
0,2,,0.341667,0.1,0.558333,,6800,,
0,2,,0.126667,0.183333,0.69,,6200,,
0,1,,0.3,0.4,0.3,,6200,,
0,0,,0.6,0,0.4,,6400,,
0,0,,0.356725,0.293317,0.349958,,6500,,
0,1,,0.118254,0.484127,0.397619,,6700,,
0,2,,0.1,0.216667,0.683333,,5800,,
0,0,,0.416667,0.283333,0.3,,5500,,
0,1,,0.01,0.66,0.33,,6000,,
0,2,,0.04,0.2,0.76,,6500,,
0,2,,0.05,0,0.95,,6900,,
0,2,,0,0.433333,0.566667,,4900,,
0,2,,0.1,0.025,0.875,,6700,,
0,2,,0.25,0.133333,0.616667,,5800,,
0,0,,0.521026,0.207179,0.271795,,6100,,
0,1,,0,0.6,0.4,,4000,,
0,1,,0.382241,0.426218,0.191541,,5700,,
0,2,,0,0.36,0.64,,6400,,
0,1,,0,0.644444,0.355556,,6300,,
0,2,,0.017647,0.129412,0.852941,,6200,,
0,2,,0.10293,0.074359,0.822711,,6300,,
0,2,,0.3,0.166667,0.533333,,7300,,
0,1,,0.3,0.45,0.25,,4900,,
0,1,,0.188095,0.537381,0.274524,,5000,,
0,0,,0.48,0.14,0.38,,5900,,
0,2,,0.214286,0.121429,0.664286,,4600,,
0,1,,0.13,0.44141,0.42859,,4900,,
0,1,,0.2375,0.4,0.3625,,5900,,
0,2,,0.4,0.1,0.5,,7100,,
0,2,,0.4,0.025,0.575,,4800,,
0,2,,0.2,0.28,0.52,,5000,,
0,1,,0,0.5,0.5,,6900,,
0,2,,0,0.2,0.8,,4400,,
0,2,,0.1,0.1,0.8,,5300,,
0,2,,0.1,0.133333,0.766667,,5100,,
0,0,,0.545833,0.045833,0.408333,,4700,,
0,1,,0.266667,0.633333,0.1,,5800,,
0,2,,0.349324,0.182541,0.468135,,6300,,
0,2,,0.05,0.278571,0.671429,,7000,,
0,2,,0.103864,0.235455,0.660682,,5700,,
0,1,,0,0.6,0.4,,5700,,
0,1,,0.1,0.6,0.3,,3500,,
0,2,,0.21462,0.051053,0.734327,,5600,,
0,2,,0.265079,0.227778,0.507143,,6500,,
0,2,,0.127273,0.2,0.672727,,5700,,
0,1,,0.2,0.5,0.3,,3700,,
0,2,,0.2625,0.15,0.5875,,4100,,
0,2,,0.22,0.144643,0.635357,,6700,,
0,1,,0.2,0.4,0.4,,3900,,
0,1,,0.233333,0.666667,0.1,,4800,,
0,2,,0,0.23,0.77,,5700,,
0,0,,0.725,0.1,0.175,,6900,,
0,2,,0.117957,0.190108,0.691935,,3800,,
0,1,,0.367222,0.467778,0.165,,5400,,
0,2,,0,0,1,,5700,,
0,2,,0.404348,0.130435,0.465217,,6400,,
0,1,,0.22,0.613333,0.166667,,7100,,
0,1,,0.24,0.6,0.16,,5100,,
0,1,,0.2,0.506667,0.293333,,5100,,
0,1,,0.133333,0.45,0.416667,,5500,,
0,2,,0.1,0.13,0.77,,5700,,
0,1,,0.01,0.527778,0.462222,,5400,,
0,1,,0.175,0.625,0.2,,6200,,
0,1,,0.142857,0.657143,0.2,,6200,,
0,2,,0.176364,0.1,0.723636,,6100,,
0,2,,0.042857,0.342857,0.614286,,5600,,
0,2,,0.025,0.125,0.85,,5800,,
0,0,,0.55,0.25,0.2,,5300,,
0,2,,0.266667,0,0.733333,,5900,,
0,2,,0.1,0.2,0.7,,4800,,
0,1,,0,0.7,0.3,,5400,,
0,2,,0.016667,0.222917,0.760417,,6400,,
0,1,,0.057143,0.642857,0.3,,6600,,
0,2,,0.468182,0.022727,0.509091,,4000,,
0,1,,0.034615,0.767308,0.198077,,4700,,
0,1,,0.3,0.5,0.2,,7800,,
0,2,,0.163636,0.279545,0.556818,,6200,,
0,2,,0.235294,0.244314,0.520392,,6100,,
0,1,,0.001351,0.777027,0.221622,,4300,,
0,2,,0.3,0.1,0.6,,5400,,
0,1,,0.1,0.6,0.3,,5300,,
0,0,,0.435714,0.2,0.364286,,6000,,
0,2,,0.290476,0.229085,0.480439,,5700,,
0,2,,0.2,0.022727,0.777273,,6000,,
0,0,,0.4,0.2,0.4,,6800,,
0,2,,0.3,0.308333,0.391667,,6500,,
0,2,,0,0.3,0.7,,5800,,
0,2,,0.1,0.3,0.6,,6300,,
0,2,,0.18125,0.33125,0.4875,,6600,,
0,2,,0.2,0.25,0.55,,5300,,
0,2,,0.26,0.35,0.39,,8400,,
0,1,,0.118182,0.581818,0.3,,10800,,
0,2,,0.15,0.1125,0.7375,,5900,,
0,2,,0,0.214286,0.785714,,8300,,
0,2,,0.4,0.116667,0.483333,,4200,,
0,1,,0.091667,0.454167,0.454167,,9000,,
0,1,,0,0.575,0.425,,6900,,
0,1,,0.3,0.624845,0.075155,,9400,,
0,2,,0.1,0.414286,0.485714,,6700,,
0,0,,0.733333,0.1,0.166667,,6800,,
0,2,,0.175,0.125,0.7,,5600,,
0,2,,0.2,0.286667,0.513333,,6700,,
0,1,,0,0.6,0.4,,8300,,
0,2,,0,0.3,0.7,,6900,,
0,2,,0,0.477778,0.522222,,5300,,
0,1,,0.15,0.5,0.35,,5100,,
0,2,,0.2,0.011111,0.788889,,6900,,
0,1,,0.1,0.5,0.4,,6900,,
0,2,,0.25,0.1,0.65,,4800,,
0,1,,0.142857,0.542857,0.314286,,4200,,
0,0,,0.434286,0.387143,0.178571,,6700,,
0,2,,0.3,0.2,0.5,,6200,,
0,1,,0.1,0.466667,0.433333,,6100,,
0,2,,0.15,0.35,0.5,,6900,,
0,2,,0.225,0.3,0.475,,4100,,
0,2,,0.1,0.4,0.5,,6200,,
0,2,,0.1,0.1,0.8,,7300,,
0,1,,0.4,0.5,0.1,,4800,,
0,1,,0.006061,0.537273,0.456667,,5800,,
0,2,,0.025,0.2,0.775,,4900,,
0,2,,0.330769,0.066667,0.602564,,5200,,
0,2,,0.1,0.4,0.5,,6000,,
0,1,,0.4,0.5,0.1,,5700,,
0,0,,0.450789,0.207895,0.341316,,5000,,
0,2,,0.2,0.3,0.5,,6700,,
0,2,,0.33,0.2,0.47,,3900,,
0,1,,0.14,0.5,0.36,,6400,,
0,2,,0.1,0.1,0.8,,10500,,
0,2,,0.3,0.15,0.55,,5000,,
0,2,,0.187222,0.34,0.472778,,6300,,
0,2,,0,0.04,0.96,,5100,,
0,2,,0,0.466667,0.533333,,6400,,
0,2,,0.1,0.080128,0.819872,,6700,,
0,2,,0.1,0.25,0.65,,6400,,
0,1,,0.205,0.426667,0.368333,,7600,,
0,2,,0.25,0.2,0.55,,6300,,
0,1,,0.13,0.55,0.32,,6400,,
0,1,,0,0.62,0.38,,5800,,
0,1,,0.1,0.5,0.4,,9100,,
0,2,,0.22,0.1,0.68,,5800,,
0,2,,0.123182,0.256364,0.620455,,6100,,
0,1,,0.033333,0.808333,0.158333,,7600,,
0,2,,0.122727,0.313636,0.563636,,5400,,
0,1,,0.3,0.471429,0.228571,,4500,,
0,2,,0.21129,0.103226,0.685484,,5900,,
0,0,,0.5,0.1,0.4,,5400,,
0,2,,0.075,0.15,0.775,,7500,,
0,2,,0.1,0.3,0.6,,4000,,
0,1,,0.060778,0.493397,0.445825,,6100,,
0,2,,0,0.040385,0.959615,,8000,,
0,1,,0.3,0.5,0.2,,4400,,
0,2,,0.028571,0.242857,0.728571,,5500,,
0,2,,0,0.25,0.75,,6200,,
0,0,,0.5,0.2,0.3,,5000,,
0,1,,0.2,0.455556,0.344444,,5300,,
0,2,,0.15,0.1,0.75,,6100,,
0,2,,0.233333,0.3,0.466667,,5600,,
0,2,,0.11,0.376667,0.513333,,6600,,
0,1,,0.4,0.5,0.1,,4500,,
0,2,,0,0.2,0.8,,3800,,
0,2,,0.24,0.04,0.72,,5500,,
0,1,,0.342857,0.557143,0.1,,5200,,
0,2,,0.163333,0.333333,0.503333,,6200,,
0,2,,0.1625,0.375,0.4625,,5600,,
0,1,,0.11,0.69,0.2,,5200,,
0,0,,0.495455,0.254545,0.25,,5900,,
0,2,,0.178571,0.2,0.621429,,6100,,
0,1,,0.2,0.4,0.4,,5300,,
0,1,,0.1125,0.6,0.2875,,7300,,
0,1,,0.33,0.35,0.32,,5100,,
0,2,,0.105263,0.073684,0.821053,,5300,,
0,2,,0.1,0.275,0.625,,4900,,
0,2,,0.05,0,0.95,,5400,,
0,1,,0,0.533333,0.466667,,5600,,
0,1,,0.2,0.5,0.3,,4700,,
0,2,,0.1,0.1,0.8,,4600,,
0,2,,0.2,0.1,0.7,,5300,,
0,2,,0.058333,0.455556,0.486111,,3500,,
0,0,,0.5,0.4,0.1,,5900,,
0,2,,0.05,0.15,0.8,,5400,,
0,0,,0.63,0.2,0.17,,4500,,
0,2,,0.028571,0.271429,0.7,,4600,,
0,2,,0.005263,0.178947,0.815789,,2800,,
0,2,,0.12,0.233333,0.646667,,5700,,
0,2,,0.305263,0.2,0.494737,,5000,,
0,2,,0.319355,0.316129,0.364516,,5300,,
0,1,,0.33,0.378333,0.291667,,5100,,
0,2,,0.263333,0.195,0.541667,,5000,,
0,0,,0.416667,0.358333,0.225,,5300,,
0,2,,0.1,0.35,0.55,,5400,,
0,0,,0.685714,0.214286,0.1,,4800,,
0,1,,0.25,0.45,0.3,,6300,,
0,1,,0.2,0.6,0.2,,4200,,
0,2,,0.1,0.408333,0.491667,,5300,,
0,2,,0.26,0.34,0.4,,6200,,
0,1,,0,0.6,0.4,,4500,,
0,2,,0.331667,0.185238,0.483095,,4900,,
0,0,,0.4,0.2,0.4,,3000,,
0,0,,0.62,0.04,0.34,,6000,,
0,2,,0.363333,0.27,0.366667,,5800,,
0,2,,0.15,0.1,0.75,,5000,,
0,2,,0.2,0.2,0.6,,4500,,
0,2,,0.1,0.223529,0.676471,,4500,,
0,2,,0.1,0,0.9,,4400,,
0,1,,0.22125,0.515,0.26375,,7100,,
0,2,,0.22,0.12,0.66,,5500,,
0,2,,0.2,0.2,0.6,,6200,,
0,0,,0.560714,0,0.439286,,7600,,
0,2,,0.3,0.2,0.5,,5400,,
0,0,,0.477193,0.188596,0.334211,,5200,,
0,2,,0.2,0.3,0.5,,6000,,
0,1,,0,0.7,0.3,,6600,,
0,2,,0.036364,0.445455,0.518182,,5800,,
0,1,,0.2,0.6,0.2,,5700,,
0,2,,0.2,0.3,0.5,,6000,,
0,2,,0.1625,0.192361,0.645139,,6000,,
0,2,,0.136111,0.125,0.738889,,7300,,
0,2,,0.194286,0,0.805714,,3300,,
0,1,,0.316667,0.583333,0.1,,5400,,
0,0,,0.507143,0.064683,0.428175,,6800,,
0,2,,0.006667,0.325,0.668333,,7700,,
0,2,,0.3,0.2375,0.4625,,5100,,
0,2,,0.2,0.29,0.51,,6600,,
0,1,,0,0.7,0.3,,5200,,
0,2,,0.267857,0.282143,0.45,,7400,,
0,2,,0.4,0.1,0.5,,4800,,
0,2,,0.375,0.2,0.425,,4800,,
0,2,,0.26,0.225,0.515,,5500,,
0,0,,0.595556,0.162222,0.242222,,7300,,
0,2,,0,0.06,0.94,,5900,,
0,2,,0.458333,0.045833,0.495833,,7500,,
0,2,,0,0,1,,5700,,
0,2,,0.0375,0.2475,0.715,,5500,,
0,1,,0.15,0.584375,0.265625,,5100,,
0,2,,0.35,0.116667,0.533333,,6100,,
0,2,,0.133333,0.4,0.466667,,5400,,
0,1,,0.145455,0.745455,0.109091,,6500,,
0,2,,0.107692,0.107692,0.784615,,6100,,
0,2,,0.26875,0.05625,0.675,,5900,,
0,1,,0.093333,0.54,0.366667,,5700,,
0,0,,0.52,0.364,0.116,,4500,,
0,2,,0.14,0.06,0.8,,4800,,
0,0,,0.4,0.25,0.35,,4600,,
0,1,,0.15,0.6,0.25,,4600,,
0,1,,0,0.5,0.5,,8100,,
0,2,,0,0.472222,0.527778,,7000,,
0,2,,0.381579,0.061871,0.55655,,4300,,
0,0,,0.45,0.3,0.25,,6500,,
0,2,,0,0.494286,0.505714,,6300,,
0,2,,0.3,0.3,0.4,,4600,,
0,2,,0.007692,0.12,0.872308,,6400,,
0,2,,0,0.366667,0.633333,,6700,,
0,2,,0.380119,0.154679,0.465201,,6100,,
0,2,,0.133333,0.370833,0.495833,,3800,,
0,2,,0.3,0,0.7,,3800,,
0,1,,0.028571,0.514286,0.457143,,5100,,
0,1,,0.04,0.526667,0.433333,,4800,,
0,2,,0.3,0.271429,0.428571,,5800,,
0,2,,0,0.35,0.65,,4300,,
0,2,,0.392063,0.105556,0.502381,,5200,,
0,2,,0.1,0.316667,0.583333,,6000,,
0,1,,0.333333,0.6,0.066667,,3900,,
0,1,,0.366667,0.438889,0.194444,,6600,,
0,2,,0.323077,0.1,0.576923,,5400,,
0,1,,0.0125,0.7875,0.2,,4900,,
0,2,,0.058108,0.070721,0.871171,,5900,,
0,2,,0,0.1,0.9,,5000,,
0,2,,0,0.1375,0.8625,,5800,,
0,0,,0.379483,0.289666,0.330851,,3800,,
0,2,,0.133333,0.2,0.666667,,5100,,
0,1,,0,0.5,0.5,,6300,,
0,2,,0.3,0.033333,0.666667,,7300,,
0,2,,0.08,0.2,0.72,,7200,,
0,2,,0.2,0.2,0.6,,4900,,
0,1,,0.136842,0.610965,0.252193,,5600,,
0,0,,0.45,0.4,0.15,,7000,,
0,2,,0.2,0.34,0.46,,6400,,
0,2,,0.207143,0.371429,0.421429,,6300,,
0,2,,0.225,0,0.775,,4000,,
0,1,,0.05,0.566667,0.383333,,5100,,
0,0,,0.702096,0.032453,0.26545,,5300,,
0,1,,0.247826,0.571739,0.180435,,4300,,
0,2,,0.244444,0.266667,0.488889,,5800,,
0,2,,0.164706,0.35042,0.484874,,3900,,
0,2,,0.27,0.1,0.63,,5200,,
0,1,,0.35,0.445833,0.204167,,4000,,
0,2,,0.316667,0.05,0.633333,,5500,,
0,1,,0.16,0.52,0.32,,5300,,
0,1,,0.125,0.583333,0.291667,,5000,,
0,2,,0.1,0.2,0.7,,4600,,
0,2,,0,0.4,0.6,,3200,,
0,2,,0.25,0.15,0.6,,4800,,
0,2,,0.2,0.24,0.56,,5800,,
0,1,,0.1,0.6,0.3,,4700,,
0,1,,0,0.6,0.4,,5600,,
0,2,,0.03,0.4,0.57,,6100,,
0,2,,0.1,0.2,0.7,,5300,,
0,1,,0.375,0.5,0.125,,4900,,
0,2,,0.333333,0.3,0.366667,,6900,,
0,2,,0.214286,0.247619,0.538095,,3600,,
0,2,,0.215,0.3,0.485,,5600,,
0,2,,0.1,0.3,0.6,,9500,,
0,2,,0.311111,0,0.688889,,5800,,
0,1,,0.2,0.4,0.4,,6300,,
0,2,,0.17,0.079167,0.750833,,6700,,
0,0,,0.566667,0.1,0.333333,,6900,,
0,0,,0.566667,0.2,0.233333,,3900,,
0,0,,0.5,0,0.5,,5300,,
0,2,,0.048529,0.372059,0.579412,,5200,,
0,2,,0.254545,0.309091,0.436364,,3400,,
0,1,,0.223077,0.623077,0.153846,,4600,,
0,2,,0,0,1,,4600,,
0,2,,0,0.118367,0.881633,,4900,,
0,2,,0.3,0,0.7,,5200,,
0,2,,0.1,0.216667,0.683333,,7800,,
0,2,,0,0.1,0.9,,4200,,
0,1,,0,0.8,0.2,,5200,,
0,2,,0.192361,0.261111,0.546528,,5500,,
0,2,,0,0.214286,0.785714,,6400,,
0,0,,0.505263,0.02,0.474737,,6100,,
0,1,,0.38,0.52,0.1,,6400,,
0,0,,0.4,0.4,0.2,,6200,,
0,2,,0.225,0.1,0.675,,4900,,
0,2,,0.006667,0.406667,0.586667,,5600,,
0,2,,0.125,0.3375,0.5375,,5000,,
0,2,,0.1,0.033333,0.866667,,3000,,
0,2,,0.168182,0.284545,0.547273,,5000,,
0,2,,0.25,0.233333,0.516667,,5100,,
0,1,,0.3,0.4,0.3,,4500,,
0,1,,0.2,0.5,0.3,,5200,,
0,1,,0.3125,0.4125,0.275,,4200,,
0,0,,0.7,0.1,0.2,,4200,,
0,0,,0.683333,0,0.316667,,5800,,
0,2,,0.1,0.04,0.86,,4900,,
0,2,,0.3,0.2,0.5,,6100,,
0,2,,0.333333,0,0.666667,,6400,,
0,0,,0.5,0.2,0.3,,5900,,
0,2,,0.322222,0.177778,0.5,,5800,,
0,0,,0.4,0.3,0.3,,4600,,
0,2,,0.2,0.2,0.6,,4700,,
0,2,,0.1,0,0.9,,4500,,
0,0,,0.525,0.1,0.375,,5700,,
0,1,,0.2,0.7,0.1,,5000,,
0,1,,0,0.7,0.3,,4500,,
0,1,,0.074286,0.475714,0.45,,3900,,
0,1,,0.214286,0.717857,0.067857,,6000,,
0,2,,0.309091,0.290909,0.4,,5000,,
0,2,,0.228571,0.271429,0.5,,6200,,
0,2,,0.022222,0.322222,0.655556,,4400,,
0,2,,0,0.025,0.975,,5400,,
0,2,,0,0.142857,0.857143,,5700,,
0,0,,0.384524,0.325,0.290476,,5100,,
0,1,,0.19,0.81,0,,5600,,
0,2,,0.09,0.25,0.66,,4500,,
0,2,,0.026667,0.2,0.773333,,5500,,
0,0,,0.426667,0.3,0.273333,,2800,,
0,2,,0.28,0.258333,0.461667,,5700,,
0,1,,0.2,0.5,0.3,,6300,,
0,2,,0.06865,0.243473,0.687878,,5800,,
0,1,,0,0.5,0.5,,5700,,
0,2,,0.02,0.4,0.58,,3800,,
0,0,,0.5,0.2,0.3,,4900,,
0,2,,0.2,0,0.8,,5900,,
0,1,,0.333333,0.42381,0.242857,,4800,,
0,1,,0.15,0.525,0.325,,6200,,
0,2,,0.15,0.2,0.65,,5900,,
0,2,,0.1,0.4,0.5,,5500,,
0,1,,0.0125,0.625,0.3625,,4900,,
0,2,,0.249327,0.10625,0.644423,,6300,,
0,1,,0.118182,0.518182,0.363636,,4600,,
0,0,,0.6,0.1,0.3,,4300,,
0,0,,0.491667,0.288636,0.219697,,5100,,
0,1,,0.066667,0.654762,0.278571,,7100,,
0,2,,0.221591,0.301136,0.477273,,5200,,
0,2,,0.2,0.26,0.54,,4700,,
0,1,,0.2,0.575,0.225,,5000,,
0,1,,0.2,0.6,0.2,,4200,,
0,1,,0,0.55,0.45,,3400,,
0,0,,0.425,0.275,0.3,,5900,,
0,2,,0.208333,0.304167,0.4875,,6400,,
0,1,,0.225,0.55,0.225,,5900,,
0,0,,0.625,0.122222,0.252778,,4300,,
0,2,,0.1,0,0.9,,3900,,
0,2,,0.025,0.347143,0.627857,,5100,,
0,1,,0.326087,0.472101,0.201812,,7100,,
0,0,,0.419355,0.267742,0.312903,,4500,,
0,1,,0.2,0.6,0.2,,4600,,
0,0,,0.44,0.18,0.38,,5300,,
0,2,,0.2,0.2,0.6,,5500,,
0,2,,0.1,0.3,0.6,,3700,,
0,1,,0.2125,0.64,0.1475,,5100,,
0,2,,0.316667,0.016667,0.666667,,5200,,
0,2,,0.194108,0.401178,0.404714,,4900,,
0,2,,0.1,0.4,0.5,,5000,,
0,1,,0.3,0.366667,0.333333,,5200,,
0,2,,0.16,0.330909,0.509091,,6400,,
0,2,,0,0.1,0.9,,4400,,
0,1,,0.15,0.525,0.325,,5600,,
0,2,,0.1,0.09375,0.80625,,4700,,
0,2,,0,0.3,0.7,,5500,,
0,2,,0,0.406,0.594,,4900,,
0,2,,0,0.326667,0.673333,,5400,,
0,2,,0.3,0.2,0.5,,3500,,
0,1,,0.3,0.36,0.34,,6900,,
0,2,,0.2,0.033333,0.766667,,5200,,
0,1,,0.205263,0.678947,0.115789,,4700,,
0,2,,0.4,0.075,0.525,,4500,,
0,1,,0.2,0.5,0.3,,4400,,
0,1,,0.1,0.5,0.4,,5100,,
0,2,,0.2,0.1,0.7,,4200,,
0,2,,0.011111,0.477778,0.511111,,6700,,
0,2,,0.166667,0.333333,0.5,,5200,,
0,2,,0,0.380556,0.619444,,6400,,
0,2,,0.4,0.1,0.5,,5500,,
0,2,,0.2,0.166667,0.633333,,4000,,
0,0,,0.615385,0.053846,0.330769,,3500,,
0,2,,0.183333,0.3,0.516667,,6600,,
0,1,,0.204167,0.425,0.370833,,4800,,
0,2,,0.233333,0.266667,0.5,,5100,,
0,2,,0.266667,0.233333,0.5,,5800,,
0,0,,0.4,0.266667,0.333333,,5000,,
0,2,,0.042857,0.214286,0.742857,,5600,,
0,0,,0.476667,0.293333,0.23,,4200,,
0,1,,0.355556,0.411111,0.233333,,6500,,
0,2,,0.083636,0.198182,0.718182,,6900,,
0,2,,0.2,0.1,0.7,,5000,,
0,0,,0.446154,0.146154,0.407692,,3900,,
0,2,,0.1,0.296765,0.603235,,6200,,
0,1,,0.2,0.4,0.4,,6800,,
0,0,,0.47,0.325,0.205,,4600,,
0,2,,0.3,0.05,0.65,,5400,,
0,2,,0.2,0.2,0.6,,5300,,
0,0,,0.475,0.291667,0.233333,,4700,,
0,1,,0.160606,0.506061,0.333333,,5300,,
0,2,,0,0.185417,0.814583,,4800,,
0,2,,0,0.2375,0.7625,,4300,,
0,0,,0.613024,0.246764,0.140212,,4700,,
0,0,,0.6,0.1,0.3,,6200,,
0,1,,0.433333,0.433333,0.133333,,5600,,
0,2,,0.1,0.4,0.5,,5300,,
0,1,,0.242857,0.457143,0.3,,5500,,
0,1,,0.262857,0.438571,0.298571,,4000,,
0,1,,0.116667,0.629167,0.254167,,5100,,
0,1,,0,0.7,0.3,,5400,,
0,0,,0.6,0,0.4,,3600,,
0,2,,0.05,0.05,0.9,,4700,,
0,1,,0.2,0.4,0.4,,5800,,
0,2,,0.2,0.1,0.7,,5800,,
0,0,,0.5,0.5,0,,5000,,
0,2,,0.110191,0.338217,0.551592,,5400,,
0,2,,0.19881,0.170238,0.630952,,3900,,
0,2,,0.1,0,0.9,,3400,,
0,2,,0.218214,0.195952,0.585833,,3800,,
0,1,,0.2,0.46,0.34,,5300,,
0,2,,0.221765,0.375294,0.402941,,4100,,
0,2,,0.475,0,0.525,,5300,,
0,1,,0.125,0.475,0.4,,5800,,
0,2,,0.133333,0.216667,0.65,,4700,,
0,0,,0.508333,0.2,0.291667,,4000,,
0,2,,0.3,0,0.7,,5700,,
0,1,,0,0.8,0.2,,6900,,
0,1,,0,0.9,0.1,,4700,,
0,0,,0.491176,0.087059,0.421765,,6900,,
0,2,,0.1,0.365476,0.534524,,6100,,
0,2,,0.2,0.2,0.6,,5700,,
0,1,,0.2,0.566667,0.233333,,7700,,
0,1,,0.157143,0.463636,0.379221,,6000,,
0,0,,0.4,0.2,0.4,,6500,,
0,1,,0.1,0.6,0.3,,5500,,
0,2,,0,0,1,,7000,,
0,1,,0.204255,0.438298,0.357447,,3900,,
0,2,,0.285714,0.071429,0.642857,,6900,,
0,0,,0.383333,0.316667,0.3,,5800,,
0,2,,0,0.091667,0.908333,,5600,,
0,2,,0,0.208333,0.791667,,7100,,
0,2,,0.36,0.24,0.4,,4900,,
0,0,,0.53,0.24,0.23,,6900,,
0,2,,0.255844,0.285065,0.459091,,5600,,
0,2,,0.025,0.2,0.775,,5600,,
0,0,,0.5,0.25,0.25,,7800,,
0,2,,0.033333,0.4,0.566667,,4400,,
0,1,,0.081579,0.488847,0.429574,,4200,,
0,1,,0.333333,0.366667,0.3,,4600,,
0,2,,0.0125,0.2,0.7875,,12200,,
0,0,,0.475,0.425,0.1,,6300,,
0,1,,0.2,0.5,0.3,,5700,,
0,2,,0.006977,0.14593,0.847093,,6300,,
0,2,,0.2,0,0.8,,5300,,
0,2,,0.183704,0.234815,0.581481,,5200,,
0,0,,0.606667,0.06,0.333333,,7200,,
0,1,,0.325,0.4,0.275,,4900,,
0,2,,0.216667,0.1,0.683333,,6500,,
0,2,,0.2,0.2,0.6,,6500,,
0,2,,0,0.1,0.9,,4100,,
0,2,,0.12,0.18,0.7,,6000,,
0,2,,0.133333,0.333333,0.533333,,5100,,
0,2,,0,0.15,0.85,,6300,,
0,0,,0.525,0.2125,0.2625,,7000,,
0,2,,0.133333,0.266667,0.6,,6400,,
0,2,,0.025,0.075,0.9,,7800,,
0,2,,0.2,0,0.8,,4700,,
0,1,,0,0.6,0.4,,5800,,
0,1,,0.1,0.662222,0.237778,,8400,,
0,0,,0.495833,0.141667,0.3625,,5300,,
0,2,,0,0.442857,0.557143,,7600,,
0,2,,0.25,0,0.75,,6200,,
0,2,,0.2125,0.223571,0.563929,,7700,,
0,1,,0.1,0.6,0.3,,6000,,
0,0,,0.5,0.2,0.3,,4800,,
0,1,,0,0.5,0.5,,8600,,
0,2,,0.02,0.213846,0.766154,,4500,,
0,2,,0.389091,0.156364,0.454545,,5900,,
0,2,,0.2,0.1,0.7,,6500,,
0,0,,0.623529,0.023529,0.352941,,5700,,
0,1,,0.1,0.6,0.3,,6900,,
0,0,,0.4,0.2,0.4,,3900,,
0,2,,0.0275,0.32,0.6525,,5000,,
0,2,,0.2,0.3,0.5,,4900,,
0,2,,0.298242,0.128571,0.573187,,5600,,
0,0,,0.402041,0.199252,0.398707,,6100,,
0,1,,0.3,0.4,0.3,,6200,,
0,1,,0.05,0.5,0.45,,5900,,
0,2,,0.14,0.08,0.78,,4700,,
0,1,,0.2,0.4,0.4,,6400,,
0,1,,0.366667,0.4,0.233333,,4500,,
0,2,,0,0.45,0.55,,8500,,
0,1,,0.3,0.4,0.3,,6300,,
0,0,,0.453333,0.1,0.446667,,4800,,
0,2,,0.35,0.1,0.55,,6600,,
0,2,,0.236364,0.2,0.563636,,5400,,
0,2,,0.05,0.469643,0.480357,,4000,,
0,0,,0.6,0.1,0.3,,4900,,
0,0,,0.63,0.12,0.25,,7000,,
0,1,,0.116667,0.466667,0.416667,,6900,,
0,0,,0.539394,0.3,0.160606,,5500,,
0,0,,0.566667,0.1125,0.320833,,4600,,
0,0,,0.425,0.30557,0.26943,,5200,,
0,2,,0.25,0.15,0.6,,4500,,
0,2,,0.2,0.214286,0.585714,,6400,,
0,2,,0,0.2,0.8,,6500,,
0,2,,0.290476,0.242857,0.466667,,6400,,
0,1,,0.234483,0.458621,0.306897,,6800,,
0,2,,0.209091,0.125,0.665909,,4900,,
0,2,,0,0.2125,0.7875,,4800,,
0,0,,0.726667,0,0.273333,,4000,,
0,2,,0.01,0.235,0.755,,6900,,
0,2,,0,0.4,0.6,,5900,,
0,0,,0.5,0.2,0.3,,4400,,
0,2,,0.1,0.216667,0.683333,,5400,,
0,1,,0.132754,0.591884,0.275362,,5700,,
0,2,,0.15,0,0.85,,5500,,
0,1,,0.2,0.676623,0.123377,,7700,,
0,2,,0,0.44,0.56,,6500,,
0,2,,0.346591,0.127273,0.526136,,5700,,
0,2,,0,0.4,0.6,,5400,,
0,1,,0.282143,0.4,0.317857,,3100,,
0,1,,0.294286,0.441429,0.264286,,4900,,
0,1,,0,0.54,0.46,,6300,,
0,0,,0.46,0.44,0.1,,4300,,
0,2,,0.2,0.1,0.7,,6100,,
0,2,,0.25,0.266667,0.483333,,5600,,
0,2,,0,0.35,0.65,,4700,,
0,2,,0.1,0.29,0.61,,5500,,
0,2,,0.208333,0.356667,0.435,,5700,,
0,1,,0.291111,0.533333,0.175556,,5300,,
0,2,,0.1,0,0.9,,7600,,
0,1,,0.1,0.7,0.2,,5900,,
0,1,,0.1,0.5,0.4,,4600,,
0,2,,0.275,0.325,0.4,,5700,,
0,0,,0.445833,0.366667,0.1875,,5800,,
0,2,,0.1,0.2,0.7,,4900,,
0,2,,0.075,0.325,0.6,,5500,,
0,2,,0.149048,0.259048,0.591905,,3200,,
0,2,,0.12,0.32,0.56,,5000,,
0,2,,0,0.18,0.82,,4800,,
0,2,,0.1,0.1,0.8,,5800,,
0,2,,0.322222,0,0.677778,,3500,,
0,1,,0.1,0.526667,0.373333,,6100,,
0,2,,0,0,1,,5100,,
0,2,,0.1,0.1,0.8,,5400,,
0,1,,0.32069,0.424138,0.255172,,4400,,
0,2,,0.044444,0.277778,0.677778,,3800,,
0,1,,0.178571,0.464286,0.357143,,5800,,
0,1,,0.2,0.4,0.4,,4700,,
0,1,,0,0.6,0.4,,5500,,
0,2,,0.327744,0.256767,0.415489,,5400,,
0,2,,0.155556,0.411111,0.433333,,4000,,
0,1,,0.295,0.38,0.325,,5600,,
0,2,,0.302222,0.2,0.497778,,6200,,
0,1,,0.1,0.5,0.4,,3300,,
0,1,,0.266667,0.475,0.258333,,5200,,
0,2,,0.2,0.183636,0.616364,,5700,,
0,2,,0.3,0.077778,0.622222,,3900,,
0,1,,0.12,0.526667,0.353333,,5000,,
0,2,,0.066667,0.4,0.533333,,6300,,
0,1,,0,0.5,0.5,,4400,,
0,2,,0.3,0.3,0.4,,4400,,
0,0,,0.54,0.1,0.36,,7900,,
0,1,,0.104444,0.52,0.375556,,6000,,
0,1,,0.116346,0.691346,0.192308,,4100,,
0,0,,0.488333,0.203333,0.308333,,5200,,
0,1,,0.255556,0.522222,0.222222,,5200,,
0,2,,0.05,0.3,0.65,,5100,,
0,1,,0.1,0.45,0.45,,3700,,
0,2,,0.25,0.3,0.45,,4400,,
0,2,,0,0.4,0.6,,3800,,
0,2,,0.3,0.3,0.4,,5100,,
0,2,,0.177778,0.1,0.722222,,5700,,
0,2,,0.1,0.1,0.8,,6900,,
0,2,,0.3,0.1,0.6,,4300,,
0,2,,0.1,0.2,0.7,,4300,,
0,2,,0.333333,0.290476,0.37619,,4000,,
0,2,,0.2,0.3,0.5,,4400,,
0,1,,0.2,0.5,0.3,,5000,,
0,2,,0.333333,0.033333,0.633333,,4400,,
0,1,,0.288571,0.515714,0.195714,,7000,,
0,2,,0,0.4,0.6,,3500,,
0,0,,0.341667,0.341667,0.316667,,5200,,
0,0,,0.6,0.2,0.2,,3200,,
0,2,,0.171429,0.307143,0.521429,,6300,,
0,1,,0.1,0.757143,0.142857,,6200,,
0,2,,0,0.2,0.8,,5100,,
0,2,,0.405556,0.05,0.544444,,4100,,
0,2,,0.1,0.35,0.55,,6000,,
0,1,,0.071429,0.5,0.428571,,4200,,
0,2,,0.1,0.44,0.46,,5300,,
0,1,,0.3,0.5,0.2,,5300,,
0,0,,0.426154,0.307692,0.266154,,4000,,
0,1,,0.227273,0.5,0.272727,,6200,,
0,1,,0.1,0.6,0.3,,5200,,
0,2,,0.026667,0.185833,0.7875,,5700,,
0,0,,0.65,0.2,0.15,,6100,,
0,2,,0.3,0,0.7,,5500,,
0,1,,0.18,0.497778,0.322222,,5800,,
0,1,,0.133333,0.766667,0.1,,4500,,
0,2,,0,0.2,0.8,,5200,,
0,2,,0.133333,0,0.866667,,5000,,
0,2,,0.216667,0.2,0.583333,,5200,,
0,1,,0.26,0.6,0.14,,4900,,
0,2,,0.133333,0.419048,0.447619,,7900,,
0,2,,0.125,0.3725,0.5025,,6000,,
0,2,,0.1,0.4,0.5,,6900,,
0,2,,0.2,0.1,0.7,,6100,,
0,2,,0.2,0.2,0.6,,5700,,
0,2,,0.066667,0.1,0.833333,,4600,,
0,2,,0,0.417073,0.582927,,5300,,
0,2,,0.207692,0.1,0.692308,,5100,,
0,2,,0,0.3,0.7,,5300,,
0,1,,0.029212,0.711515,0.259273,,6900,,
0,2,,0.3,0.325,0.375,,6000,,
0,2,,0.1,0.4,0.5,,3300,,
0,1,,0.2,0.4,0.4,,7000,,
0,2,,0.005263,0.236842,0.757895,,4700,,
0,2,,0.15,0,0.85,,5800,,
0,1,,0.2,0.5,0.3,,5600,,
0,2,,0.301667,0.116667,0.581667,,5700,,
0,1,,0.329855,0.46058,0.209565,,4300,,
0,2,,0.18254,0.161905,0.655556,,13300,,
0,2,,0.330769,0.261538,0.407692,,5900,,
0,2,,0.24,0,0.76,,6500,,
0,1,,0.159441,0.442797,0.397762,,7100,,
0,2,,0,0.4,0.6,,5100,,
0,2,,0.12,0.25,0.63,,8700,,
0,2,,0.009091,0.257955,0.732955,,6300,,
0,2,,0,0.3,0.7,,5200,,
0,2,,0,0.3,0.7,,5300,,
0,2,,0.028571,0.2,0.771429,,4900,,
0,2,,0.3,0.05,0.65,,6100,,
0,2,,0,0.4,0.6,,4200,,
0,2,,0.2,0.125,0.675,,5300,,
0,0,,0.4,0.2,0.4,,4300,,
0,2,,0.1,0.4,0.5,,4700,,
0,2,,0.125,0.1,0.775,,5500,,
0,2,,0.209091,0.3,0.490909,,4300,,
0,0,,0.5,0.1,0.4,,4600,,
0,0,,0.633333,0.366667,0,,5200,,
0,2,,0.114286,0.157143,0.728571,,5600,,
0,0,,0.426667,0.173333,0.4,,4600,,
0,0,,0.52,0.206667,0.273333,,5200,,
0,1,,0.326667,0.533333,0.14,,5800,,
0,1,,0.25,0.4,0.35,,5700,,
0,2,,0.3,0.2,0.5,,4900,,
0,2,,0.023611,0.436111,0.540278,,4800,,
0,2,,0.063333,0.33,0.606667,,5800,,
0,2,,0.3,0.1,0.6,,5200,,
0,2,,0.3,0.3,0.4,,4800,,
0,0,,0.4,0.2,0.4,,5300,,
0,2,,0.142647,0.117647,0.739706,,6800,,
0,2,,0.148438,0.20625,0.645312,,5600,,
0,2,,0.178333,0.253333,0.568333,,5100,,
0,1,,0.2,0.4,0.4,,4400,,
0,2,,0.04,0.05,0.91,,5000,,
0,0,,0.43,0.24,0.33,,4000,,
0,0,,0.725952,0.077143,0.196905,,2900,,
0,1,,0.2,0.5,0.3,,4900,,
0,1,,0.03,0.527778,0.442222,,5400,,
0,2,,0.033333,0.333333,0.633333,,6300,,
0,1,,0.347619,0.415238,0.237143,,3900,,
0,1,,0.1,0.5,0.4,,4900,,
0,2,,0.3,0.2,0.5,,4400,,
0,2,,0.35,0.25,0.4,,5300,,
0,2,,0.4,0,0.6,,5300,,
0,2,,0.1,0.2,0.7,,4500,,
0,1,,0,0.525,0.475,,5000,,
0,1,,0.1,0.516667,0.383333,,5400,,
0,0,,0.528889,0.243111,0.228,,5400,,
0,0,,0.608333,0.3,0.091667,,5100,,
0,2,,0.25,0.3,0.45,,6600,,
0,2,,0.376042,0.025,0.598958,,4200,,
0,2,,0.116667,0.127083,0.75625,,5500,,
0,1,,0.21,0.675714,0.114286,,5200,,
0,2,,0,0.2,0.8,,5100,,
0,2,,0.2,0.1,0.7,,5200,,
0,2,,0.015789,0.126316,0.857895,,5100,,
0,2,,0.356264,0.22,0.423736,,5300,,
0,2,,0.1,0,0.9,,2800,,
0,2,,0.2,0.2,0.6,,4900,,
0,2,,0.3,0.15,0.55,,4200,,
0,2,,0.1,0,0.9,,5200,,
0,2,,0.216667,0.158333,0.625,,5300,,
0,2,,0.044762,0.364048,0.59119,,6200,,
0,2,,0,0,1,,4700,,
0,0,,0.44,0.16,0.4,,5000,,
0,2,,0.1,0.161111,0.738889,,4800,,
0,2,,0.1,0.125,0.775,,5000,,
0,1,,0.015663,0.551807,0.43253,,4600,,
0,2,,0.15,0.2,0.65,,4500,,
0,2,,0.3,0,0.7,,4200,,
0,1,,0.073333,0.566667,0.36,,4600,,
0,2,,0.29569,0.119951,0.58436,,5200,,
0,0,,0.6,0.3,0.1,,5100,,
0,2,,0.140385,0.297436,0.562179,,4600,,
0,2,,0.3,0.1,0.6,,6200,,
0,0,,0.535138,0.023158,0.441704,,4300,,
0,2,,0.204348,0.087578,0.708075,,5600,,
0,1,,0,0.64,0.36,,5300,,
0,2,,0.1,0.19,0.71,,4800,,
0,2,,0.007143,0.342857,0.65,,5900,,
0,2,,0.3,0.2,0.5,,4800,,
0,1,,0.1,0.7,0.2,,5100,,
0,0,,0.395556,0.293333,0.311111,,5200,,
0,2,,0.105714,0,0.894286,,4600,,
0,2,,0.074,0.378,0.548,,5600,,
0,2,,0.014286,0.307143,0.678571,,4500,,
0,2,,0.466667,0.033333,0.5,,3800,,
0,0,,0.5,0.32,0.18,,5500,,
0,1,,0.214286,0.4,0.385714,,4600,,
0,1,,0.133333,0.533333,0.333333,,4700,,
0,1,,0.012195,0.604878,0.382927,,4500,,
0,0,,0.65,0.1,0.25,,4000,,
0,0,,0.5,0.4,0.1,,3200,,
0,2,,0.2,0.1,0.7,,5200,,
0,1,,0.0775,0.7525,0.17,,6100,,
0,2,,0.18,0.159524,0.660476,,4400,,
0,1,,0.04,0.544444,0.415556,,7100,,
0,2,,0.1,0,0.9,,3900,,
0,2,,0.198747,0.203406,0.597848,,5200,,
0,1,,0.389308,0.565409,0.045283,,3800,,
0,2,,0.143422,0.023529,0.833049,,4000,,
0,2,,0.1625,0.025,0.8125,,4700,,
0,0,,0.5,0.2,0.3,,5500,,
0,2,,0.4,0.1,0.5,,3600,,
0,1,,0.1,0.45,0.45,,4500,,
0,2,,0.325,0.233333,0.441667,,4900,,
0,1,,0.373333,0.426667,0.2,,5800,,
0,2,,0,0.2,0.8,,3200,,
0,2,,0.247368,0.1,0.652632,,4100,,
0,2,,0.025,0.183333,0.791667,,5200,,
0,2,,0.333333,0.1,0.566667,,4900,,
0,1,,0.333333,0.38,0.286667,,5800,,
0,2,,0.073333,0.36,0.566667,,3700,,
0,2,,0.289286,0.147619,0.563095,,4100,,
0,0,,0.65,0.1,0.25,,4400,,
0,1,,0.039474,0.717544,0.242982,,6500,,
0,1,,0.314286,0.357143,0.328571,,4100,,
0,2,,0,0.322917,0.677083,,4100,,
0,2,,0.108571,0.328571,0.562857,,3700,,
0,1,,0.15,0.5,0.35,,3400,,
0,2,,0.070223,0.249876,0.679901,,4300,,
0,1,,0,0.5,0.5,,5900,,
0,1,,0.211111,0.511111,0.277778,,4800,,
0,2,,0.254584,0.295455,0.449962,,3800,,
0,2,,0.013636,0.21993,0.766434,,5400,,
0,0,,0.6,0.3,0.1,,5100,,
0,0,,0.55641,0.1,0.34359,,6400,,
0,2,,0.15,0.083333,0.766667,,3200,,
0,0,,0.6,0.2,0.2,,6800,,
0,2,,0.003571,0.310714,0.685714,,6000,,
0,1,,0.114286,0.587143,0.298571,,5400,,
0,2,,0.2,0.1,0.7,,5800,,
0,2,,0.4,0.1,0.5,,5200,,
0,0,,0.452887,0.33732,0.209794,,4100,,
0,2,,0.114286,0.061905,0.82381,,4300,,
0,2,,0.1625,0.2125,0.625,,5300,,
0,0,,0.475,0.05,0.475,,4300,,
0,0,,0.511905,0.066667,0.421429,,3900,,
0,2,,0,0.121053,0.878947,,5500,,
0,0,,0.533333,0.466667,0,,4500,,
0,2,,0.3,0.2,0.5,,3700,,
0,2,,0.34,0,0.66,,4900,,
0,0,,0.45,0.35,0.2,,5600,,
0,2,,0.1,0.166667,0.733333,,5500,,
0,1,,0.105263,0.569474,0.325263,,6600,,
0,2,,0,0.2,0.8,,6500,,
0,2,,0.106667,0.24,0.653333,,5400,,
0,2,,0.26,0,0.74,,3000,,
0,2,,0.154167,0.4,0.445833,,4200,,
0,2,,0.333333,0.1,0.566667,,5300,,
0,2,,0,0.1,0.9,,3800,,
0,2,,0,0.233333,0.766667,,4000,,
0,2,,0.103226,0.269032,0.627742,,6300,,
0,1,,0.007143,0.546429,0.446429,,4000,,
0,1,,0.2,0.4,0.4,,3900,,
0,2,,0.4,0.1,0.5,,4900,,
0,2,,0.1,0,0.9,,3800,,
0,2,,0.375177,0.242553,0.38227,,4700,,
0,1,,0.1,0.855,0.045,,6400,,
0,1,,0.2,0.6,0.2,,3400,,
0,2,,0.016667,0.016667,0.966667,,6100,,
0,1,,0.35,0.475,0.175,,4000,,
0,2,,0.254545,0.2,0.545455,,3700,,
0,1,,0.263782,0.584561,0.151657,,3500,,
0,0,,0.4,0.3,0.3,,4100,,
0,0,,0.511111,0.322222,0.166667,,4300,,
0,1,,0.015385,0.588718,0.395897,,5300,,
0,1,,0.3,0.42,0.28,,6200,,
0,1,,0.356667,0.395,0.248333,,5200,,
0,2,,0.37,0.255,0.375,,6400,,
0,0,,0.68,0,0.32,,4200,,
0,2,,0.278814,0.165254,0.555932,,3300,,
0,2,,0.1,0,0.9,,4000,,
0,2,,0.227273,0.309091,0.463636,,5100,,
0,2,,0.1,0.4,0.5,,5200,,
0,1,,0,0.7,0.3,,4000,,
0,2,,0.175,0.1,0.725,,5200,,
0,1,,0.2,0.7,0.1,,4800,,
0,2,,0.1,0.1,0.8,,3900,,
0,2,,0.040909,0.013636,0.945455,,4200,,
0,2,,0.358333,0.1,0.541667,,5500,,
0,2,,0.033333,0.2,0.766667,,4300,,
0,2,,0.1,0.011111,0.888889,,4500,,
0,1,,0.315476,0.414286,0.270238,,6000,,
0,0,,0.433333,0.216667,0.35,,4500,,
0,0,,0.477778,0.322222,0.2,,5400,,
0,2,,0,0.414286,0.585714,,5800,,
0,0,,0.5,0.5,0,,3900,,
0,0,,0.421429,0.335714,0.242857,,3800,,
0,1,,0.366667,0.441176,0.192157,,4500,,
0,2,,0.344444,0.05,0.605556,,4100,,
0,2,,0.139286,0.114286,0.746429,,4800,,
0,1,,0.207692,0.415385,0.376923,,5100,,
0,2,,0.1,0.2,0.7,,2600,,
0,2,,0,0.066667,0.933333,,13300,,
0,1,,0.0325,0.8175,0.15,,7400,,
0,2,,0.12,0.36,0.52,,4100,,
0,1,,0.231818,0.551515,0.216667,,4400,,
0,2,,0.155556,0,0.844444,,3600,,
0,2,,0.1,0.2,0.7,,3700,,
0,0,,0.445,0.355,0.2,,4800,,
0,1,,0.166494,0.419091,0.414416,,7300,,
0,2,,0.15,0.233333,0.616667,,6400,,
0,2,,0.2,0.3,0.5,,4400,,
0,2,,0.039286,0.147619,0.813095,,6100,,
0,0,,0.483333,0.033333,0.483333,,6300,,
0,1,,0.2,0.435,0.365,,5900,,
0,2,,0.2,0.02,0.78,,4300,,
0,1,,0.325,0.5,0.175,,5100,,
0,2,,0,0.1,0.9,,4400,,
0,2,,0,0,1,,4800,,
0,2,,0.2,0.2,0.6,,6300,,
0,2,,0.1,0.109524,0.790476,,6600,,
0,2,,0.2,0.3,0.5,,4700,,
0,2,,0.35,0.171429,0.478571,,5300,,
0,2,,0.2,0.3,0.5,,5200,,
0,2,,0.353333,0,0.646667,,4500,,
0,0,,0.4,0.27,0.33,,4000,,
0,0,,0.49188,0.144872,0.363248,,5500,,
0,0,,0.355128,0.355128,0.289744,,5700,,
0,0,,0.413514,0.221622,0.364865,,4600,,
0,2,,0.1,0.112987,0.787013,,5400,,
0,2,,0,0.2,0.8,,5700,,
0,2,,0.105263,0.1,0.794737,,6000,,
0,2,,0,0.207692,0.792308,,4400,,
0,1,,0.274667,0.374222,0.351111,,6700,,
0,0,,0.608333,0.381667,0.01,,4100,,
0,2,,0,0.422727,0.577273,,5400,,
0,2,,0.226923,0.2,0.573077,,6800,,
0,0,,0.5,0.3,0.2,,4700,,
0,2,,0.1,0.2,0.7,,5300,,
0,0,,0.585714,0.314286,0.1,,4500,,
0,0,,0.5,0.2,0.3,,4300,,
0,0,,0.5,0.266667,0.233333,,3600,,
0,2,,0.225,0.1,0.675,,4600,,
0,2,,0.2,0.2625,0.5375,,4600,,
0,2,,0.313333,0.296667,0.39,,5700,,
0,0,,0.48,0.12,0.4,,5400,,
0,1,,0.342456,0.441228,0.216316,,6200,,
0,1,,0.175,0.6,0.225,,5600,,
0,0,,0.425,0.225,0.35,,5400,,
0,2,,0.1,0.3,0.6,,6300,,
0,1,,0.1,0.6,0.3,,4000,,
0,0,,0.641667,0.245833,0.1125,,6500,,
0,1,,0.1,0.5,0.4,,6200,,
0,2,,0.10625,0.302083,0.591667,,6100,,
0,1,,0.346667,0.433333,0.22,,5200,,
0,2,,0.425,0,0.575,,4900,,
0,2,,0.408333,0.108333,0.483333,,4300,,
0,2,,0.118667,0.114667,0.766667,,4300,,
0,2,,0.4,0.1,0.5,,4000,,
0,2,,0,0.278571,0.721429,,6400,,
0,1,,0.108824,0.635131,0.256046,,6800,,
0,2,,0.301515,0.266667,0.431818,,4000,,
0,0,,0.569643,0.180357,0.25,,3400,,
0,2,,0.15,0.114286,0.735714,,4500,,
0,2,,0.263158,0.2,0.536842,,4100,,
0,2,,0.233333,0.15,0.616667,,5500,,
0,2,,0.0625,0.14,0.7975,,6500,,
0,1,,0.343333,0.526667,0.13,,3700,,
0,2,,0.175,0.033333,0.791667,,4500,,
0,0,,0.421429,0.378571,0.2,,5300,,
0,1,,0.2,0.4,0.4,,4900,,
0,2,,0.3,0.03,0.67,,5500,,
0,0,,0.45,0.4,0.15,,5600,,
0,2,,0.1,0.3,0.6,,7100,,
0,2,,0.013333,0.2,0.786667,,6800,,
0,2,,0.322222,0.244444,0.433333,,2900,,
0,2,,0.180952,0.214286,0.604762,,2800,,
0,2,,0.25,0.1,0.65,,5400,,
0,2,,0.256667,0.153333,0.59,,4300,,
0,1,,0.3,0.4,0.3,,5300,,
0,1,,0.2,0.6,0.2,,7100,,
0,0,,0.5,0.3,0.2,,3600,,
0,2,,0.314957,0.335256,0.349786,,5300,,
0,2,,0.246396,0.110811,0.642793,,4600,,
0,0,,0.8,0,0.2,,4400,,
0,1,,0,0.6,0.4,,5500,,
0,2,,0.1,0.4,0.5,,4200,,
0,1,,0.125,0.655303,0.219697,,5700,,
0,1,,0.1,0.7,0.2,,5900,,
0,1,,0.211111,0.4,0.388889,,4300,,
0,2,,0.15,0.35,0.5,,6100,,
0,2,,0.3,0.3,0.4,,5200,,
0,2,,0.060526,0.25,0.689474,,5000,,
0,1,,0.3,0.4,0.3,,3500,,
0,2,,0.35,0.1,0.55,,5300,,
0,2,,0.239706,0.317087,0.443207,,4200,,
0,2,,0,0.35,0.65,,5600,,
0,2,,0.114286,0.04,0.845714,,4600,,
0,1,,0.1,0.6,0.3,,3800,,
0,0,,0.4,0.2,0.4,,3700,,
0,2,,0.2,0.1,0.7,,5500,,
0,2,,0.1,0.341667,0.558333,,6000,,
0,2,,0.27,0.036667,0.693333,,4700,,
0,2,,0.4,0.1,0.5,,4200,,
0,2,,0.1,0,0.9,,4500,,
0,1,,0,0.9,0.1,,6400,,
0,2,,0.25,0.35,0.4,,3800,,
0,0,,0.4,0.2,0.4,,4600,,
0,2,,0.1,0.1125,0.7875,,5000,,
0,2,,0.35,0.16,0.49,,4600,,
0,1,,0.1,0.696667,0.203333,,5400,,
0,2,,0.268182,0.223485,0.508333,,7000,,
0,1,,0.109524,0.541429,0.349048,,6000,,
0,1,,0.2375,0.45,0.3125,,6500,,
0,2,,0.22,0.266667,0.513333,,2800,,
0,2,,0.1,0.25,0.65,,4500,,
0,2,,0.03,0.01,0.96,,5400,,
0,0,,0.38,0.24,0.38,,4700,,
0,2,,0.2,0.2,0.6,,5400,,
0,2,,0.291429,0.114286,0.594286,,5600,,
0,2,,0.2,0.242857,0.557143,,5100,,
0,0,,0.666667,0.3,0.033333,,3600,,
0,0,,0.486667,0.1,0.413333,,5400,,
0,0,,0.5,0,0.5,,3500,,
0,2,,0.3,0.1,0.6,,5200,,
0,1,,0.2,0.5,0.3,,4500,,
0,0,,0.4,0.4,0.2,,3500,,
0,2,,0.1,0.2,0.7,,3400,,
0,1,,0.230526,0.476842,0.292632,,5300,,
0,2,,0.4,0.1,0.5,,5700,,
0,1,,0.1,0.7,0.2,,6200,,
0,0,,0.606667,0.2,0.193333,,3400,,
0,1,,0.212222,0.689855,0.097923,,5500,,
0,2,,0.147619,0.3,0.552381,,4100,,
0,2,,0,0.2,0.8,,4700,,
0,1,,0.42381,0.428571,0.147619,,5100,,
0,1,,0.14,0.52,0.34,,5000,,
0,2,,0.421635,0.123077,0.455288,,3700,,
0,1,,0.133333,0.608333,0.258333,,6600,,
0,0,,0.480952,0.114286,0.404762,,4900,,
0,2,,0.116667,0.26,0.623333,,5400,,
