semeion,Tuned_CWT,test,3,NANOSECONDS,PREDICTIONS, Generated by ClassifierExperiments.java on 2022-05-16 00:14:14.    SYSTEMPROPERTIES:{user.name:matth,os.arch:amd64,os.name:Windows 10},ENDSYSTEMPROPERTIES
No parameter info
0.7770897832817337,4622162800,3883593700,-1,195326648,10,,-1,-1
0,0,,0.727764,0.014522,0.037295,0.000629,0.073151,0.002694,0.012137,0.005803,0.083596,0.04241,,11653800,,
0,0,,0.727764,0.014522,0.037295,0.000629,0.073151,0.002694,0.012137,0.005803,0.083596,0.04241,,11177300,,
0,0,,0.727764,0.014522,0.037295,0.000629,0.073151,0.002694,0.012137,0.005803,0.083596,0.04241,,11075100,,
0,7,,0.012481,0.076867,0.062202,0.09342,0.055723,0.181255,0.012868,0.280142,0.040542,0.1845,,11572800,,
0,6,,0.140728,0.042408,0.099013,0.01477,0.188128,0.067613,0.26361,0.032216,0.139585,0.011929,,11312100,,
0,0,,0.727764,0.014522,0.037295,0.000629,0.073151,0.002694,0.012137,0.005803,0.083596,0.04241,,11193700,,
0,0,,0.727764,0.014522,0.037295,0.000629,0.073151,0.002694,0.012137,0.005803,0.083596,0.04241,,11365700,,
0,0,,0.580531,0.012183,0.02574,0.014405,0.091387,0.10525,0.00257,0.014045,0.019508,0.134381,,11170100,,
0,0,,0.727764,0.014522,0.037295,0.000629,0.073151,0.002694,0.012137,0.005803,0.083596,0.04241,,11371200,,
0,6,,0.030728,0.042408,0.099013,0.01477,0.128128,0.017613,0.48361,0.032216,0.139585,0.011929,,11438900,,
0,0,,0.727764,0.014522,0.037295,0.000629,0.073151,0.002694,0.012137,0.005803,0.083596,0.04241,,11199900,,
0,0,,0.727764,0.014522,0.037295,0.000629,0.073151,0.002694,0.012137,0.005803,0.083596,0.04241,,11561200,,
0,0,,0.727764,0.014522,0.037295,0.000629,0.073151,0.002694,0.012137,0.005803,0.083596,0.04241,,11448400,,
0,0,,0.532776,0.010998,0.02744,0.016144,0.13368,0.106989,0.004309,0.02448,0.01773,0.125454,,12016600,,
0,9,,0.012481,0.077762,0.073844,0.097898,0.059305,0.199166,0.012868,0.085515,0.048602,0.332559,,11417400,,
0,0,,0.393567,0.036999,0.092434,0.013999,0.06203,0.015298,0.166399,0.023599,0.178093,0.017581,,11123400,,
0,0,,0.727764,0.014522,0.037295,0.000629,0.073151,0.002694,0.012137,0.005803,0.083596,0.04241,,11068100,,
0,0,,0.727764,0.014522,0.037295,0.000629,0.073151,0.002694,0.012137,0.005803,0.083596,0.04241,,11385000,,
0,0,,0.727764,0.014522,0.037295,0.000629,0.073151,0.002694,0.012137,0.005803,0.083596,0.04241,,11122700,,
0,0,,0.727764,0.014522,0.037295,0.000629,0.073151,0.002694,0.012137,0.005803,0.083596,0.04241,,11395200,,
0,0,,0.727764,0.014522,0.037295,0.000629,0.073151,0.002694,0.012137,0.005803,0.083596,0.04241,,11469200,,
0,0,,0.727764,0.014522,0.037295,0.000629,0.073151,0.002694,0.012137,0.005803,0.083596,0.04241,,11258900,,
0,0,,0.707764,0.014522,0.037295,0.000629,0.093151,0.002694,0.012137,0.005803,0.083596,0.04241,,11873400,,
0,0,,0.727764,0.014522,0.037295,0.000629,0.073151,0.002694,0.012137,0.005803,0.083596,0.04241,,12191200,,
0,0,,0.727764,0.014522,0.037295,0.000629,0.073151,0.002694,0.012137,0.005803,0.083596,0.04241,,11717300,,
0,0,,0.727764,0.014522,0.037295,0.000629,0.073151,0.002694,0.012137,0.005803,0.083596,0.04241,,11803600,,
0,0,,0.580531,0.012183,0.02574,0.014405,0.091387,0.10525,0.00257,0.014045,0.019508,0.134381,,12038500,,
0,0,,0.393567,0.036999,0.092434,0.013999,0.06203,0.015298,0.166399,0.023599,0.178093,0.017581,,13001600,,
0,0,,0.727764,0.014522,0.037295,0.000629,0.073151,0.002694,0.012137,0.005803,0.083596,0.04241,,12322900,,
0,0,,0.727764,0.014522,0.037295,0.000629,0.073151,0.002694,0.012137,0.005803,0.083596,0.04241,,12066000,,
0,0,,0.727764,0.014522,0.037295,0.000629,0.073151,0.002694,0.012137,0.005803,0.083596,0.04241,,12578900,,
0,0,,0.360531,0.012183,0.16574,0.014405,0.091387,0.10525,0.00257,0.014045,0.019508,0.214381,,13662100,,
0,0,,0.727764,0.014522,0.037295,0.000629,0.073151,0.002694,0.012137,0.005803,0.083596,0.04241,,13839600,,
1,7,,0.002546,0.190213,0.086209,0.106162,0.062154,0.099542,0.014627,0.314608,0.041433,0.082504,,13583600,,
1,1,,0.004675,0.358923,0.180078,0.096758,0.033715,0.079254,0.036627,0.081326,0.055377,0.073266,,13939600,,
1,1,,0.0024,0.360272,0.067154,0.121154,0.031135,0.116698,0.01317,0.095881,0.041097,0.151039,,13145600,,
1,7,,0.003506,0.145429,0.079323,0.120804,0.095078,0.118274,0.013316,0.256699,0.06216,0.105411,,12921800,,
1,1,,0.002546,0.385378,0.071209,0.106922,0.032433,0.096542,0.014627,0.166406,0.041433,0.082504,,12121100,,
1,1,,0.006124,0.31004,0.072899,0.231031,0.02819,0.106478,0.014412,0.095419,0.0456,0.089807,,12020600,,
1,7,,0.005781,0.104203,0.086028,0.104108,0.036219,0.105947,0.036773,0.336955,0.096105,0.087881,,11965200,,
1,1,,0.003506,0.305429,0.079323,0.120804,0.035078,0.118274,0.013316,0.156699,0.06216,0.105411,,12675200,,
1,1,,0.002546,0.385378,0.071209,0.106922,0.032433,0.096542,0.014627,0.166406,0.041433,0.082504,,11368900,,
1,1,,0.0024,0.34015,0.173373,0.113454,0.032574,0.091581,0.01317,0.10107,0.041433,0.090796,,11618500,,
1,1,,0.002546,0.350213,0.086209,0.106162,0.042154,0.099542,0.014627,0.174608,0.041433,0.082504,,11266900,,
1,1,,0.004821,0.382862,0.07979,0.093216,0.036921,0.084215,0.038084,0.152239,0.057253,0.070599,,11108300,,
1,7,,0.005781,0.104203,0.086028,0.104108,0.036219,0.105947,0.036773,0.296955,0.136105,0.087881,,11966000,,
1,1,,0.002546,0.350213,0.086209,0.106162,0.042154,0.099542,0.014627,0.174608,0.041433,0.082504,,11499300,,
1,1,,0.0024,0.34015,0.173373,0.113454,0.032574,0.091581,0.01317,0.10107,0.041433,0.090796,,12381400,,
1,1,,0.002546,0.385378,0.071209,0.106922,0.032433,0.096542,0.014627,0.166406,0.041433,0.082504,,12039900,,
1,1,,0.0024,0.361439,0.171498,0.110464,0.029227,0.091581,0.01317,0.095492,0.039558,0.085171,,12351300,,
1,1,,0.166958,0.276475,0.078187,0.013281,0.148619,0.016693,0.09534,0.032212,0.149507,0.022728,,12079700,,
1,1,,0.0024,0.34015,0.173373,0.113454,0.032574,0.091581,0.01317,0.10107,0.041433,0.090796,,12706100,,
1,1,,0.164683,0.278991,0.069606,0.026986,0.144131,0.02902,0.071883,0.046379,0.133688,0.034633,,15714500,,
1,1,,0.021844,0.263111,0.07806,0.030748,0.213576,0.031335,0.169094,0.060573,0.097054,0.034606,,12774500,,
1,1,,0.0024,0.361439,0.171498,0.110464,0.029227,0.091581,0.01317,0.095492,0.039558,0.085171,,12998300,,
1,8,,0.002546,0.172213,0.071209,0.106162,0.110154,0.096542,0.014627,0.162608,0.181433,0.082504,,12037100,,
1,1,,0.004675,0.358923,0.180078,0.096758,0.033715,0.079254,0.036627,0.081326,0.055377,0.073266,,12330400,,
1,1,,0.0024,0.361439,0.171498,0.110464,0.029227,0.091581,0.01317,0.095492,0.039558,0.085171,,12865400,,
1,1,,0.0024,0.360272,0.067154,0.121154,0.031135,0.116698,0.01317,0.095881,0.041097,0.151039,,12232300,,
1,4,,0.024119,0.061884,0.124766,0.014052,0.314717,0.019008,0.19255,0.100829,0.110999,0.037076,,12356200,,
1,1,,0.028453,0.264924,0.090432,0.028476,0.12364,0.02994,0.240153,0.046382,0.123765,0.023834,,12244700,,
1,1,,0.003506,0.305429,0.079323,0.120804,0.035078,0.118274,0.013316,0.156699,0.06216,0.105411,,12793600,,
1,1,,0.003506,0.305429,0.079323,0.120804,0.035078,0.118274,0.013316,0.156699,0.06216,0.105411,,12377000,,
1,1,,0.002546,0.385378,0.071209,0.106922,0.032433,0.096542,0.014627,0.166406,0.041433,0.082504,,13034600,,
1,1,,0.002546,0.385378,0.071209,0.106922,0.032433,0.096542,0.014627,0.166406,0.041433,0.082504,,13395600,,
1,1,,0.002546,0.385378,0.071209,0.106922,0.032433,0.096542,0.014627,0.166406,0.041433,0.082504,,12466500,,
2,1,,0.0024,0.32015,0.173373,0.113454,0.032574,0.091581,0.01317,0.12107,0.041433,0.090796,,13085500,,
2,2,,0.006124,0.09004,0.292899,0.231031,0.02819,0.106478,0.014412,0.095419,0.0456,0.089807,,13108600,,
2,8,,0.005781,0.104203,0.086028,0.104108,0.036219,0.105947,0.056773,0.136955,0.236105,0.127881,,11635800,,
2,2,,0.005781,0.104203,0.306028,0.104108,0.036219,0.105947,0.036773,0.136955,0.076105,0.087881,,11440600,,
2,2,,0.030728,0.042408,0.316086,0.016234,0.128128,0.017613,0.26361,0.032216,0.141048,0.011929,,11306800,,
2,1,,0.0024,0.201439,0.171498,0.170464,0.029227,0.091581,0.01317,0.195492,0.039558,0.085171,,11597100,,
2,1,,0.0024,0.26015,0.173373,0.113454,0.092574,0.091581,0.01317,0.12107,0.041433,0.090796,,11296100,,
2,2,,0.0024,0.168275,0.371498,0.109704,0.026949,0.091581,0.01317,0.091695,0.039558,0.085171,,11173900,,
2,5,,0.012481,0.076867,0.062202,0.09342,0.150723,0.266255,0.012868,0.120142,0.040542,0.1645,,11436600,,
2,1,,0.0024,0.34015,0.173373,0.113454,0.032574,0.091581,0.01317,0.10107,0.041433,0.090796,,11157100,,
2,2,,0.0024,0.158275,0.361498,0.109704,0.026949,0.091581,0.01317,0.101695,0.039558,0.095171,,11604500,,
2,1,,0.0024,0.32015,0.173373,0.113454,0.032574,0.091581,0.01317,0.12107,0.041433,0.090796,,11937300,,
2,2,,0.030728,0.042408,0.316086,0.016234,0.128128,0.017613,0.26361,0.032216,0.141048,0.011929,,11110600,,
2,2,,0.0024,0.14917,0.343139,0.114182,0.030531,0.109492,0.01317,0.097068,0.047617,0.09323,,11581100,,
2,7,,0.003506,0.145429,0.139323,0.120804,0.035078,0.118274,0.013316,0.236699,0.06216,0.125411,,11450800,,
2,2,,0.005781,0.104203,0.306028,0.104108,0.036219,0.105947,0.036773,0.136955,0.076105,0.087881,,12848000,,
2,8,,0.012481,0.076867,0.062202,0.09342,0.095723,0.181255,0.012868,0.080142,0.220542,0.1645,,11192100,,
2,2,,0.0024,0.148275,0.391498,0.109704,0.026949,0.091581,0.01317,0.091695,0.039558,0.085171,,11175300,,
2,2,,0.004675,0.138923,0.400078,0.096758,0.033715,0.079254,0.036627,0.081326,0.055377,0.073266,,11458700,,
2,2,,0.030728,0.042408,0.316086,0.016234,0.128128,0.017613,0.26361,0.032216,0.141048,0.011929,,11171200,,
2,2,,0.030728,0.042408,0.319013,0.01477,0.128128,0.017613,0.26361,0.032216,0.139585,0.011929,,11484500,,
2,7,,0.003506,0.113554,0.077448,0.117054,0.029453,0.118274,0.013316,0.367324,0.060285,0.099786,,11445300,,
2,2,,0.004675,0.138923,0.400078,0.096758,0.033715,0.079254,0.036627,0.081326,0.055377,0.073266,,11050800,,
2,2,,0.004675,0.138923,0.397152,0.098222,0.033715,0.079254,0.036627,0.081326,0.056841,0.073266,,12208600,,
2,6,,0.030728,0.042408,0.152346,0.01477,0.168128,0.017613,0.336943,0.085549,0.139585,0.011929,,11472700,,
2,6,,0.028453,0.052655,0.182074,0.072194,0.124944,0.04785,0.240153,0.047958,0.171825,0.031894,,12233900,,
2,7,,0.0024,0.148275,0.171498,0.109704,0.026949,0.091581,0.01317,0.311695,0.039558,0.085171,,11881400,,
2,2,,0.0024,0.148275,0.391498,0.109704,0.026949,0.091581,0.01317,0.091695,0.039558,0.085171,,11278200,,
2,7,,0.003506,0.11445,0.169089,0.121531,0.073035,0.136184,0.013316,0.172697,0.068345,0.127846,,11621900,,
2,8,,0.030728,0.062408,0.099013,0.01477,0.128128,0.017613,0.26361,0.052216,0.319585,0.011929,,12176300,,
2,2,,0.0024,0.14917,0.263139,0.114182,0.030531,0.109492,0.01317,0.177068,0.047617,0.09323,,12115900,,
2,9,,0.0024,0.18015,0.173373,0.113454,0.032574,0.091581,0.01317,0.14107,0.041433,0.210796,,11546900,,
3,9,,0.006124,0.09004,0.072899,0.231031,0.096761,0.106478,0.014412,0.095419,0.0456,0.241236,,11516500,,
3,3,,0.006124,0.09004,0.072899,0.451031,0.02819,0.106478,0.014412,0.095419,0.0456,0.089807,,12206200,,
3,3,,0.006124,0.09004,0.072899,0.451031,0.02819,0.106478,0.014412,0.095419,0.0456,0.089807,,11670300,,
3,3,,0.006124,0.09004,0.072899,0.451031,0.02819,0.106478,0.014412,0.095419,0.0456,0.089807,,11522800,,
3,3,,0.006124,0.09004,0.072899,0.451031,0.02819,0.106478,0.014412,0.095419,0.0456,0.089807,,11497300,,
3,3,,0.006124,0.09004,0.072899,0.451031,0.02819,0.106478,0.014412,0.095419,0.0456,0.089807,,11226100,,
3,3,,0.006124,0.09004,0.072899,0.451031,0.02819,0.106478,0.014412,0.095419,0.0456,0.089807,,11902800,,
3,3,,0.0024,0.140272,0.067154,0.271154,0.031135,0.126698,0.01317,0.095881,0.041097,0.211039,,11508900,,
3,9,,0.012481,0.106867,0.092202,0.09342,0.055723,0.181255,0.012868,0.110142,0.040542,0.2945,,11680800,,
3,9,,0.0024,0.140272,0.067154,0.211154,0.031135,0.146698,0.01317,0.095881,0.041097,0.251039,,11533600,,
3,3,,0.006124,0.09004,0.072899,0.451031,0.02819,0.106478,0.014412,0.095419,0.0456,0.089807,,11836500,,
3,9,,0.0024,0.140272,0.067154,0.122266,0.031135,0.116698,0.01317,0.095881,0.041097,0.369928,,11554200,,
3,3,,0.014756,0.067515,0.098783,0.224474,0.06249,0.212928,0.040325,0.069773,0.056362,0.152594,,11244100,,
3,3,,0.006124,0.09004,0.072899,0.451031,0.02819,0.106478,0.014412,0.095419,0.0456,0.089807,,11485700,,
3,3,,0.006124,0.09004,0.072899,0.451031,0.02819,0.106478,0.014412,0.095419,0.0456,0.089807,,11391500,,
3,3,,0.0024,0.140272,0.067154,0.291154,0.031135,0.126698,0.01317,0.095881,0.041097,0.191039,,11339800,,
3,3,,0.006124,0.09004,0.072899,0.451031,0.02819,0.106478,0.014412,0.095419,0.0456,0.089807,,11577500,,
3,3,,0.006124,0.09004,0.072899,0.451031,0.02819,0.106478,0.014412,0.095419,0.0456,0.089807,,11495400,,
3,3,,0.006124,0.09004,0.072899,0.451031,0.02819,0.106478,0.014412,0.095419,0.0456,0.089807,,11632900,,
3,3,,0.006124,0.09004,0.072899,0.451031,0.02819,0.106478,0.014412,0.095419,0.0456,0.089807,,11970200,,
3,3,,0.006124,0.09004,0.072899,0.451031,0.02819,0.106478,0.014412,0.095419,0.0456,0.089807,,11210600,,
3,2,,0.0024,0.188275,0.351498,0.109704,0.026949,0.091581,0.01317,0.091695,0.039558,0.085171,,11554000,,
3,3,,0.006124,0.09004,0.072899,0.451031,0.02819,0.106478,0.014412,0.095419,0.0456,0.089807,,11547400,,
3,3,,0.008399,0.080688,0.10948,0.282085,0.034956,0.218151,0.041868,0.08505,0.06142,0.077902,,11179500,,
3,3,,0.006124,0.09004,0.072899,0.451031,0.02819,0.106478,0.014412,0.095419,0.0456,0.089807,,12561600,,
3,3,,0.006124,0.09004,0.072899,0.451031,0.02819,0.106478,0.014412,0.095419,0.0456,0.089807,,11145700,,
3,3,,0.006124,0.09004,0.072899,0.451031,0.02819,0.106478,0.014412,0.095419,0.0456,0.089807,,11370700,,
3,4,,0.303801,0.047685,0.042686,0.039777,0.32741,0.044008,0.004757,0.091662,0.037473,0.060741,,12047300,,
3,3,,0.006124,0.09004,0.072899,0.231031,0.08019,0.178478,0.014412,0.191419,0.0456,0.089807,,11565700,,
3,3,,0.003191,0.109145,0.076564,0.335194,0.028823,0.110715,0.013316,0.175264,0.053671,0.094117,,12246500,,
3,3,,0.006124,0.09004,0.072899,0.451031,0.02819,0.106478,0.014412,0.095419,0.0456,0.089807,,11450600,,
3,3,,0.012481,0.076867,0.062202,0.31342,0.055723,0.181255,0.012868,0.080142,0.040542,0.1645,,12092000,,
4,4,,0.002546,0.172213,0.071209,0.106162,0.210154,0.096542,0.014627,0.162608,0.081433,0.082504,,11314000,,
4,4,,0.024119,0.061884,0.124766,0.014052,0.334717,0.019008,0.19255,0.100829,0.110999,0.017076,,11176700,,
4,4,,0.024119,0.061884,0.084766,0.014052,0.434717,0.019008,0.19255,0.040829,0.110999,0.017076,,12113800,,
4,4,,0.012481,0.076867,0.062202,0.09342,0.270723,0.186255,0.012868,0.080142,0.040542,0.1645,,12048200,,
4,4,,0.012481,0.076867,0.062202,0.09342,0.235723,0.181255,0.012868,0.080142,0.040542,0.2045,,11874300,,
4,4,,0.021844,0.2244,0.076185,0.027758,0.270229,0.031335,0.169094,0.054996,0.095179,0.028981,,11757600,,
4,0,,0.317169,0.018746,0.145574,0.00314,0.181542,0.006747,0.111087,0.064854,0.04331,0.10783,,14284100,,
4,0,,0.667764,0.014522,0.037295,0.000629,0.133151,0.002694,0.012137,0.005803,0.083596,0.04241,,11286600,,
4,4,,0.024119,0.061884,0.084766,0.014052,0.434717,0.019008,0.19255,0.040829,0.110999,0.017076,,11428500,,
4,4,,0.312776,0.010998,0.02744,0.016144,0.35368,0.106989,0.004309,0.02448,0.01773,0.125454,,11778400,,
4,5,,0.012481,0.076867,0.062202,0.09342,0.210723,0.246255,0.012868,0.080142,0.040542,0.1645,,11158600,,
4,1,,0.024119,0.241884,0.084766,0.014052,0.214717,0.019008,0.19255,0.040829,0.150999,0.017076,,11661900,,
4,4,,0.044119,0.081884,0.084766,0.014052,0.394717,0.019008,0.19255,0.040829,0.110999,0.017076,,11379400,,
4,1,,0.021844,0.291236,0.076185,0.026998,0.207951,0.031335,0.169094,0.051198,0.095179,0.028981,,11419500,,
4,0,,0.500531,0.012183,0.02574,0.014405,0.171387,0.10525,0.00257,0.014045,0.019508,0.134381,,13258800,,
4,4,,0.023222,0.068434,0.091956,0.031629,0.291067,0.049244,0.185024,0.11549,0.108123,0.03581,,11284100,,
4,4,,0.024119,0.061884,0.084766,0.014052,0.434717,0.019008,0.19255,0.040829,0.110999,0.017076,,11935000,,
4,4,,0.02935,0.046105,0.094883,0.014617,0.368594,0.017614,0.24768,0.033297,0.134701,0.01316,,11467000,,
4,4,,0.024119,0.061884,0.084766,0.014052,0.434717,0.019008,0.19255,0.040829,0.110999,0.017076,,11251200,,
4,4,,0.095513,0.029335,0.050431,0.01564,0.407593,0.004836,0.109176,0.099854,0.037578,0.150043,,12110500,,
4,4,,0.012481,0.076867,0.062202,0.09342,0.275723,0.181255,0.012868,0.080142,0.040542,0.1645,,12955000,,
4,4,,0.021844,0.072131,0.087826,0.031476,0.311533,0.049245,0.169094,0.076571,0.103239,0.077041,,12053500,,
4,4,,0.021844,0.071236,0.076185,0.026998,0.402951,0.036335,0.169094,0.071198,0.095179,0.028981,,12246800,,
4,4,,0.024119,0.061884,0.119766,0.041552,0.214717,0.094008,0.20755,0.108329,0.110999,0.017076,,12183100,,
4,4,,0.024119,0.061884,0.084766,0.014052,0.434717,0.019008,0.19255,0.040829,0.110999,0.017076,,11294200,,
4,4,,0.024119,0.061884,0.084766,0.014052,0.434717,0.019008,0.19255,0.040829,0.110999,0.017076,,12041700,,
4,1,,0.0024,0.246275,0.226498,0.109704,0.038949,0.134581,0.01317,0.103695,0.039558,0.085171,,11244500,,
4,4,,0.021844,0.072131,0.087826,0.031476,0.371533,0.049245,0.169094,0.056571,0.103239,0.037041,,12960600,,
4,9,,0.012481,0.076867,0.062202,0.09342,0.175723,0.181255,0.012868,0.080142,0.040542,0.2645,,12890000,,
4,4,,0.024119,0.061884,0.084766,0.014052,0.334717,0.019008,0.19255,0.140829,0.110999,0.017076,,13068200,,
4,4,,0.317169,0.018746,0.045574,0.00314,0.401542,0.006747,0.111087,0.024854,0.04331,0.02783,,12051300,,
4,4,,0.024119,0.061884,0.084766,0.014052,0.434717,0.019008,0.19255,0.040829,0.110999,0.017076,,12314900,,
4,4,,0.024119,0.061884,0.084766,0.014052,0.434717,0.019008,0.19255,0.040829,0.110999,0.017076,,16629900,,
5,5,,0.012481,0.076867,0.062202,0.09342,0.056568,0.39872,0.013713,0.080142,0.041387,0.1645,,12532900,,
5,5,,0.006124,0.09004,0.072899,0.231031,0.04819,0.300478,0.014412,0.095419,0.0456,0.095807,,13725800,,
5,5,,0.012481,0.076867,0.062202,0.09342,0.056568,0.39872,0.013713,0.080142,0.041387,0.1645,,12534100,,
5,5,,0.005781,0.104203,0.086028,0.104108,0.036219,0.261947,0.068773,0.136955,0.108105,0.087881,,12918400,,
5,5,,0.012481,0.076867,0.062202,0.09342,0.056568,0.39872,0.013713,0.080142,0.041387,0.1645,,12402800,,
5,5,,0.012481,0.076867,0.062202,0.09342,0.056568,0.39872,0.013713,0.080142,0.041387,0.1645,,12798800,,
5,5,,0.012481,0.076867,0.062202,0.09342,0.056568,0.39872,0.013713,0.080142,0.041387,0.1645,,11378800,,
5,2,,0.012481,0.076867,0.202202,0.09342,0.055723,0.181255,0.012868,0.160142,0.040542,0.1645,,12483800,,
5,5,,0.012481,0.077762,0.073844,0.097898,0.059305,0.359166,0.012868,0.085515,0.048602,0.172559,,11816700,,
5,5,,0.012481,0.076867,0.062202,0.09342,0.056568,0.39872,0.013713,0.080142,0.041387,0.1645,,11622400,,
5,5,,0.003506,0.11445,0.089089,0.121531,0.033035,0.296184,0.013316,0.152697,0.068345,0.107846,,11678100,,
5,5,,0.012481,0.076867,0.062202,0.09342,0.056568,0.39872,0.013713,0.080142,0.041387,0.1645,,11341600,,
5,5,,0.012481,0.076867,0.062202,0.09342,0.056568,0.39872,0.013713,0.080142,0.041387,0.1645,,11757800,,
5,5,,0.014756,0.067515,0.078783,0.204474,0.06249,0.232928,0.060325,0.069773,0.056362,0.152594,,11352900,,
5,5,,0.003506,0.11445,0.089089,0.121531,0.033035,0.296184,0.013316,0.152697,0.068345,0.107846,,11890000,,
5,5,,0.012481,0.076867,0.062202,0.09342,0.056568,0.39872,0.013713,0.080142,0.041387,0.1645,,12782000,,
5,5,,0.012481,0.076867,0.062202,0.09342,0.056568,0.39872,0.013713,0.080142,0.041387,0.1645,,11698900,,
5,5,,0.012481,0.077762,0.073844,0.097898,0.059305,0.359166,0.012868,0.085515,0.048602,0.172559,,12995300,,
5,5,,0.012481,0.076867,0.062202,0.09342,0.056568,0.39872,0.013713,0.080142,0.041387,0.1645,,12095700,,
5,5,,0.012481,0.077762,0.073844,0.097898,0.059305,0.359166,0.012868,0.085515,0.048602,0.172559,,12221500,,
5,5,,0.012481,0.076867,0.072202,0.12342,0.056005,0.26041,0.01315,0.080142,0.100824,0.2045,,12477100,,
5,5,,0.012481,0.076867,0.062202,0.09342,0.056568,0.39872,0.013713,0.080142,0.041387,0.1645,,11978600,,
5,5,,0.003506,0.11445,0.089089,0.121531,0.033035,0.296184,0.013316,0.152697,0.068345,0.107846,,11429100,,
5,5,,0.012481,0.076867,0.062202,0.09342,0.056568,0.39872,0.013713,0.080142,0.041387,0.1645,,11685300,,
5,5,,0.012481,0.076867,0.062202,0.09342,0.056568,0.39872,0.013713,0.080142,0.041387,0.1645,,12702300,,
5,2,,0.014756,0.067515,0.187856,0.161938,0.06249,0.168928,0.036325,0.069773,0.077825,0.152594,,12839600,,
5,5,,0.012481,0.076867,0.062202,0.09342,0.056568,0.39872,0.013713,0.080142,0.041387,0.1645,,12660400,,
5,2,,0.012481,0.086867,0.252202,0.09342,0.055723,0.181255,0.012868,0.090142,0.040542,0.1745,,14638700,,
5,5,,0.012481,0.076867,0.062202,0.09342,0.056568,0.39872,0.013713,0.080142,0.041387,0.1645,,11844300,,
5,5,,0.012481,0.076867,0.062202,0.09342,0.056568,0.39872,0.013713,0.080142,0.041387,0.1645,,12642800,,
5,5,,0.012481,0.076867,0.062202,0.09342,0.056568,0.39872,0.013713,0.080142,0.041387,0.1645,,11324000,,
5,5,,0.012481,0.076867,0.062202,0.09342,0.056568,0.39872,0.013713,0.080142,0.041387,0.1645,,13465900,,
6,6,,0.030728,0.042408,0.099013,0.01477,0.128128,0.017613,0.48361,0.032216,0.139585,0.011929,,11485500,,
6,6,,0.030728,0.042408,0.099013,0.01477,0.128128,0.017613,0.48361,0.032216,0.139585,0.011929,,11941800,,
6,6,,0.030728,0.042408,0.099013,0.01477,0.128128,0.017613,0.48361,0.032216,0.139585,0.011929,,11615400,,
6,6,,0.030728,0.042408,0.099013,0.01477,0.128128,0.017613,0.48361,0.032216,0.139585,0.011929,,11349900,,
6,6,,0.030728,0.042408,0.099013,0.01477,0.128128,0.017613,0.48361,0.032216,0.139585,0.011929,,13330900,,
6,6,,0.030728,0.042408,0.099013,0.01477,0.128128,0.017613,0.48361,0.032216,0.139585,0.011929,,12953600,,
6,6,,0.030728,0.042408,0.099013,0.01477,0.128128,0.017613,0.48361,0.032216,0.139585,0.011929,,12006900,,
6,6,,0.120728,0.042408,0.099013,0.01477,0.208128,0.067613,0.26361,0.032216,0.139585,0.011929,,11770300,,
6,6,,0.024119,0.061884,0.084766,0.014052,0.214717,0.019008,0.41255,0.040829,0.110999,0.017076,,12795100,,
6,6,,0.030728,0.042408,0.099013,0.01477,0.128128,0.037613,0.46361,0.032216,0.139585,0.011929,,11791500,,
6,6,,0.030728,0.042408,0.099013,0.01477,0.128128,0.017613,0.48361,0.032216,0.139585,0.011929,,11676300,,
6,6,,0.030728,0.042408,0.099013,0.01477,0.128128,0.017613,0.48361,0.032216,0.139585,0.011929,,12587500,,
6,6,,0.02935,0.046105,0.094883,0.014617,0.148594,0.017614,0.46768,0.033297,0.134701,0.01316,,12426000,,
6,6,,0.030728,0.042408,0.099013,0.01477,0.128128,0.017613,0.48361,0.032216,0.139585,0.011929,,11948900,,
6,6,,0.030728,0.042408,0.099013,0.01477,0.128128,0.017613,0.48361,0.032216,0.139585,0.011929,,11846600,,
6,5,,0.008399,0.080688,0.08148,0.218085,0.034956,0.230151,0.089868,0.08505,0.09342,0.077902,,11618000,,
6,6,,0.030728,0.042408,0.099013,0.01477,0.128128,0.017613,0.48361,0.032216,0.139585,0.011929,,11674100,,
6,6,,0.030728,0.042408,0.099013,0.01477,0.128128,0.017613,0.48361,0.032216,0.139585,0.011929,,11680600,,
6,6,,0.030728,0.042408,0.099013,0.01477,0.128128,0.017613,0.48361,0.032216,0.139585,0.011929,,11300700,,
6,5,,0.004821,0.162862,0.07979,0.093216,0.036921,0.180215,0.090084,0.152239,0.129253,0.070599,,11878100,,
6,6,,0.030728,0.042408,0.099013,0.01477,0.128128,0.017613,0.48361,0.032216,0.139585,0.011929,,11381400,,
6,6,,0.030728,0.042408,0.099013,0.01477,0.128128,0.017613,0.48361,0.032216,0.139585,0.011929,,11290100,,
6,6,,0.030728,0.042408,0.099013,0.01477,0.128128,0.017613,0.48361,0.032216,0.139585,0.011929,,12059100,,
6,6,,0.030728,0.042408,0.099013,0.01477,0.128128,0.017613,0.48361,0.032216,0.139585,0.011929,,11346800,,
6,6,,0.025497,0.058187,0.088895,0.014206,0.194252,0.019007,0.428481,0.039748,0.115883,0.015845,,11763900,,
6,6,,0.030728,0.042408,0.099013,0.01477,0.128128,0.017613,0.48361,0.032216,0.139585,0.011929,,12855300,,
6,6,,0.030728,0.042408,0.099013,0.01477,0.128128,0.017613,0.48361,0.032216,0.139585,0.011929,,11956500,,
6,6,,0.030728,0.042408,0.099013,0.01477,0.128128,0.017613,0.48361,0.032216,0.139585,0.011929,,11239000,,
6,6,,0.030728,0.042408,0.099013,0.01477,0.128128,0.017613,0.48361,0.032216,0.139585,0.011929,,11334500,,
6,4,,0.024119,0.061884,0.084766,0.014052,0.326146,0.019008,0.301122,0.040829,0.110999,0.017076,,11446500,,
6,6,,0.030728,0.042408,0.099013,0.01477,0.128128,0.017613,0.48361,0.032216,0.139585,0.011929,,11260700,,
6,6,,0.030728,0.042408,0.099013,0.01477,0.128128,0.017613,0.48361,0.032216,0.139585,0.011929,,11345700,,
6,6,,0.030728,0.042408,0.099013,0.01477,0.128128,0.017613,0.48361,0.032216,0.139585,0.011929,,11573000,,
7,7,,0.002546,0.190213,0.086209,0.106162,0.082154,0.099542,0.014627,0.294608,0.041433,0.082504,,11431200,,
7,7,,0.002546,0.146331,0.073532,0.107452,0.029213,0.096071,0.014157,0.406077,0.040963,0.083658,,11397100,,
7,4,,0.024119,0.061884,0.084766,0.014052,0.354717,0.019008,0.19255,0.120829,0.110999,0.017076,,11299100,,
7,7,,0.003506,0.113554,0.077448,0.117054,0.029453,0.118274,0.013316,0.367324,0.060285,0.099786,,11383100,,
7,7,,0.002546,0.172213,0.071209,0.106162,0.030154,0.096542,0.014627,0.382608,0.041433,0.082504,,11588600,,
7,7,,0.08183,0.053865,0.046659,0.050418,0.112831,0.034538,0.002846,0.414602,0.025126,0.177285,,11486600,,
7,7,,0.002546,0.146331,0.073532,0.107452,0.029213,0.096071,0.014157,0.406077,0.040963,0.083658,,12288000,,
7,4,,0.030728,0.042408,0.099013,0.01477,0.288128,0.017613,0.26361,0.092216,0.139585,0.011929,,11846300,,
7,7,,0.002546,0.172213,0.071209,0.106162,0.030154,0.096542,0.014627,0.382608,0.041433,0.082504,,11539700,,
7,7,,0.003506,0.113554,0.077448,0.117054,0.029453,0.118274,0.013316,0.367324,0.060285,0.099786,,11683900,,
7,7,,0.003191,0.109145,0.077717,0.115194,0.028823,0.110715,0.013316,0.332957,0.053671,0.155271,,11406400,,
7,7,,0.003191,0.109145,0.076564,0.115194,0.028823,0.110715,0.013316,0.395264,0.053671,0.094117,,11312500,,
7,7,,0.002546,0.146331,0.073532,0.107452,0.029213,0.096071,0.014157,0.406077,0.040963,0.083658,,11670600,,
7,7,,0.003506,0.113554,0.078601,0.117054,0.029453,0.118274,0.013316,0.365017,0.060285,0.10094,,11322300,,
7,7,,0.024119,0.061884,0.084766,0.014052,0.214717,0.019008,0.19255,0.220829,0.150999,0.017076,,11730200,,
7,7,,0.003191,0.109145,0.077717,0.115194,0.028823,0.110715,0.013316,0.392957,0.053671,0.095271,,11561100,,
7,7,,0.003506,0.113554,0.077448,0.117054,0.029453,0.118274,0.013316,0.367324,0.060285,0.099786,,11503800,,
7,7,,0.002546,0.172213,0.071209,0.106162,0.030154,0.096542,0.014627,0.382608,0.041433,0.082504,,11690700,,
7,7,,0.023222,0.067539,0.081468,0.027152,0.187485,0.031333,0.185024,0.267809,0.100063,0.028904,,11596500,,
7,1,,0.0024,0.24015,0.173373,0.113454,0.032574,0.091581,0.01317,0.20107,0.041433,0.090796,,12214200,,
7,7,,0.002546,0.190213,0.086209,0.106162,0.122154,0.099542,0.014627,0.254608,0.041433,0.082504,,12667400,,
7,5,,0.002546,0.172213,0.071209,0.106162,0.030154,0.296542,0.014627,0.182608,0.041433,0.082504,,11276200,,
7,7,,0.003506,0.113554,0.077448,0.117054,0.029453,0.118274,0.013316,0.367324,0.060285,0.099786,,11600100,,
7,7,,0.003506,0.113554,0.077448,0.117054,0.029453,0.118274,0.013316,0.367324,0.060285,0.099786,,11462600,,
7,7,,0.002546,0.164331,0.087378,0.107452,0.041213,0.099071,0.014157,0.360384,0.040963,0.082504,,11589300,,
7,7,,0.002546,0.245378,0.071209,0.106922,0.032433,0.096542,0.014627,0.306406,0.041433,0.082504,,11680400,,
7,7,,0.003506,0.113554,0.077448,0.117054,0.029453,0.118274,0.013316,0.367324,0.060285,0.099786,,11554300,,
7,0,,0.303486,0.043276,0.061802,0.037918,0.10678,0.036449,0.004757,0.279602,0.030859,0.095071,,11720800,,
7,6,,0.024119,0.061884,0.119766,0.021552,0.214717,0.074008,0.30755,0.048329,0.110999,0.017076,,11293100,,
7,7,,0.004821,0.162862,0.07979,0.093216,0.036921,0.084215,0.038084,0.312239,0.117253,0.070599,,11961600,,
7,7,,0.003506,0.113554,0.078601,0.117054,0.029453,0.118274,0.013316,0.365017,0.060285,0.10094,,11492800,,
7,3,,0.003506,0.145429,0.079323,0.280804,0.035078,0.118274,0.013316,0.156699,0.06216,0.105411,,11364700,,
8,8,,0.030728,0.042408,0.099013,0.01477,0.128128,0.017613,0.26361,0.032216,0.359585,0.011929,,11847700,,
8,8,,0.173567,0.036999,0.092434,0.013999,0.06203,0.015298,0.166399,0.023599,0.398093,0.017581,,11256800,,
8,7,,0.002546,0.146331,0.072378,0.107452,0.029213,0.096071,0.014157,0.288384,0.140963,0.102504,,12722700,,
8,8,,0.173567,0.036999,0.092434,0.013999,0.06203,0.015298,0.166399,0.023599,0.398093,0.017581,,11569600,,
8,8,,0.173567,0.036999,0.092434,0.013999,0.06203,0.015298,0.166399,0.023599,0.398093,0.017581,,11281400,,
8,8,,0.166958,0.056475,0.078187,0.013281,0.148619,0.016693,0.09534,0.032212,0.369507,0.022728,,11707100,,
8,8,,0.02935,0.046105,0.134883,0.014617,0.148594,0.017614,0.24768,0.033297,0.314701,0.01316,,11339400,,
8,0,,0.165781,0.104203,0.086028,0.104108,0.036219,0.105947,0.036773,0.136955,0.136105,0.087881,,12360600,,
8,6,,0.100728,0.042408,0.099013,0.01477,0.248128,0.047613,0.26361,0.032216,0.139585,0.011929,,13067400,,
8,4,,0.095513,0.029335,0.050431,0.01564,0.407593,0.004836,0.109176,0.099854,0.037578,0.150043,,11536100,,
8,8,,0.173567,0.036999,0.092434,0.013999,0.06203,0.015298,0.166399,0.043599,0.378093,0.017581,,11364200,,
8,8,,0.173567,0.036999,0.092434,0.013999,0.06203,0.015298,0.166399,0.023599,0.398093,0.017581,,11236200,,
8,8,,0.030728,0.042408,0.099013,0.01477,0.128128,0.017613,0.26361,0.032216,0.359585,0.011929,,11824200,,
8,2,,0.172189,0.040696,0.308305,0.013845,0.082495,0.0153,0.150469,0.02468,0.173209,0.018812,,11190900,,
8,8,,0.003506,0.11445,0.089089,0.121531,0.033035,0.136184,0.013316,0.152697,0.228345,0.107846,,11364300,,
8,8,,0.166958,0.056475,0.078187,0.013281,0.148619,0.016693,0.09534,0.032212,0.369507,0.022728,,11775800,,
8,2,,0.008399,0.080688,0.30148,0.218085,0.034956,0.094151,0.037868,0.08505,0.06142,0.077902,,12471000,,
8,8,,0.173567,0.036999,0.092434,0.013999,0.06203,0.015298,0.166399,0.023599,0.398093,0.017581,,11765100,,
8,8,,0.030728,0.042408,0.099013,0.07077,0.128128,0.017613,0.26361,0.032216,0.303585,0.011929,,11635500,,
8,8,,0.028453,0.05176,0.090432,0.027716,0.201362,0.02994,0.240153,0.042585,0.263765,0.023834,,11899000,,
8,2,,0.023222,0.067539,0.190314,0.057152,0.187485,0.031333,0.185024,0.050117,0.100063,0.10775,,11282400,,
8,3,,0.008399,0.080688,0.094813,0.218085,0.134956,0.094151,0.091202,0.138383,0.06142,0.077902,,11313400,,
8,2,,0.030728,0.042408,0.316086,0.016234,0.128128,0.017613,0.26361,0.032216,0.141048,0.011929,,11940300,,
8,8,,0.030728,0.042408,0.099013,0.01477,0.128128,0.017613,0.26361,0.032216,0.359585,0.011929,,11542000,,
8,8,,0.173567,0.036999,0.092434,0.013999,0.06203,0.015298,0.166399,0.023599,0.398093,0.017581,,11888300,,
8,8,,0.173567,0.036999,0.092434,0.013999,0.06203,0.015298,0.166399,0.023599,0.398093,0.017581,,11550500,,
8,8,,0.005781,0.104203,0.086028,0.104108,0.036219,0.105947,0.036773,0.136955,0.296105,0.087881,,11425800,,
8,6,,0.028453,0.05176,0.125432,0.177716,0.121362,0.06494,0.240153,0.042585,0.123765,0.023834,,11706500,,
8,8,,0.173567,0.036999,0.092434,0.013999,0.06203,0.015298,0.166399,0.023599,0.398093,0.017581,,11647700,,
8,8,,0.173567,0.036999,0.092434,0.013999,0.06203,0.015298,0.166399,0.023599,0.398093,0.017581,,11546600,,
8,9,,0.065781,0.104203,0.086028,0.104108,0.036219,0.105947,0.136773,0.136955,0.076105,0.147881,,12815700,,
9,9,,0.012481,0.076867,0.062202,0.094531,0.055723,0.181255,0.012868,0.080142,0.040542,0.383388,,11532500,,
9,9,,0.012481,0.076867,0.066202,0.09342,0.055723,0.181255,0.012868,0.084142,0.040542,0.3765,,12235000,,
9,9,,0.012481,0.076867,0.062202,0.094531,0.055723,0.181255,0.012868,0.080142,0.040542,0.383388,,11245600,,
9,9,,0.012481,0.096867,0.066202,0.09342,0.055723,0.181255,0.012868,0.144142,0.040542,0.2965,,12659200,,
9,9,,0.0024,0.18015,0.173373,0.113454,0.032574,0.091581,0.01317,0.14107,0.041433,0.210796,,21879700,,
9,7,,0.003506,0.11445,0.089089,0.121531,0.033035,0.136184,0.013316,0.232697,0.148345,0.107846,,19536300,,
9,9,,0.012481,0.077762,0.073844,0.097898,0.059305,0.199166,0.012868,0.085515,0.048602,0.332559,,22197100,,
9,0,,0.360531,0.012183,0.02574,0.014405,0.091387,0.10525,0.00257,0.014045,0.019508,0.354381,,20017000,,
9,9,,0.12894,0.118119,0.039604,0.039646,0.071869,0.018626,0.002418,0.171512,0.014666,0.394599,,12961900,,
9,9,,0.012481,0.126867,0.062202,0.09342,0.125723,0.181255,0.012868,0.120142,0.040542,0.2245,,13065700,,
9,0,,0.360531,0.012183,0.02574,0.014405,0.091387,0.10525,0.00257,0.014045,0.019508,0.354381,,11184000,,
9,9,,0.012481,0.076867,0.066202,0.09342,0.055723,0.181255,0.012868,0.084142,0.040542,0.3765,,11563800,,
9,5,,0.012481,0.136867,0.062202,0.09342,0.135723,0.181255,0.012868,0.160142,0.040542,0.1645,,11552700,,
9,9,,0.012481,0.076867,0.062202,0.12342,0.055723,0.221255,0.012868,0.080142,0.040542,0.3145,,11554800,,
9,0,,0.360531,0.012183,0.16574,0.014405,0.091387,0.10525,0.00257,0.014045,0.019508,0.214381,,13140200,,
9,9,,0.012481,0.076867,0.066202,0.09342,0.055723,0.181255,0.012868,0.124142,0.040542,0.3365,,11619300,,
9,9,,0.012481,0.076867,0.062202,0.094531,0.055723,0.181255,0.012868,0.080142,0.040542,0.383388,,12304200,,
9,9,,0.012481,0.116867,0.066202,0.09342,0.055723,0.181255,0.012868,0.104142,0.040542,0.3165,,11660000,,
9,9,,0.012481,0.076867,0.062202,0.094531,0.055723,0.181255,0.012868,0.080142,0.040542,0.383388,,12016100,,
9,9,,0.09112,0.021587,0.032297,0.028644,0.139731,0.105078,0.002398,0.13948,0.011997,0.427667,,11749900,,
9,9,,0.012481,0.076867,0.062202,0.09342,0.055723,0.181255,0.012868,0.080142,0.120542,0.3045,,11657700,,
9,9,,0.012481,0.076867,0.062202,0.094531,0.055723,0.181255,0.012868,0.080142,0.140542,0.283388,,11536800,,
9,9,,0.012481,0.076867,0.066202,0.09342,0.055723,0.181255,0.012868,0.084142,0.040542,0.3765,,11560400,,
9,9,,0.012481,0.076867,0.062202,0.09342,0.055723,0.181255,0.012868,0.080142,0.040542,0.3845,,12002700,,
9,3,,0.004675,0.130921,0.075735,0.204209,0.037901,0.104371,0.036627,0.085512,0.180916,0.139134,,11416100,,
9,0,,0.360531,0.012183,0.02574,0.014405,0.091387,0.10525,0.00257,0.014045,0.019508,0.354381,,11979100,,
9,5,,0.012481,0.076867,0.062202,0.09342,0.055723,0.311255,0.012868,0.080142,0.040542,0.2545,,14060700,,
9,9,,0.012481,0.076867,0.062202,0.094531,0.055723,0.181255,0.012868,0.080142,0.040542,0.383388,,13603600,,
9,9,,0.012481,0.076867,0.062202,0.094531,0.055723,0.181255,0.012868,0.080142,0.040542,0.383388,,12623100,,
9,9,,0.138875,0.022772,0.030597,0.026905,0.097438,0.103339,0.000659,0.089045,0.013775,0.476595,,11562100,,
9,9,,0.0024,0.18015,0.173373,0.113454,0.032574,0.091581,0.01317,0.14107,0.041433,0.210796,,10929300,,
9,9,,0.012481,0.076867,0.062202,0.214531,0.055723,0.181255,0.012868,0.080142,0.040542,0.263388,,11008900,,