semeion,Tuned_CWT,test,1,NANOSECONDS,PREDICTIONS, Generated by ClassifierExperiments.java on 2022-05-15 23:48:12.    SYSTEMPROPERTIES:{user.name:matth,os.arch:amd64,os.name:Windows 10},ENDSYSTEMPROPERTIES
No parameter info
0.653250773993808,6325823700,5084045000,-1,200647712,10,,-1,-1
0,0,,0.726821,0.02262,0.027772,0.000191,0.139385,0.000573,0.028651,0.003053,0.045566,0.005369,,19443400,,
0,0,,0.726821,0.02262,0.027772,0.000191,0.139385,0.000573,0.028651,0.003053,0.045566,0.005369,,13365700,,
0,0,,0.726821,0.02262,0.027772,0.000191,0.139385,0.000573,0.028651,0.003053,0.045566,0.005369,,13218700,,
0,6,,0.023041,0.187484,0.099604,0.001839,0.179949,0.007101,0.240309,0.038742,0.215446,0.006485,,15790700,,
0,0,,0.726821,0.02262,0.027772,0.000191,0.139385,0.000573,0.028651,0.003053,0.045566,0.005369,,16826900,,
0,0,,0.726821,0.02262,0.027772,0.000191,0.139385,0.000573,0.028651,0.003053,0.045566,0.005369,,16380400,,
0,0,,0.726821,0.02262,0.027772,0.000191,0.139385,0.000573,0.028651,0.003053,0.045566,0.005369,,15547400,,
0,0,,0.726821,0.02262,0.027772,0.000191,0.139385,0.000573,0.028651,0.003053,0.045566,0.005369,,15421500,,
0,0,,0.726821,0.02262,0.027772,0.000191,0.139385,0.000573,0.028651,0.003053,0.045566,0.005369,,16019200,,
0,0,,0.726821,0.02262,0.027772,0.000191,0.139385,0.000573,0.028651,0.003053,0.045566,0.005369,,14770900,,
0,0,,0.726821,0.02262,0.027772,0.000191,0.139385,0.000573,0.028651,0.003053,0.045566,0.005369,,16433500,,
0,5,,0.235679,0.020621,0.032429,0.035724,0.069807,0.292855,0.000268,0.027301,0.020482,0.264833,,13750200,,
0,0,,0.726821,0.02262,0.027772,0.000191,0.139385,0.000573,0.028651,0.003053,0.045566,0.005369,,15435000,,
0,0,,0.726821,0.02262,0.027772,0.000191,0.139385,0.000573,0.028651,0.003053,0.045566,0.005369,,15658700,,
0,0,,0.726821,0.02262,0.027772,0.000191,0.139385,0.000573,0.028651,0.003053,0.045566,0.005369,,16892600,,
0,0,,0.717953,0.02262,0.027772,0.000191,0.13863,0.000573,0.033651,0.003053,0.050189,0.005369,,16455700,,
0,0,,0.726821,0.02262,0.027772,0.000191,0.139385,0.000573,0.028651,0.003053,0.045566,0.005369,,14008300,,
0,0,,0.706821,0.02262,0.027772,0.000191,0.139385,0.000573,0.028651,0.003053,0.065566,0.005369,,15352600,,
0,3,,0.003063,0.067037,0.060628,0.272158,0.009763,0.132688,0.019045,0.052316,0.161698,0.221604,,15701400,,
0,0,,0.726821,0.02262,0.027772,0.000191,0.139385,0.000573,0.028651,0.003053,0.045566,0.005369,,14985900,,
0,0,,0.240178,0.030482,0.225298,0.001259,0.196169,0.005126,0.165189,0.025849,0.106411,0.004039,,14907100,,
0,4,,0.022234,0.057876,0.080841,0.001436,0.417457,0.007522,0.199071,0.045323,0.158493,0.009747,,16011300,,
0,0,,0.726821,0.02262,0.027772,0.000191,0.139385,0.000573,0.028651,0.003053,0.045566,0.005369,,15020300,,
0,0,,0.726821,0.02262,0.027772,0.000191,0.139385,0.000573,0.028651,0.003053,0.045566,0.005369,,14313100,,
0,0,,0.717953,0.02262,0.027772,0.000191,0.13863,0.000573,0.033651,0.003053,0.050189,0.005369,,16530200,,
0,0,,0.726821,0.02262,0.027772,0.000191,0.139385,0.000573,0.028651,0.003053,0.045566,0.005369,,16967100,,
0,0,,0.706821,0.02262,0.027772,0.000191,0.139385,0.000573,0.028651,0.003053,0.065566,0.005369,,17464300,,
0,0,,0.726821,0.02262,0.027772,0.000191,0.139385,0.000573,0.028651,0.003053,0.045566,0.005369,,16891900,,
0,0,,0.726821,0.02262,0.027772,0.000191,0.139385,0.000573,0.028651,0.003053,0.045566,0.005369,,15252900,,
0,0,,0.726821,0.02262,0.027772,0.000191,0.139385,0.000573,0.028651,0.003053,0.045566,0.005369,,16408100,,
0,9,,0.143597,0.020621,0.032429,0.035724,0.069807,0.292855,0.000268,0.027301,0.077491,0.299907,,14855400,,
0,0,,0.626821,0.02262,0.027772,0.000191,0.239385,0.000573,0.028651,0.003053,0.045566,0.005369,,16178600,,
0,0,,0.726821,0.02262,0.027772,0.000191,0.139385,0.000573,0.028651,0.003053,0.045566,0.005369,,18655800,,
1,1,,0.004775,0.362549,0.138517,0.077658,0.016608,0.063593,0.00088,0.21665,0.049193,0.069576,,17004400,,
1,1,,0.004775,0.362549,0.138517,0.077658,0.016608,0.063593,0.00088,0.21665,0.049193,0.069576,,16970500,,
1,4,,0.022234,0.213898,0.080841,0.001436,0.260414,0.009188,0.199071,0.044678,0.158493,0.009747,,19058100,,
1,1,,0.004775,0.362549,0.138517,0.077658,0.016608,0.063593,0.00088,0.21665,0.049193,0.069576,,16060000,,
1,4,,0.022234,0.193898,0.080841,0.001436,0.280414,0.009188,0.199071,0.044678,0.158493,0.009747,,16090000,,
1,1,,0.004775,0.362549,0.138517,0.077658,0.016608,0.063593,0.00088,0.21665,0.049193,0.069576,,18305600,,
1,1,,0.004775,0.362549,0.138517,0.077658,0.016608,0.063593,0.00088,0.21665,0.049193,0.069576,,17037300,,
1,4,,0.022234,0.213898,0.080841,0.001436,0.260414,0.009188,0.199071,0.044678,0.158493,0.009747,,16259600,,
1,1,,0.004775,0.362549,0.138517,0.077658,0.016608,0.063593,0.00088,0.21665,0.049193,0.069576,,17164500,,
1,1,,0.004775,0.362549,0.138517,0.077658,0.016608,0.063593,0.00088,0.21665,0.049193,0.069576,,14709400,,
1,1,,0.004775,0.362549,0.138517,0.077658,0.016608,0.063593,0.00088,0.21665,0.049193,0.069576,,16147800,,
1,1,,0.004775,0.257136,0.137991,0.102846,0.022323,0.069307,0.00088,0.227025,0.048666,0.12905,,15623300,,
1,7,,0.004775,0.21687,0.201712,0.077132,0.017539,0.078477,0.00088,0.282109,0.050527,0.06998,,14675300,,
1,6,,0.023041,0.207484,0.099604,0.001839,0.179949,0.007101,0.240309,0.038742,0.195446,0.006485,,13700400,,
1,1,,0.004775,0.322549,0.138517,0.077658,0.016608,0.063593,0.00088,0.25665,0.049193,0.069576,,16302000,,
1,3,,0.007063,0.251037,0.057891,0.437316,0.013763,0.059635,0.004309,0.058316,0.028856,0.081815,,13757800,,
1,7,,0.004775,0.21687,0.181712,0.077132,0.017539,0.078477,0.00088,0.302109,0.050527,0.06998,,13029500,,
1,1,,0.004775,0.362549,0.138517,0.077658,0.016608,0.063593,0.00088,0.21665,0.049193,0.069576,,15634300,,
1,1,,0.004775,0.339041,0.144658,0.077132,0.016608,0.066927,0.00088,0.225597,0.052,0.072383,,13772000,,
1,1,,0.004775,0.362549,0.138517,0.077658,0.016608,0.063593,0.00088,0.21665,0.049193,0.069576,,14836800,,
1,3,,0.007063,0.251037,0.057891,0.437316,0.013763,0.059635,0.004309,0.058316,0.028856,0.081815,,15477000,,
1,2,,0.004775,0.239041,0.244658,0.077132,0.016608,0.066927,0.00088,0.225597,0.052,0.072383,,15112700,,
1,1,,0.004775,0.362549,0.138517,0.077658,0.016608,0.063593,0.00088,0.21665,0.049193,0.069576,,13477700,,
1,6,,0.023041,0.187484,0.099604,0.001839,0.179949,0.007101,0.240309,0.038742,0.215446,0.006485,,13656200,,
1,1,,0.004775,0.362549,0.138517,0.077658,0.016608,0.063593,0.00088,0.21665,0.049193,0.069576,,14964500,,
1,1,,0.004775,0.362549,0.138517,0.077658,0.016608,0.063593,0.00088,0.21665,0.049193,0.069576,,13058900,,
1,2,,0.023041,0.031598,0.287389,0.001839,0.112432,0.005115,0.227402,0.026827,0.277564,0.006794,,12939400,,
1,0,,0.527953,0.195953,0.037772,0.000191,0.13863,0.000573,0.028651,0.003053,0.058522,0.008702,,18596800,,
1,1,,0.004775,0.362549,0.138517,0.077658,0.016608,0.063593,0.00088,0.21665,0.049193,0.069576,,14684800,,
1,1,,0.004775,0.339041,0.144658,0.077132,0.016608,0.066927,0.00088,0.225597,0.052,0.072383,,13162400,,
1,3,,0.007063,0.251037,0.057891,0.437316,0.013763,0.059635,0.004309,0.058316,0.028856,0.081815,,13987600,,
1,1,,0.004775,0.362549,0.138517,0.077658,0.016608,0.063593,0.00088,0.21665,0.049193,0.069576,,15464000,,
1,1,,0.004775,0.362549,0.138517,0.077658,0.016608,0.063593,0.00088,0.21665,0.049193,0.069576,,15181700,,
2,3,,0.007063,0.091037,0.122891,0.482316,0.013763,0.109635,0.004309,0.058316,0.028856,0.081815,,17794300,,
2,2,,0.004775,0.205707,0.296658,0.078465,0.016608,0.063593,0.00088,0.215597,0.048666,0.06905,,13760500,,
2,7,,0.004628,0.192031,0.218457,0.137158,0.015726,0.060505,0.00088,0.23798,0.046273,0.086363,,13632100,,
2,2,,0.004775,0.205707,0.297991,0.077132,0.016608,0.063593,0.00088,0.215597,0.048666,0.06905,,14250000,,
2,9,,0.043377,0.020621,0.032854,0.035724,0.070658,0.325621,0.000268,0.027727,0.017697,0.425452,,16129700,,
2,1,,0.004775,0.332374,0.171325,0.077132,0.016608,0.063593,0.00088,0.215597,0.048666,0.06905,,15899600,,
2,6,,0.025158,0.030916,0.240369,0.022898,0.116465,0.006409,0.346418,0.030272,0.176595,0.004499,,15376800,,
2,6,,0.025158,0.030916,0.260369,0.002898,0.116465,0.006409,0.346418,0.030272,0.176595,0.004499,,15473900,,
2,2,,0.004775,0.206683,0.26482,0.080059,0.016608,0.063593,0.00088,0.217548,0.062325,0.082709,,13107600,,
2,2,,0.004775,0.205707,0.276658,0.098465,0.016608,0.063593,0.00088,0.215597,0.048666,0.06905,,14225700,,
2,7,,0.004775,0.205707,0.137991,0.077132,0.096608,0.063593,0.00088,0.29393,0.050333,0.06905,,13871600,,
2,6,,0.023041,0.167484,0.109604,0.001839,0.179949,0.007101,0.240309,0.038742,0.225446,0.006485,,13842700,,
2,6,,0.024688,0.033245,0.267138,0.002663,0.116549,0.005938,0.319637,0.030121,0.195522,0.004499,,12562800,,
2,7,,0.004775,0.205707,0.137991,0.077132,0.016608,0.063593,0.00088,0.372264,0.052,0.06905,,14819000,,
2,2,,0.004628,0.192031,0.238457,0.097158,0.015726,0.060505,0.00088,0.23798,0.046273,0.106363,,16589700,,
2,3,,0.007063,0.091037,0.057891,0.437316,0.013763,0.059635,0.004309,0.058316,0.098856,0.171815,,13263000,,
2,5,,0.044381,0.02205,0.076715,0.04001,0.092267,0.411823,0.000268,0.029444,0.016846,0.266197,,14030000,,
2,1,,0.004775,0.339041,0.144658,0.077132,0.016608,0.066927,0.00088,0.225597,0.052,0.072383,,14524900,,
2,2,,0.023041,0.031598,0.287389,0.001839,0.112432,0.005115,0.227402,0.026827,0.277564,0.006794,,14444500,,
2,1,,0.004775,0.292374,0.211325,0.077132,0.016608,0.063593,0.00088,0.215597,0.048666,0.06905,,14144400,,
2,5,,0.044381,0.02205,0.196715,0.04001,0.083378,0.300712,0.000268,0.029444,0.016846,0.266197,,14489200,,
2,1,,0.004775,0.332374,0.171325,0.077132,0.016608,0.063593,0.00088,0.215597,0.048666,0.06905,,14234400,,
2,2,,0.023041,0.031598,0.287389,0.001839,0.112432,0.005115,0.227402,0.026827,0.277564,0.006794,,16751700,,
2,2,,0.004775,0.206683,0.26482,0.080059,0.016608,0.063593,0.00088,0.217548,0.062325,0.082709,,18706600,,
2,1,,0.004775,0.29687,0.181712,0.077132,0.017539,0.078477,0.00088,0.222109,0.050527,0.06998,,18157700,,
2,6,,0.025158,0.030916,0.220369,0.042898,0.116465,0.006409,0.346418,0.030272,0.176595,0.004499,,17092500,,
2,2,,0.004775,0.205707,0.296658,0.078465,0.016608,0.063593,0.00088,0.215597,0.048666,0.06905,,19032200,,
2,2,,0.004628,0.192031,0.298457,0.077158,0.015726,0.060505,0.00088,0.23798,0.046273,0.066363,,16808000,,
2,6,,0.025158,0.030916,0.260369,0.002898,0.116465,0.006409,0.346418,0.030272,0.176595,0.004499,,17127100,,
2,7,,0.004775,0.219041,0.144658,0.077132,0.016608,0.106927,0.00088,0.265597,0.052,0.112383,,15638500,,
2,2,,0.023041,0.031598,0.287389,0.001839,0.112432,0.005115,0.227402,0.026827,0.277564,0.006794,,15909400,,
2,2,,0.004775,0.205707,0.297991,0.077132,0.016608,0.063593,0.00088,0.215597,0.048666,0.06905,,15296000,,
3,3,,0.007063,0.091037,0.058308,0.596066,0.013763,0.059635,0.004309,0.058316,0.028856,0.082648,,18667900,,
3,3,,0.007063,0.091037,0.057891,0.510649,0.013763,0.086302,0.004309,0.058316,0.035522,0.135148,,16500800,,
3,3,,0.007063,0.091037,0.058308,0.596066,0.013763,0.059635,0.004309,0.058316,0.028856,0.082648,,14916400,,
3,3,,0.007063,0.091037,0.058308,0.596066,0.013763,0.059635,0.004309,0.058316,0.028856,0.082648,,17014700,,
3,7,,0.004775,0.205707,0.137991,0.077132,0.016608,0.063593,0.00088,0.375597,0.048666,0.06905,,15040500,,
3,3,,0.007063,0.091037,0.058308,0.596066,0.013763,0.059635,0.004309,0.058316,0.028856,0.082648,,13415500,,
3,7,,0.004775,0.206683,0.14482,0.100059,0.016608,0.063593,0.00088,0.317548,0.062325,0.082709,,14127700,,
3,3,,0.007063,0.091037,0.058308,0.596066,0.013763,0.059635,0.004309,0.058316,0.028856,0.082648,,13612700,,
3,3,,0.007063,0.091037,0.058308,0.596066,0.013763,0.059635,0.004309,0.058316,0.028856,0.082648,,15681300,,
3,7,,0.004628,0.192031,0.138457,0.237158,0.015726,0.060505,0.00088,0.23798,0.046273,0.066363,,16592200,,
3,3,,0.007063,0.091037,0.058308,0.596066,0.013763,0.059635,0.004309,0.058316,0.028856,0.082648,,17007600,,
3,5,,0.044381,0.02605,0.080715,0.14401,0.083378,0.304712,0.000268,0.033444,0.016846,0.266197,,15218900,,
3,3,,0.007063,0.091037,0.058308,0.596066,0.013763,0.059635,0.004309,0.058316,0.028856,0.082648,,15743900,,
3,3,,0.007063,0.091037,0.058308,0.596066,0.013763,0.059635,0.004309,0.058316,0.028856,0.082648,,18136500,,
3,3,,0.007063,0.091037,0.058308,0.596066,0.013763,0.059635,0.004309,0.058316,0.028856,0.082648,,16171700,,
3,3,,0.007063,0.091037,0.058308,0.596066,0.013763,0.059635,0.004309,0.058316,0.028856,0.082648,,16409400,,
3,3,,0.007063,0.091037,0.058308,0.596066,0.013763,0.059635,0.004309,0.058316,0.028856,0.082648,,16100800,,
3,3,,0.007063,0.091037,0.057891,0.530649,0.013763,0.086302,0.004309,0.058316,0.055522,0.095148,,17872000,,
3,3,,0.007063,0.091037,0.058308,0.596066,0.013763,0.059635,0.004309,0.058316,0.028856,0.082648,,18170700,,
3,3,,0.007063,0.091037,0.058308,0.596066,0.013763,0.059635,0.004309,0.058316,0.028856,0.082648,,16884000,,
3,3,,0.007063,0.091037,0.057891,0.490649,0.013763,0.106302,0.004309,0.058316,0.075522,0.095148,,17429300,,
3,9,,0.044381,0.04205,0.036715,0.04001,0.083378,0.300712,0.000268,0.029444,0.016846,0.406197,,16852600,,
3,5,,0.044381,0.02605,0.040715,0.18401,0.083378,0.304712,0.000268,0.033444,0.016846,0.266197,,15243000,,
3,3,,0.007063,0.091037,0.058308,0.596066,0.013763,0.059635,0.004309,0.058316,0.028856,0.082648,,16771100,,
3,3,,0.007063,0.091037,0.058308,0.596066,0.013763,0.059635,0.004309,0.058316,0.028856,0.082648,,16584300,,
3,3,,0.007063,0.091037,0.058308,0.596066,0.013763,0.059635,0.004309,0.058316,0.028856,0.082648,,16822600,,
3,3,,0.007063,0.091037,0.058308,0.596066,0.013763,0.059635,0.004309,0.058316,0.028856,0.082648,,15739700,,
3,3,,0.007063,0.091037,0.058308,0.596066,0.013763,0.059635,0.004309,0.058316,0.028856,0.082648,,17114800,,
3,3,,0.007063,0.091037,0.057891,0.570649,0.013763,0.066302,0.004309,0.058316,0.035522,0.095148,,14284100,,
3,3,,0.007063,0.091037,0.058308,0.596066,0.013763,0.059635,0.004309,0.058316,0.028856,0.082648,,15437900,,
3,3,,0.007063,0.091037,0.058308,0.596066,0.013763,0.059635,0.004309,0.058316,0.028856,0.082648,,15120900,,
3,3,,0.007063,0.091037,0.057891,0.510649,0.013763,0.086302,0.004309,0.058316,0.055522,0.115148,,14962300,,
4,5,,0.044381,0.02205,0.036715,0.04001,0.243378,0.300712,0.000268,0.029444,0.016846,0.266197,,16178600,,
4,4,,0.022234,0.057876,0.080841,0.001436,0.417457,0.007522,0.199071,0.045323,0.158493,0.009747,,14286500,,
4,5,,0.044381,0.02205,0.036715,0.04001,0.092267,0.451823,0.000268,0.029444,0.016846,0.266197,,14514600,,
4,5,,0.074381,0.02205,0.036715,0.04001,0.183378,0.300712,0.000268,0.059444,0.016846,0.266197,,17646200,,
4,4,,0.022234,0.057876,0.100841,0.001436,0.357457,0.007522,0.199071,0.045323,0.158493,0.049747,,16541400,,
4,9,,0.043597,0.020621,0.032429,0.035724,0.069807,0.292855,0.000268,0.027301,0.017491,0.459907,,17404100,,
4,0,,0.529491,0.02262,0.029311,0.000191,0.335553,0.000573,0.028651,0.003053,0.045189,0.005369,,13913500,,
4,6,,0.023511,0.045155,0.092834,0.002075,0.279865,0.007571,0.327091,0.038893,0.176519,0.006485,,13553700,,
4,4,,0.022234,0.057876,0.080841,0.001436,0.417457,0.007522,0.199071,0.045323,0.158493,0.009747,,16615800,,
4,4,,0.022234,0.057876,0.080841,0.001436,0.417457,0.007522,0.199071,0.045323,0.158493,0.009747,,16332200,,
4,5,,0.044381,0.02205,0.036715,0.04001,0.243378,0.300712,0.000268,0.029444,0.016846,0.266197,,14071900,,
4,5,,0.044381,0.08605,0.040715,0.06401,0.083378,0.344712,0.000268,0.053444,0.016846,0.266197,,13263500,,
4,9,,0.044381,0.04205,0.036715,0.04001,0.083378,0.300712,0.000268,0.029444,0.016846,0.406197,,16179300,,
4,5,,0.044381,0.02205,0.036715,0.04001,0.192267,0.351823,0.000268,0.029444,0.016846,0.266197,,14397300,,
4,4,,0.022234,0.057876,0.080841,0.001436,0.417457,0.007522,0.199071,0.045323,0.158493,0.009747,,15898300,,
4,4,,0.022234,0.057876,0.080841,0.001436,0.417457,0.007522,0.199071,0.045323,0.158493,0.009747,,14051100,,
4,4,,0.022234,0.057231,0.080841,0.001436,0.418747,0.007522,0.199071,0.044678,0.158493,0.009747,,15196600,,
4,4,,0.022234,0.057231,0.080841,0.001436,0.398747,0.007522,0.199071,0.064678,0.158493,0.009747,,13542700,,
4,4,,0.022234,0.057876,0.080841,0.001436,0.417457,0.007522,0.199071,0.045323,0.158493,0.009747,,13930700,,
4,4,,0.022234,0.057231,0.080841,0.001436,0.418747,0.007522,0.199071,0.044678,0.158493,0.009747,,15280300,,
4,4,,0.022234,0.057876,0.080841,0.001436,0.417457,0.007522,0.199071,0.045323,0.158493,0.009747,,13901300,,
4,4,,0.022234,0.057876,0.080841,0.001436,0.417457,0.007522,0.199071,0.045323,0.158493,0.009747,,15972600,,
4,4,,0.022234,0.057876,0.080841,0.001436,0.417457,0.007522,0.199071,0.045323,0.158493,0.009747,,14839800,,
4,4,,0.022234,0.057876,0.080841,0.001436,0.417457,0.007522,0.199071,0.045323,0.158493,0.009747,,14427300,,
4,0,,0.626821,0.02262,0.027772,0.000191,0.239385,0.000573,0.028651,0.003053,0.045566,0.005369,,15319100,,
4,5,,0.044381,0.02205,0.036715,0.04001,0.243378,0.300712,0.000268,0.029444,0.016846,0.266197,,14287700,,
4,6,,0.023511,0.085155,0.092834,0.002075,0.239865,0.007571,0.327091,0.038893,0.176519,0.006485,,14232300,,
4,5,,0.044381,0.02205,0.036715,0.04001,0.192267,0.351823,0.000268,0.029444,0.016846,0.266197,,14116500,,
4,4,,0.022234,0.057876,0.080841,0.001436,0.417457,0.007522,0.199071,0.045323,0.158493,0.009747,,14383400,,
4,5,,0.044381,0.02205,0.036715,0.04001,0.132267,0.411823,0.000268,0.029444,0.016846,0.266197,,14182800,,
4,4,,0.022234,0.057876,0.080841,0.001436,0.417457,0.007522,0.199071,0.045323,0.158493,0.009747,,17780400,,
4,4,,0.022234,0.057876,0.080841,0.001436,0.417457,0.007522,0.199071,0.045323,0.158493,0.009747,,17139700,,
4,4,,0.022234,0.04199,0.108626,0.001436,0.349939,0.005536,0.186163,0.033408,0.240612,0.010056,,16703800,,
5,5,,0.044381,0.02205,0.036715,0.04001,0.083378,0.460712,0.000268,0.029444,0.016846,0.266197,,14935800,,
5,5,,0.043377,0.020621,0.032854,0.035724,0.070658,0.485621,0.000268,0.027727,0.017697,0.265452,,15065300,,
5,5,,0.043377,0.020621,0.032854,0.035724,0.070658,0.485621,0.000268,0.027727,0.017697,0.265452,,15868600,,
5,5,,0.043377,0.020621,0.032854,0.035724,0.070658,0.485621,0.000268,0.027727,0.017697,0.265452,,15095700,,
5,5,,0.043377,0.020621,0.032854,0.035724,0.070658,0.485621,0.000268,0.027727,0.017697,0.265452,,16875700,,
5,7,,0.008775,0.205707,0.137991,0.097132,0.016608,0.195593,0.00088,0.215597,0.048666,0.07305,,13828000,,
5,3,,0.007063,0.091037,0.087891,0.467316,0.013763,0.159635,0.004309,0.058316,0.028856,0.081815,,15829000,,
5,5,,0.043377,0.020621,0.032854,0.035724,0.070658,0.485621,0.000268,0.027727,0.017697,0.265452,,14022500,,
5,5,,0.043377,0.020621,0.032854,0.035724,0.070658,0.485621,0.000268,0.027727,0.017697,0.265452,,13726000,,
5,7,,0.004775,0.239041,0.164658,0.077132,0.016608,0.066927,0.00088,0.305597,0.052,0.072383,,13653400,,
5,5,,0.043377,0.020621,0.032854,0.035724,0.070658,0.485621,0.000268,0.027727,0.017697,0.265452,,18183000,,
5,3,,0.003063,0.067037,0.060628,0.272158,0.009763,0.132688,0.099045,0.052316,0.061698,0.241604,,14508900,,
5,7,,0.004775,0.21687,0.141712,0.077132,0.017539,0.198477,0.00088,0.222109,0.050527,0.06998,,15044000,,
5,5,,0.043377,0.020621,0.032854,0.035724,0.070658,0.485621,0.000268,0.027727,0.017697,0.265452,,14975200,,
5,5,,0.043377,0.020621,0.032854,0.035724,0.070658,0.485621,0.000268,0.027727,0.017697,0.265452,,13919300,,
5,7,,0.004775,0.21687,0.141712,0.077132,0.017539,0.198477,0.00088,0.222109,0.050527,0.06998,,15034500,,
5,9,,0.043597,0.020621,0.032429,0.035724,0.069807,0.292855,0.000268,0.027301,0.017491,0.459907,,16833100,,
5,3,,0.008775,0.205707,0.137991,0.217132,0.016608,0.075593,0.00088,0.215597,0.048666,0.07305,,13708500,,
5,3,,0.003063,0.067037,0.060628,0.272158,0.009763,0.172688,0.099045,0.052316,0.061698,0.201604,,16294700,,
5,5,,0.044381,0.02205,0.036715,0.04001,0.192267,0.351823,0.000268,0.029444,0.016846,0.266197,,16588300,,
5,7,,0.004775,0.206683,0.14482,0.080059,0.016608,0.063593,0.00088,0.217548,0.062325,0.202709,,15116100,,
5,3,,0.003063,0.067037,0.060628,0.432158,0.009763,0.132688,0.019045,0.052316,0.061698,0.161604,,14396400,,
5,5,,0.043377,0.020621,0.032854,0.035724,0.070658,0.485621,0.000268,0.027727,0.017697,0.265452,,15118600,,
5,5,,0.043377,0.020621,0.032854,0.035724,0.070658,0.485621,0.000268,0.027727,0.017697,0.265452,,15667700,,
5,5,,0.043377,0.020621,0.032854,0.035724,0.070658,0.485621,0.000268,0.027727,0.017697,0.265452,,17286600,,
5,7,,0.004775,0.21687,0.141712,0.077132,0.017539,0.198477,0.00088,0.222109,0.050527,0.06998,,15651700,,
5,5,,0.044381,0.02205,0.036715,0.04001,0.092267,0.451823,0.000268,0.029444,0.016846,0.266197,,15392000,,
5,5,,0.043377,0.020621,0.032854,0.035724,0.070658,0.485621,0.000268,0.027727,0.017697,0.265452,,13901300,,
5,5,,0.043377,0.020621,0.032854,0.035724,0.070658,0.485621,0.000268,0.027727,0.017697,0.265452,,15208200,,
5,5,,0.043377,0.020621,0.032854,0.035724,0.070658,0.485621,0.000268,0.027727,0.017697,0.265452,,14289600,,
5,7,,0.004775,0.21687,0.141712,0.077132,0.017539,0.198477,0.00088,0.222109,0.050527,0.06998,,17848800,,
5,5,,0.044381,0.02205,0.036715,0.04001,0.243378,0.300712,0.000268,0.029444,0.016846,0.266197,,18348000,,
6,6,,0.025158,0.030916,0.240369,0.022898,0.116465,0.006409,0.346418,0.030272,0.176595,0.004499,,15795400,,
6,0,,0.529491,0.02262,0.029311,0.000191,0.335553,0.000573,0.028651,0.003053,0.045189,0.005369,,16814600,,
6,6,,0.025158,0.030916,0.260369,0.002898,0.116465,0.006409,0.346418,0.030272,0.176595,0.004499,,16923500,,
6,6,,0.025158,0.030916,0.100369,0.002898,0.116853,0.006797,0.505253,0.030272,0.176984,0.004499,,17491200,,
6,6,,0.025158,0.030916,0.100369,0.002898,0.116853,0.006797,0.505253,0.030272,0.176984,0.004499,,16771900,,
6,6,,0.023511,0.045155,0.092834,0.002075,0.179865,0.007571,0.427091,0.038893,0.176519,0.006485,,19791700,,
6,6,,0.025158,0.030916,0.100369,0.002898,0.116853,0.006797,0.505253,0.030272,0.176984,0.004499,,17944300,,
6,6,,0.023511,0.045155,0.092834,0.002075,0.179865,0.007571,0.427091,0.038893,0.176519,0.006485,,17599600,,
6,6,,0.025158,0.030916,0.100369,0.002898,0.116853,0.006797,0.505253,0.030272,0.176984,0.004499,,18147300,,
6,6,,0.025158,0.030916,0.100369,0.002898,0.116853,0.006797,0.505253,0.030272,0.176984,0.004499,,18320500,,
6,6,,0.025158,0.030916,0.100369,0.002898,0.116853,0.006797,0.505253,0.030272,0.176984,0.004499,,18544200,,
6,6,,0.025158,0.030916,0.100369,0.002898,0.116853,0.006797,0.505253,0.030272,0.176984,0.004499,,19544900,,
6,6,,0.023881,0.037939,0.090829,0.00226,0.167137,0.005938,0.449433,0.037669,0.176616,0.008298,,17771100,,
6,6,,0.025158,0.030916,0.100369,0.002898,0.116853,0.006797,0.505253,0.030272,0.176984,0.004499,,19196600,,
6,6,,0.025158,0.030916,0.260369,0.002898,0.116465,0.006409,0.346418,0.030272,0.176595,0.004499,,17821900,,
6,6,,0.025158,0.030916,0.100369,0.002898,0.116853,0.006797,0.505253,0.030272,0.176984,0.004499,,16149600,,
6,6,,0.023511,0.045155,0.092834,0.002075,0.180253,0.00796,0.425926,0.038893,0.176908,0.006485,,16746500,,
6,6,,0.025158,0.030916,0.100369,0.002898,0.116853,0.006797,0.505253,0.030272,0.176984,0.004499,,16973600,,
6,6,,0.025158,0.030916,0.100369,0.002898,0.116853,0.006797,0.505253,0.030272,0.176984,0.004499,,15612100,,
6,6,,0.025158,0.030916,0.100369,0.002898,0.116465,0.106409,0.346418,0.030272,0.236595,0.004499,,18763300,,
6,6,,0.025158,0.030916,0.100369,0.002898,0.116853,0.006797,0.505253,0.030272,0.176984,0.004499,,17134800,,
6,1,,0.004775,0.362549,0.138517,0.077658,0.016608,0.063593,0.00088,0.21665,0.049193,0.069576,,16793600,,
6,6,,0.023881,0.037939,0.090829,0.00226,0.167137,0.005938,0.289433,0.097669,0.276616,0.008298,,17039800,,
6,1,,0.004775,0.362549,0.138517,0.077658,0.016608,0.063593,0.00088,0.21665,0.049193,0.069576,,17976100,,
6,6,,0.023511,0.045155,0.092834,0.002075,0.179865,0.007571,0.427091,0.038893,0.176519,0.006485,,15510500,,
6,6,,0.025158,0.030916,0.100369,0.002898,0.116853,0.006797,0.505253,0.030272,0.176984,0.004499,,15218100,,
6,6,,0.025158,0.030916,0.100369,0.002898,0.116853,0.006797,0.505253,0.030272,0.176984,0.004499,,14880100,,
6,6,,0.025158,0.030916,0.100369,0.002898,0.116465,0.006409,0.506418,0.030272,0.176595,0.004499,,14683500,,
6,6,,0.025158,0.030916,0.100369,0.002898,0.116853,0.006797,0.505253,0.030272,0.176984,0.004499,,15912100,,
6,6,,0.025158,0.030916,0.100369,0.002898,0.116853,0.006797,0.505253,0.030272,0.176984,0.004499,,16115000,,
6,6,,0.025158,0.030916,0.100369,0.002898,0.116853,0.006797,0.505253,0.030272,0.176984,0.004499,,15711900,,
6,6,,0.025158,0.030916,0.100369,0.002898,0.116853,0.006797,0.505253,0.030272,0.176984,0.004499,,16759400,,
6,6,,0.025158,0.030916,0.100369,0.002898,0.116853,0.006797,0.505253,0.030272,0.176984,0.004499,,14467900,,
7,7,,0.004775,0.205707,0.137991,0.077132,0.136608,0.063593,0.00088,0.255597,0.048666,0.06905,,17524200,,
7,7,,0.004775,0.205707,0.137991,0.077132,0.016608,0.063593,0.00088,0.372264,0.052,0.06905,,16656000,,
7,7,,0.004628,0.192031,0.138457,0.077158,0.015726,0.060505,0.00088,0.397253,0.047,0.066363,,17772300,,
7,7,,0.004775,0.21687,0.221712,0.077132,0.017539,0.078477,0.00088,0.262109,0.050527,0.06998,,14952200,,
7,6,,0.023881,0.037939,0.090829,0.00226,0.167137,0.005938,0.289433,0.197669,0.176616,0.008298,,16588600,,
7,1,,0.004775,0.33687,0.141712,0.077132,0.017539,0.078477,0.00088,0.222109,0.050527,0.06998,,15614600,,
7,7,,0.004628,0.192031,0.138457,0.077158,0.015726,0.060505,0.00088,0.397253,0.047,0.066363,,16598200,,
7,7,,0.004775,0.205707,0.137991,0.077132,0.016608,0.063593,0.00088,0.372264,0.052,0.06905,,15411400,,
7,6,,0.023041,0.167484,0.129604,0.001839,0.179949,0.007101,0.240309,0.038742,0.205446,0.006485,,14247900,,
7,1,,0.004775,0.322549,0.138517,0.077658,0.016608,0.063593,0.00088,0.25665,0.049193,0.069576,,15093200,,
7,7,,0.004628,0.192031,0.138457,0.077158,0.015726,0.060505,0.00088,0.397253,0.047,0.066363,,15134000,,
7,7,,0.004628,0.192031,0.138457,0.077158,0.015726,0.060505,0.00088,0.397253,0.047,0.066363,,17892600,,
7,7,,0.004775,0.27687,0.141712,0.077132,0.017539,0.078477,0.00088,0.282109,0.050527,0.06998,,14464200,,
7,7,,0.004628,0.192031,0.138457,0.077158,0.015726,0.060505,0.00088,0.397253,0.047,0.066363,,16429100,,
7,7,,0.004775,0.205707,0.137991,0.077132,0.016608,0.063593,0.00088,0.372264,0.052,0.06905,,17625500,,
7,7,,0.004775,0.21687,0.201712,0.077132,0.017539,0.078477,0.00088,0.282109,0.050527,0.06998,,15080800,,
7,7,,0.004628,0.192031,0.138457,0.077158,0.015726,0.060505,0.00088,0.397253,0.047,0.066363,,16799500,,
7,1,,0.004775,0.342549,0.138517,0.077658,0.016608,0.063593,0.00088,0.23665,0.049193,0.069576,,15072700,,
7,7,,0.004628,0.192031,0.138457,0.077158,0.015726,0.060505,0.00088,0.397253,0.047,0.066363,,15670800,,
7,7,,0.004628,0.192031,0.138457,0.077158,0.015726,0.060505,0.00088,0.397253,0.047,0.066363,,17564800,,
7,1,,0.004775,0.342549,0.138517,0.077658,0.016608,0.063593,0.00088,0.23665,0.049193,0.069576,,13239600,,
7,1,,0.004775,0.33687,0.141712,0.077132,0.017539,0.078477,0.00088,0.222109,0.050527,0.06998,,16760500,,
7,7,,0.004775,0.205707,0.137991,0.077132,0.016608,0.063593,0.00088,0.372264,0.052,0.06905,,14456700,,
7,3,,0.007063,0.091037,0.057891,0.577316,0.013763,0.079635,0.004309,0.058316,0.028856,0.081815,,14543300,,
7,7,,0.004628,0.192031,0.138457,0.077158,0.015726,0.060505,0.00088,0.397253,0.047,0.066363,,14753000,,
7,6,,0.025158,0.030916,0.100369,0.002898,0.156465,0.006409,0.346418,0.030272,0.296595,0.004499,,15944800,,
7,7,,0.004775,0.205707,0.137991,0.077132,0.016608,0.063593,0.00088,0.375597,0.048666,0.06905,,13009300,,
7,7,,0.004775,0.205707,0.137991,0.077132,0.016608,0.063593,0.00088,0.372264,0.052,0.06905,,15494000,,
7,7,,0.004775,0.206683,0.14482,0.080059,0.016608,0.063593,0.00088,0.217548,0.182325,0.082709,,16494400,,
7,1,,0.004775,0.362549,0.138517,0.077658,0.016608,0.063593,0.00088,0.21665,0.049193,0.069576,,13652600,,
7,7,,0.004628,0.192031,0.138457,0.077158,0.015726,0.060505,0.00088,0.397253,0.047,0.066363,,14659800,,
7,7,,0.004628,0.192031,0.138457,0.077158,0.015726,0.060505,0.00088,0.397253,0.047,0.066363,,15639700,,
8,8,,0.023041,0.031598,0.127389,0.001839,0.112432,0.005115,0.227402,0.026827,0.437564,0.006794,,15963300,,
8,8,,0.023511,0.029269,0.120619,0.002075,0.112347,0.005586,0.282754,0.032692,0.384352,0.006794,,14202700,,
8,2,,0.004775,0.206683,0.26482,0.080059,0.016608,0.063593,0.00088,0.217548,0.062325,0.082709,,13802700,,
8,0,,0.527953,0.035953,0.077772,0.000191,0.13863,0.000573,0.028651,0.003053,0.178522,0.008702,,15178100,,
8,9,,0.043597,0.020621,0.032429,0.035724,0.069807,0.292855,0.000268,0.027301,0.017491,0.459907,,16132100,,
8,8,,0.023041,0.031598,0.127389,0.001839,0.112432,0.005115,0.227402,0.026827,0.437564,0.006794,,14525800,,
8,8,,0.023041,0.047484,0.099604,0.001839,0.179949,0.007101,0.240309,0.038742,0.355446,0.006485,,14169300,,
8,0,,0.527953,0.115953,0.057772,0.000191,0.13863,0.000573,0.028651,0.003053,0.078522,0.048702,,15580700,,
8,2,,0.004775,0.206683,0.26482,0.080059,0.016608,0.063593,0.00088,0.217548,0.062325,0.082709,,16745400,,
8,3,,0.007063,0.091037,0.057891,0.437316,0.013763,0.059635,0.004309,0.078316,0.098856,0.151815,,16172900,,
8,6,,0.025158,0.030916,0.100369,0.002898,0.209798,0.006409,0.346418,0.030272,0.243262,0.004499,,14563400,,
8,8,,0.022234,0.052178,0.103295,0.001436,0.230537,0.007101,0.210105,0.10629,0.25654,0.010284,,15698900,,
8,8,,0.023041,0.031598,0.127389,0.001839,0.112432,0.005115,0.227402,0.026827,0.437564,0.006794,,15704000,,
8,7,,0.004775,0.206683,0.14482,0.080059,0.016608,0.063593,0.00088,0.217548,0.182325,0.082709,,17804900,,
8,6,,0.023041,0.107484,0.169604,0.001839,0.179949,0.007101,0.240309,0.038742,0.225446,0.006485,,17381300,,
8,8,,0.023041,0.031598,0.127389,0.001839,0.112432,0.005115,0.227402,0.026827,0.437564,0.006794,,16629700,,
8,7,,0.004775,0.206683,0.14482,0.080059,0.016608,0.063593,0.00088,0.217548,0.182325,0.082709,,14985500,,
8,0,,0.529491,0.02262,0.029311,0.000191,0.335553,0.000573,0.028651,0.003053,0.045189,0.005369,,14475300,,
8,3,,0.007063,0.091037,0.057891,0.450649,0.013763,0.086302,0.004309,0.058316,0.055522,0.175148,,13832200,,
8,8,,0.023041,0.031598,0.127389,0.001839,0.112432,0.005115,0.227402,0.026827,0.437564,0.006794,,14131900,,
8,8,,0.023041,0.031598,0.147389,0.001839,0.112432,0.005115,0.227402,0.026827,0.417564,0.006794,,13891400,,
8,2,,0.004775,0.206683,0.26482,0.080059,0.016608,0.063593,0.00088,0.217548,0.062325,0.082709,,14293400,,
8,8,,0.022234,0.036292,0.11108,0.001436,0.163019,0.005115,0.237198,0.034375,0.258659,0.130593,,16508200,,
8,6,,0.023511,0.029269,0.120619,0.002075,0.14568,0.005586,0.354183,0.026978,0.285305,0.006794,,14875900,,
8,8,,0.022234,0.036292,0.13108,0.001436,0.163019,0.005115,0.197198,0.034375,0.398659,0.010593,,16727000,,
8,8,,0.023041,0.031598,0.127389,0.001839,0.112432,0.005115,0.227402,0.026827,0.437564,0.006794,,17326800,,
8,3,,0.007063,0.091037,0.057891,0.450649,0.013763,0.106302,0.004309,0.058316,0.035522,0.175148,,14825100,,
8,7,,0.004775,0.206683,0.14482,0.120059,0.016608,0.063593,0.00088,0.217548,0.142325,0.082709,,15863400,,
8,5,,0.043377,0.020621,0.032854,0.035724,0.070658,0.485621,0.000268,0.027727,0.017697,0.265452,,15387200,,
8,5,,0.043377,0.020621,0.032854,0.035724,0.070658,0.325621,0.000268,0.027727,0.137697,0.305452,,15977000,,
8,2,,0.004775,0.206683,0.26482,0.080059,0.016608,0.063593,0.00088,0.217548,0.062325,0.082709,,16373400,,
9,9,,0.003063,0.067037,0.060628,0.272158,0.009763,0.132688,0.019045,0.052316,0.061698,0.321604,,15662300,,
9,9,,0.043597,0.020621,0.032429,0.035724,0.069807,0.292855,0.000268,0.027301,0.017491,0.459907,,15997000,,
9,9,,0.043597,0.020621,0.032429,0.035724,0.069807,0.292855,0.000268,0.027301,0.017491,0.459907,,16874600,,
9,5,,0.044381,0.02205,0.036715,0.04001,0.092267,0.451823,0.000268,0.029444,0.016846,0.266197,,14410800,,
9,5,,0.043377,0.020621,0.032854,0.035724,0.070658,0.485621,0.000268,0.027727,0.017697,0.265452,,16584800,,
9,9,,0.043597,0.020621,0.032429,0.035724,0.069807,0.292855,0.000268,0.027301,0.017491,0.459907,,16614500,,
9,5,,0.043377,0.020621,0.032854,0.035724,0.090658,0.425621,0.000268,0.067727,0.017697,0.265452,,16369600,,
9,3,,0.007063,0.091037,0.057891,0.437316,0.013763,0.059635,0.004309,0.058316,0.038856,0.231815,,19870200,,
9,3,,0.007063,0.091037,0.058308,0.596066,0.013763,0.059635,0.004309,0.058316,0.028856,0.082648,,16012400,,
9,9,,0.043597,0.020621,0.032429,0.035724,0.069807,0.292855,0.000268,0.027301,0.017491,0.459907,,16137800,,
9,9,,0.043597,0.020621,0.032429,0.035724,0.069807,0.292855,0.000268,0.027301,0.017491,0.459907,,18572100,,
9,9,,0.043377,0.020621,0.032854,0.035724,0.070658,0.325621,0.000268,0.027727,0.017697,0.425452,,15869100,,
9,9,,0.043597,0.020621,0.032429,0.035724,0.069807,0.292855,0.000268,0.027301,0.017491,0.459907,,16786400,,
9,9,,0.043597,0.020621,0.032429,0.035724,0.069807,0.292855,0.000268,0.027301,0.017491,0.459907,,16271600,,
9,9,,0.043597,0.020621,0.032429,0.035724,0.069807,0.292855,0.000268,0.027301,0.017491,0.459907,,15522700,,
9,9,,0.043597,0.020621,0.032429,0.035724,0.069807,0.292855,0.000268,0.027301,0.017491,0.459907,,14926600,,
9,9,,0.043597,0.020621,0.032429,0.035724,0.069807,0.292855,0.000268,0.027301,0.017491,0.459907,,16623200,,
9,9,,0.043597,0.020621,0.032429,0.035724,0.069807,0.292855,0.000268,0.027301,0.017491,0.459907,,16712200,,
9,9,,0.043597,0.020621,0.032429,0.035724,0.069807,0.292855,0.000268,0.027301,0.017491,0.459907,,13667900,,
9,9,,0.043597,0.020621,0.032429,0.035724,0.069807,0.292855,0.000268,0.027301,0.017491,0.459907,,17135400,,
9,9,,0.043597,0.020621,0.032429,0.035724,0.069807,0.292855,0.000268,0.027301,0.017491,0.459907,,16192800,,
9,3,,0.003063,0.067037,0.060628,0.272158,0.009763,0.132688,0.019045,0.052316,0.141698,0.241604,,14049000,,
9,9,,0.043597,0.020621,0.032429,0.035724,0.069807,0.292855,0.000268,0.027301,0.017491,0.459907,,13925900,,
9,9,,0.043597,0.020621,0.032429,0.035724,0.069807,0.292855,0.000268,0.027301,0.017491,0.459907,,14300200,,
9,9,,0.003063,0.067037,0.100628,0.272158,0.009763,0.132688,0.019045,0.052316,0.061698,0.281604,,17352500,,
9,9,,0.043597,0.020621,0.032429,0.035724,0.069807,0.292855,0.000268,0.027301,0.017491,0.459907,,14976100,,
9,9,,0.043597,0.020621,0.032429,0.035724,0.069807,0.292855,0.000268,0.027301,0.017491,0.459907,,16742800,,
9,9,,0.043597,0.020621,0.032429,0.035724,0.069807,0.292855,0.000268,0.027301,0.017491,0.459907,,16950600,,
9,5,,0.044381,0.02605,0.040715,0.18401,0.083378,0.304712,0.000268,0.033444,0.016846,0.266197,,15648700,,
9,9,,0.043597,0.020621,0.032429,0.035724,0.069807,0.292855,0.000268,0.027301,0.017491,0.459907,,16108500,,
9,7,,0.004775,0.206683,0.14482,0.080059,0.016608,0.063593,0.00088,0.217548,0.062325,0.202709,,15393800,,
9,9,,0.043597,0.020621,0.032429,0.035724,0.069807,0.292855,0.000268,0.027301,0.017491,0.459907,,18536600,,