semeion,Tuned_CWT,test,4,NANOSECONDS,PREDICTIONS, Generated by ClassifierExperiments.java on 2022-05-16 00:29:16.    SYSTEMPROPERTIES:{user.name:matth,os.arch:amd64,os.name:Windows 10},ENDSYSTEMPROPERTIES
No parameter info
0.7739938080495357,6099858700,4717208300,-1,202725624,10,,-1,-1
0,0,,0.691133,0.017065,0.03643,0.004052,0.069269,0.000353,0.016812,0.018864,0.095466,0.050556,,14514200,,
0,0,,0.691133,0.017065,0.03643,0.004052,0.069269,0.000353,0.016812,0.018864,0.095466,0.050556,,13196700,,
0,0,,0.691133,0.017065,0.03643,0.004052,0.069269,0.000353,0.016812,0.018864,0.095466,0.050556,,13416300,,
0,6,,0.029863,0.04365,0.233304,0.008991,0.140981,0.012649,0.262262,0.027968,0.232812,0.00752,,12553000,,
0,0,,0.691133,0.017065,0.03643,0.004052,0.069269,0.000353,0.016812,0.018864,0.095466,0.050556,,12866400,,
0,0,,0.521725,0.022003,0.046307,0.004948,0.149201,0.00304,0.128752,0.027,0.053326,0.043699,,11440600,,
0,0,,0.691133,0.017065,0.03643,0.004052,0.069269,0.000353,0.016812,0.018864,0.095466,0.050556,,12055000,,
0,0,,0.506724,0.022439,0.031364,0.206781,0.057093,0.038637,0.004396,0.035671,0.024845,0.07205,,12049600,,
0,0,,0.691133,0.017065,0.03643,0.004052,0.069269,0.000353,0.016812,0.018864,0.095466,0.050556,,11976900,,
0,0,,0.691133,0.017065,0.03643,0.004052,0.069269,0.000353,0.016812,0.018864,0.095466,0.050556,,11730700,,
0,0,,0.691133,0.017065,0.03643,0.004052,0.069269,0.000353,0.016812,0.018864,0.095466,0.050556,,13311800,,
0,0,,0.425886,0.036771,0.081157,0.008182,0.05275,0.010005,0.159299,0.018607,0.190834,0.01651,,12417400,,
0,0,,0.425886,0.036771,0.081157,0.008182,0.05275,0.010005,0.159299,0.018607,0.190834,0.01651,,11426900,,
0,0,,0.691133,0.017065,0.03643,0.004052,0.069269,0.000353,0.016812,0.018864,0.095466,0.050556,,13240900,,
0,0,,0.691133,0.017065,0.03643,0.004052,0.069269,0.000353,0.016812,0.018864,0.095466,0.050556,,12531000,,
0,8,,0.029863,0.04365,0.093304,0.008991,0.140981,0.012649,0.262262,0.027968,0.372812,0.00752,,12093700,,
0,0,,0.521185,0.012442,0.026012,0.021742,0.089027,0.118523,0.002343,0.029978,0.018465,0.160283,,11409900,,
0,0,,0.691133,0.017065,0.03643,0.004052,0.069269,0.000353,0.016812,0.018864,0.095466,0.050556,,12673100,,
0,0,,0.691133,0.017065,0.03643,0.004052,0.069269,0.000353,0.016812,0.018864,0.095466,0.050556,,12101700,,
0,0,,0.691133,0.017065,0.03643,0.004052,0.069269,0.000353,0.016812,0.018864,0.095466,0.050556,,12093000,,
0,0,,0.691133,0.017065,0.03643,0.004052,0.069269,0.000353,0.016812,0.018864,0.095466,0.050556,,11844900,,
0,0,,0.691133,0.017065,0.03643,0.004052,0.069269,0.000353,0.016812,0.018864,0.095466,0.050556,,12662400,,
0,8,,0.20394,0.039704,0.085139,0.007966,0.051452,0.009573,0.134218,0.018936,0.432562,0.01651,,12026700,,
0,0,,0.691133,0.017065,0.03643,0.004052,0.069269,0.000353,0.016812,0.018864,0.095466,0.050556,,11985700,,
0,0,,0.691133,0.017065,0.03643,0.004052,0.069269,0.000353,0.016812,0.018864,0.095466,0.050556,,12341400,,
0,0,,0.691133,0.017065,0.03643,0.004052,0.069269,0.000353,0.016812,0.018864,0.095466,0.050556,,11969300,,
0,0,,0.691133,0.017065,0.03643,0.004052,0.069269,0.000353,0.016812,0.018864,0.095466,0.050556,,12683900,,
0,0,,0.691133,0.017065,0.03643,0.004052,0.069269,0.000353,0.016812,0.018864,0.095466,0.050556,,11853400,,
0,0,,0.365886,0.036771,0.081157,0.008182,0.05275,0.010005,0.159299,0.018607,0.250834,0.01651,,12396200,,
0,0,,0.691133,0.017065,0.03643,0.004052,0.069269,0.000353,0.016812,0.018864,0.095466,0.050556,,13330500,,
0,0,,0.691133,0.017065,0.03643,0.004052,0.069269,0.000353,0.016812,0.018864,0.095466,0.050556,,13138800,,
0,0,,0.691133,0.017065,0.03643,0.004052,0.069269,0.000353,0.016812,0.018864,0.095466,0.050556,,12721000,,
0,0,,0.691133,0.017065,0.03643,0.004052,0.069269,0.000353,0.016812,0.018864,0.095466,0.050556,,11833500,,
1,1,,0.002789,0.405398,0.145668,0.101652,0.016036,0.067058,0.01086,0.148733,0.039713,0.062093,,12111200,,
1,1,,0.002868,0.417493,0.080278,0.098562,0.014769,0.069178,0.014315,0.202355,0.042236,0.057947,,14665200,,
1,1,,0.003166,0.303985,0.228523,0.10618,0.016791,0.075224,0.009835,0.142444,0.046234,0.067618,,16604300,,
1,1,,0.003578,0.331111,0.067935,0.202103,0.03974,0.088739,0.009908,0.087481,0.040656,0.12875,,14555700,,
1,1,,0.002868,0.417493,0.080278,0.098562,0.014769,0.069178,0.014315,0.202355,0.042236,0.057947,,13839800,,
1,1,,0.002868,0.337493,0.080278,0.098562,0.014769,0.109178,0.014315,0.242355,0.042236,0.057947,,12079100,,
1,4,,0.025762,0.056943,0.067505,0.008356,0.254959,0.012993,0.198382,0.211861,0.149656,0.013582,,12268700,,
1,1,,0.002789,0.405398,0.145668,0.101652,0.016036,0.067058,0.01086,0.148733,0.039713,0.062093,,13184500,,
1,1,,0.002571,0.398795,0.210598,0.103488,0.015602,0.061328,0.0094,0.100504,0.033905,0.06381,,13354500,,
1,1,,0.025762,0.276943,0.067505,0.008356,0.254959,0.012993,0.198382,0.031861,0.109656,0.013582,,16186300,,
1,1,,0.025762,0.276943,0.067505,0.008356,0.254959,0.012993,0.198382,0.031861,0.109656,0.013582,,13019300,,
1,1,,0.002868,0.417493,0.080278,0.098562,0.014769,0.069178,0.014315,0.202355,0.042236,0.057947,,17045400,,
1,3,,0.006225,0.243742,0.07114,0.344711,0.036327,0.086997,0.011232,0.085391,0.045184,0.069052,,12851400,,
1,5,,0.023015,0.033106,0.124922,0.193693,0.072082,0.254961,0.007758,0.044054,0.033371,0.213039,,12039900,,
1,1,,0.002868,0.417493,0.080278,0.098562,0.014769,0.069178,0.014315,0.202355,0.042236,0.057947,,12807200,,
1,1,,0.00265,0.41089,0.145207,0.100398,0.014334,0.063448,0.012854,0.154126,0.036427,0.059665,,13353200,,
1,2,,0.002571,0.17955,0.429843,0.103488,0.015602,0.061328,0.0094,0.100504,0.033905,0.06381,,13396100,,
1,1,,0.002868,0.417493,0.080278,0.098562,0.014769,0.069178,0.014315,0.202355,0.042236,0.057947,,13405700,,
1,1,,0.002571,0.398795,0.210598,0.103488,0.015602,0.061328,0.0094,0.100504,0.033905,0.06381,,13359800,,
1,1,,0.004156,0.336101,0.089291,0.11357,0.016709,0.101765,0.009993,0.187373,0.06413,0.076912,,13663800,,
1,1,,0.003578,0.231111,0.067935,0.202103,0.13974,0.088739,0.009908,0.087481,0.040656,0.12875,,13611000,,
1,1,,0.004156,0.336101,0.089291,0.11357,0.016709,0.101765,0.009993,0.187373,0.06413,0.076912,,13009400,,
1,1,,0.002571,0.398795,0.210598,0.103488,0.015602,0.061328,0.0094,0.100504,0.033905,0.06381,,12383300,,
1,1,,0.002571,0.381098,0.093596,0.149273,0.02457,0.080185,0.009405,0.103481,0.036631,0.11919,,11952400,,
1,1,,0.002868,0.417493,0.080278,0.098562,0.014769,0.069178,0.014315,0.202355,0.042236,0.057947,,11747500,,
1,5,,0.023015,0.033106,0.084922,0.233693,0.072082,0.254961,0.007758,0.044054,0.033371,0.213039,,12609600,,
1,4,,0.02606,0.056943,0.067505,0.008356,0.474362,0.013291,0.198382,0.031861,0.109656,0.013582,,12153100,,
1,3,,0.004156,0.132266,0.089043,0.315812,0.016435,0.095737,0.009993,0.183862,0.072229,0.080467,,11854300,,
1,1,,0.002868,0.417493,0.080278,0.098562,0.014769,0.069178,0.014315,0.202355,0.042236,0.057947,,14028000,,
1,1,,0.199839,0.272997,0.05934,0.007331,0.165431,0.009917,0.070338,0.022829,0.169406,0.022572,,15965400,,
1,1,,0.199839,0.272997,0.05934,0.007331,0.165431,0.009917,0.070338,0.022829,0.169406,0.022572,,12037900,,
1,1,,0.002868,0.417493,0.080278,0.098562,0.014769,0.069178,0.014315,0.202355,0.042236,0.057947,,11787400,,
1,1,,0.002571,0.381098,0.093596,0.149273,0.02457,0.080185,0.009405,0.103481,0.036631,0.11919,,14986200,,
2,2,,0.002571,0.17955,0.429843,0.103488,0.015602,0.061328,0.0094,0.100504,0.033905,0.06381,,11888800,,
2,2,,0.002571,0.17955,0.429843,0.103488,0.015602,0.061328,0.0094,0.100504,0.033905,0.06381,,13014500,,
2,2,,0.002571,0.17955,0.429843,0.103488,0.015602,0.061328,0.0094,0.100504,0.033905,0.06381,,13674500,,
2,2,,0.029863,0.04365,0.313304,0.008991,0.140981,0.012649,0.262262,0.027968,0.152812,0.00752,,14294600,,
2,2,,0.002571,0.17955,0.429843,0.103488,0.015602,0.061328,0.0094,0.100504,0.033905,0.06381,,13874500,,
2,8,,0.004156,0.132266,0.089043,0.115812,0.016435,0.095737,0.009993,0.183862,0.272229,0.080467,,12638300,,
2,7,,0.002868,0.167474,0.166561,0.180784,0.014769,0.068091,0.01214,0.2812,0.048926,0.057188,,11936100,,
2,8,,0.004156,0.132266,0.129043,0.115812,0.016435,0.095737,0.009993,0.183862,0.212229,0.100467,,12900900,,
2,8,,0.199447,0.047507,0.060922,0.007331,0.136803,0.009524,0.081373,0.024019,0.410298,0.022775,,12452300,,
2,3,,0.005218,0.115952,0.201245,0.249659,0.021157,0.120666,0.072951,0.101391,0.050047,0.061714,,14124400,,
2,5,,0.023015,0.033106,0.213256,0.053693,0.072082,0.304961,0.007758,0.045721,0.033371,0.213039,,14329200,,
2,3,,0.006225,0.085964,0.117806,0.302489,0.016327,0.086997,0.011232,0.152058,0.15185,0.069052,,13842200,,
2,2,,0.029863,0.04365,0.313304,0.008991,0.140981,0.012649,0.262262,0.027968,0.152812,0.00752,,13924500,,
2,4,,0.025762,0.116943,0.067505,0.008356,0.354959,0.012993,0.198382,0.071861,0.109656,0.033582,,12396700,,
2,2,,0.002571,0.17955,0.429843,0.103488,0.015602,0.061328,0.0094,0.100504,0.033905,0.06381,,21035900,,
2,2,,0.029863,0.04365,0.313304,0.008991,0.140981,0.012649,0.262262,0.027968,0.152812,0.00752,,18462700,,
2,8,,0.031809,0.040717,0.091544,0.009207,0.142278,0.013081,0.289565,0.027639,0.34664,0.00752,,16430800,,
2,2,,0.002571,0.17955,0.429843,0.103488,0.015602,0.061328,0.0094,0.100504,0.033905,0.06381,,16599200,,
2,3,,0.005218,0.115952,0.101245,0.249659,0.021157,0.100666,0.012951,0.101391,0.170047,0.121714,,16867000,,
2,2,,0.20394,0.039704,0.305139,0.007966,0.051452,0.009573,0.134218,0.018936,0.212562,0.01651,,21601400,,
2,2,,0.002571,0.17955,0.429843,0.103488,0.015602,0.061328,0.0094,0.100504,0.033905,0.06381,,18354500,,
2,2,,0.004156,0.136101,0.289291,0.11357,0.016709,0.101765,0.009993,0.187373,0.06413,0.076912,,15182100,,
2,2,,0.002571,0.17955,0.429843,0.103488,0.015602,0.061328,0.0094,0.100504,0.033905,0.06381,,14381300,,
2,6,,0.031809,0.040717,0.129658,0.009207,0.142614,0.07325,0.406335,0.027639,0.131252,0.00752,,15730500,,
2,2,,0.031809,0.040717,0.287504,0.009207,0.142278,0.013081,0.287343,0.027639,0.152902,0.00752,,14883400,,
2,5,,0.023015,0.033106,0.253256,0.053693,0.072082,0.264961,0.007758,0.045721,0.033371,0.213039,,14419400,,
2,2,,0.031809,0.040717,0.309322,0.009207,0.142278,0.013081,0.287343,0.027639,0.131084,0.00752,,14321300,,
2,6,,0.031809,0.040717,0.269322,0.009207,0.142278,0.013081,0.327343,0.027639,0.131084,0.00752,,14201400,,
2,2,,0.205886,0.036771,0.281157,0.008182,0.05275,0.010005,0.159299,0.038607,0.190834,0.01651,,16357900,,
2,9,,0.023015,0.033106,0.044922,0.053693,0.072082,0.254961,0.007758,0.104054,0.033371,0.373039,,14514400,,
2,2,,0.004156,0.136101,0.289291,0.11357,0.016709,0.101765,0.009993,0.187373,0.06413,0.076912,,14946900,,
2,2,,0.002571,0.17955,0.429843,0.103488,0.015602,0.061328,0.0094,0.100504,0.033905,0.06381,,12613500,,
3,3,,0.006225,0.085964,0.071357,0.521837,0.016327,0.086997,0.011232,0.085391,0.045401,0.069269,,13293700,,
3,3,,0.006225,0.085964,0.071357,0.521837,0.016327,0.086997,0.011232,0.085391,0.045401,0.069269,,12859100,,
3,3,,0.006225,0.085964,0.071357,0.521837,0.016327,0.086997,0.011232,0.085391,0.045401,0.069269,,13793700,,
3,3,,0.006225,0.085964,0.071357,0.521837,0.016327,0.086997,0.011232,0.085391,0.045401,0.069269,,14847600,,
3,3,,0.006225,0.085964,0.071357,0.521837,0.016327,0.086997,0.011232,0.085391,0.045401,0.069269,,14783800,,
3,3,,0.006225,0.085964,0.071357,0.521837,0.016327,0.086997,0.011232,0.085391,0.045401,0.069269,,14562800,,
3,3,,0.006225,0.085964,0.071357,0.521837,0.016327,0.086997,0.011232,0.085391,0.045401,0.069269,,14771500,,
3,3,,0.006225,0.085964,0.071357,0.521837,0.016327,0.086997,0.011232,0.085391,0.045401,0.069269,,16524300,,
3,3,,0.006225,0.085964,0.071357,0.521837,0.016327,0.086997,0.011232,0.085391,0.045401,0.069269,,14956200,,
3,3,,0.006225,0.085964,0.071357,0.521837,0.016327,0.086997,0.011232,0.085391,0.045401,0.069269,,14136000,,
3,3,,0.006225,0.085964,0.071357,0.521837,0.016327,0.086997,0.011232,0.085391,0.045401,0.069269,,15662300,,
3,3,,0.006225,0.085964,0.071357,0.521837,0.016327,0.086997,0.011232,0.085391,0.045401,0.069269,,16623900,,
3,3,,0.006225,0.085964,0.071357,0.521837,0.016327,0.086997,0.011232,0.085391,0.045401,0.069269,,15678900,,
3,7,,0.003656,0.125266,0.10537,0.250244,0.015935,0.084737,0.009993,0.281016,0.055468,0.068316,,15407600,,
3,3,,0.003578,0.133333,0.067935,0.409881,0.01974,0.093739,0.009908,0.087481,0.040656,0.13375,,16459800,,
3,3,,0.006225,0.085964,0.07114,0.313918,0.016327,0.189855,0.011232,0.085391,0.045184,0.174766,,16501700,,
3,3,,0.006225,0.085964,0.071357,0.521837,0.016327,0.086997,0.011232,0.085391,0.045401,0.069269,,16195100,,
3,3,,0.006225,0.085964,0.071357,0.521837,0.016327,0.086997,0.011232,0.085391,0.045401,0.069269,,16779400,,
3,3,,0.023015,0.033106,0.044922,0.273693,0.072082,0.254961,0.007758,0.044054,0.033371,0.213039,,14815000,,
3,3,,0.006225,0.085964,0.071357,0.521837,0.016327,0.086997,0.011232,0.085391,0.045401,0.069269,,14358200,,
3,3,,0.006225,0.085964,0.071357,0.521837,0.016327,0.086997,0.011232,0.085391,0.045401,0.069269,,15360700,,
3,3,,0.006225,0.085964,0.071357,0.521837,0.016327,0.086997,0.011232,0.085391,0.045401,0.069269,,14897300,,
3,3,,0.006225,0.085964,0.071357,0.521837,0.016327,0.086997,0.011232,0.085391,0.045401,0.069269,,15575000,,
3,3,,0.004156,0.132266,0.089043,0.315812,0.016435,0.095737,0.009993,0.183862,0.072229,0.080467,,15346900,,
3,3,,0.006225,0.085964,0.071357,0.521837,0.016327,0.086997,0.011232,0.085391,0.045401,0.069269,,15338400,,
3,5,,0.023015,0.033106,0.064922,0.253693,0.072082,0.254961,0.007758,0.044054,0.033371,0.213039,,14954000,,
3,3,,0.006225,0.085964,0.071357,0.521837,0.016327,0.086997,0.011232,0.085391,0.045401,0.069269,,16382300,,
3,3,,0.023015,0.033106,0.044922,0.273693,0.072082,0.254961,0.007758,0.044054,0.033371,0.213039,,16624300,,
3,3,,0.006225,0.085964,0.071357,0.521837,0.016327,0.086997,0.011232,0.085391,0.045401,0.069269,,14828000,,
3,3,,0.006225,0.085964,0.07114,0.515822,0.016327,0.093664,0.011232,0.085391,0.045184,0.069052,,18482000,,
3,3,,0.006225,0.085964,0.071357,0.521837,0.016327,0.086997,0.011232,0.085391,0.045401,0.069269,,18340000,,
3,3,,0.003578,0.133333,0.11238,0.199881,0.01974,0.170961,0.01213,0.087481,0.089545,0.170972,,18116900,,
4,4,,0.02606,0.056943,0.067505,0.008356,0.474362,0.013291,0.198382,0.031861,0.109656,0.013582,,17241400,,
4,9,,0.002571,0.178795,0.210598,0.133488,0.015602,0.061328,0.0094,0.100504,0.063905,0.22381,,17765300,,
4,4,,0.02606,0.056943,0.067505,0.008356,0.474362,0.013291,0.198382,0.031861,0.109656,0.013582,,18239700,,
4,9,,0.251033,0.129541,0.033893,0.026479,0.079447,0.021747,0.011828,0.138462,0.020571,0.287,,17515000,,
4,4,,0.248933,0.022377,0.107234,0.005973,0.290913,0.00304,0.128613,0.091103,0.053879,0.047936,,18130700,,
4,4,,0.023015,0.033106,0.044922,0.053693,0.292082,0.254961,0.007758,0.044054,0.033371,0.213039,,21069500,,
4,4,,0.02606,0.056943,0.067505,0.008356,0.474362,0.013291,0.198382,0.031861,0.109656,0.013582,,17488300,,
4,4,,0.02606,0.056943,0.067505,0.008356,0.474362,0.013291,0.198382,0.031861,0.109656,0.013582,,16584800,,
4,4,,0.023015,0.033106,0.044922,0.053693,0.282082,0.254961,0.007758,0.044054,0.033371,0.223039,,18515000,,
4,0,,0.301725,0.022003,0.086307,0.004948,0.269201,0.00304,0.128752,0.027,0.073326,0.083699,,16560700,,
4,4,,0.02606,0.056943,0.067505,0.008356,0.474362,0.013291,0.198382,0.031861,0.109656,0.013582,,16979700,,
4,0,,0.385886,0.036771,0.081157,0.008182,0.05275,0.010005,0.159299,0.018607,0.230834,0.01651,,17433500,,
4,4,,0.02606,0.056943,0.067505,0.008356,0.474362,0.013291,0.198382,0.031861,0.109656,0.013582,,18748800,,
4,7,,0.002868,0.202411,0.082617,0.098562,0.014769,0.06885,0.013659,0.416409,0.041908,0.057947,,16085400,,
4,9,,0.023015,0.033106,0.044922,0.053693,0.242082,0.254961,0.007758,0.044054,0.033371,0.263039,,16773000,,
4,4,,0.02606,0.056943,0.067505,0.008356,0.474362,0.013291,0.198382,0.031861,0.109656,0.013582,,17588900,,
4,4,,0.02606,0.056943,0.067505,0.008356,0.474362,0.013291,0.198382,0.031861,0.109656,0.013582,,17436000,,
4,4,,0.02606,0.056943,0.067505,0.008356,0.474362,0.013291,0.198382,0.031861,0.109656,0.013582,,16357200,,
4,4,,0.023015,0.033106,0.044922,0.053693,0.292082,0.254961,0.007758,0.044054,0.033371,0.213039,,15692100,,
4,4,,0.199839,0.052997,0.05934,0.007331,0.385431,0.009917,0.070338,0.022829,0.169406,0.022572,,15335400,,
4,0,,0.301185,0.012442,0.106012,0.021742,0.169027,0.118523,0.002343,0.029978,0.038465,0.200283,,16927400,,
4,2,,0.230495,0.112902,0.284872,0.078594,0.058759,0.019954,0.00389,0.120221,0.019263,0.071049,,16845900,,
4,4,,0.248933,0.022377,0.127234,0.045973,0.290913,0.00304,0.128613,0.031103,0.053879,0.047936,,16966400,,
4,4,,0.02606,0.056943,0.067505,0.008356,0.474362,0.013291,0.198382,0.031861,0.109656,0.013582,,13669400,,
4,0,,0.461725,0.022003,0.046307,0.004948,0.209201,0.00304,0.128752,0.027,0.053326,0.043699,,14651900,,
4,5,,0.126348,0.033106,0.044922,0.053693,0.072082,0.371627,0.007758,0.044054,0.033371,0.213039,,14065700,,
4,4,,0.02606,0.056943,0.067505,0.008356,0.474362,0.013291,0.198382,0.031861,0.109656,0.013582,,14577000,,
4,4,,0.02606,0.056943,0.067505,0.008356,0.474362,0.013291,0.198382,0.031861,0.109656,0.013582,,13469400,,
4,4,,0.02606,0.056943,0.067505,0.008356,0.474362,0.013291,0.198382,0.031861,0.109656,0.013582,,13688900,,
4,0,,0.269392,0.022003,0.045973,0.004948,0.252868,0.00304,0.133752,0.027,0.052992,0.188032,,16278900,,
4,4,,0.02606,0.056943,0.067505,0.008356,0.474362,0.013291,0.198382,0.031861,0.109656,0.013582,,16270800,,
4,6,,0.031809,0.084717,0.089322,0.009207,0.166278,0.017081,0.331343,0.131639,0.131084,0.00752,,14369400,,
4,4,,0.02606,0.056943,0.067505,0.008356,0.474362,0.013291,0.198382,0.031861,0.109656,0.013582,,13446500,,
5,5,,0.023015,0.033106,0.044922,0.053693,0.072359,0.474683,0.007758,0.044054,0.033371,0.213039,,16374600,,
5,0,,0.521185,0.012442,0.026012,0.021742,0.089027,0.118523,0.002343,0.029978,0.018465,0.160283,,17723500,,
5,5,,0.023015,0.033106,0.044922,0.053693,0.072359,0.474683,0.007758,0.044054,0.033371,0.213039,,15785100,,
5,5,,0.023015,0.033106,0.044922,0.053693,0.072359,0.474683,0.007758,0.044054,0.033371,0.213039,,15441200,,
5,5,,0.023015,0.033106,0.044922,0.053693,0.072359,0.474683,0.007758,0.044054,0.033371,0.213039,,15486500,,
5,5,,0.023015,0.033106,0.044922,0.053693,0.072359,0.474683,0.007758,0.044054,0.033371,0.213039,,17463400,,
5,5,,0.023015,0.033106,0.044922,0.053693,0.072359,0.474683,0.007758,0.044054,0.033371,0.213039,,20671800,,
5,5,,0.023015,0.033106,0.044922,0.053693,0.072359,0.474683,0.007758,0.044054,0.033371,0.213039,,16641100,,
5,5,,0.023015,0.033106,0.044922,0.053693,0.072359,0.474683,0.007758,0.044054,0.033371,0.213039,,19947700,,
5,5,,0.023015,0.033106,0.044922,0.053693,0.072359,0.474683,0.007758,0.044054,0.033371,0.213039,,18217400,,
5,3,,0.003166,0.163231,0.149277,0.21618,0.016791,0.075224,0.009835,0.142444,0.136234,0.087618,,17191800,,
5,5,,0.003578,0.133333,0.067935,0.209881,0.01974,0.293739,0.009908,0.087481,0.040656,0.13375,,16299400,,
5,5,,0.004156,0.136101,0.089291,0.11357,0.016709,0.301765,0.009993,0.187373,0.06413,0.076912,,16848000,,
5,5,,0.023015,0.033106,0.044922,0.053693,0.132082,0.254961,0.007758,0.204054,0.033371,0.213039,,18900300,,
5,5,,0.023015,0.033106,0.044922,0.053693,0.072359,0.474683,0.007758,0.044054,0.033371,0.213039,,19855700,,
5,5,,0.023015,0.033106,0.104922,0.213693,0.072082,0.254961,0.007758,0.044054,0.033371,0.213039,,20189500,,
5,1,,0.004156,0.336101,0.089291,0.11357,0.016709,0.101765,0.009993,0.187373,0.06413,0.076912,,17258400,,
5,5,,0.003578,0.133333,0.067935,0.219881,0.01974,0.288739,0.009908,0.087481,0.040656,0.12875,,20890300,,
5,5,,0.023015,0.033106,0.044922,0.053693,0.072359,0.474683,0.007758,0.044054,0.033371,0.213039,,17118600,,
5,5,,0.023015,0.033106,0.044922,0.053693,0.072359,0.474683,0.007758,0.044054,0.033371,0.213039,,19872700,,
5,5,,0.023015,0.033106,0.044922,0.053693,0.072359,0.474683,0.007758,0.044054,0.033371,0.213039,,17300000,,
5,9,,0.023015,0.033106,0.044922,0.053693,0.072082,0.254961,0.007758,0.044054,0.033371,0.433039,,21383300,,
5,7,,0.004156,0.136101,0.089291,0.11357,0.016709,0.141765,0.009993,0.287373,0.12413,0.076912,,17636400,,
5,5,,0.023015,0.033106,0.053256,0.053693,0.072082,0.464961,0.007758,0.045721,0.033371,0.213039,,19031900,,
5,5,,0.023015,0.033106,0.044922,0.053693,0.072359,0.474683,0.007758,0.044054,0.033371,0.213039,,17129000,,
5,5,,0.004156,0.136101,0.189291,0.11357,0.016709,0.201765,0.009993,0.187373,0.06413,0.076912,,15732500,,
5,5,,0.023015,0.033106,0.044922,0.053693,0.072359,0.474683,0.007758,0.044054,0.033371,0.213039,,17349000,,
5,5,,0.023015,0.033106,0.044922,0.053693,0.072359,0.474683,0.007758,0.044054,0.033371,0.213039,,18264100,,
5,5,,0.023015,0.033106,0.044922,0.053693,0.072359,0.474683,0.007758,0.044054,0.033371,0.213039,,15843700,,
5,5,,0.023015,0.033106,0.044922,0.053693,0.072359,0.474683,0.007758,0.044054,0.033371,0.213039,,15025500,,
5,5,,0.023015,0.033106,0.044922,0.053693,0.192082,0.254961,0.007758,0.144054,0.033371,0.213039,,14230900,,
5,5,,0.023015,0.033106,0.044922,0.053693,0.072359,0.474683,0.007758,0.044054,0.033371,0.213039,,12696800,,
6,6,,0.031809,0.040717,0.089658,0.009207,0.142614,0.01325,0.506335,0.027639,0.131252,0.00752,,14262100,,
6,6,,0.031809,0.040717,0.089658,0.009207,0.142614,0.01325,0.506335,0.027639,0.131252,0.00752,,15238100,,
6,6,,0.031809,0.040717,0.089658,0.009207,0.142614,0.01325,0.506335,0.027639,0.131252,0.00752,,15073000,,
6,6,,0.031809,0.040717,0.089658,0.009207,0.142614,0.01325,0.506335,0.027639,0.131252,0.00752,,14406000,,
6,6,,0.031809,0.040717,0.089658,0.009207,0.142614,0.01325,0.506335,0.027639,0.131252,0.00752,,13852300,,
6,6,,0.031809,0.040717,0.089658,0.009207,0.142614,0.01325,0.506335,0.027639,0.131252,0.00752,,12068300,,
6,6,,0.031809,0.040717,0.089658,0.009207,0.142614,0.01325,0.506335,0.027639,0.131252,0.00752,,15024800,,
6,6,,0.031809,0.040717,0.089658,0.009207,0.142614,0.01325,0.506335,0.027639,0.131252,0.00752,,12871400,,
6,6,,0.031809,0.040717,0.089658,0.009207,0.142614,0.01325,0.506335,0.027639,0.131252,0.00752,,13162800,,
6,6,,0.031809,0.124717,0.089322,0.009207,0.146278,0.017081,0.291343,0.151639,0.131084,0.00752,,15205800,,
6,6,,0.031809,0.040717,0.089658,0.009207,0.142614,0.01325,0.506335,0.027639,0.131252,0.00752,,13619900,,
6,6,,0.031809,0.040717,0.089658,0.009207,0.142614,0.01325,0.506335,0.027639,0.131252,0.00752,,13846100,,
6,6,,0.031809,0.040717,0.089658,0.009207,0.142614,0.01325,0.506335,0.027639,0.131252,0.00752,,13687600,,
6,6,,0.031809,0.040717,0.089658,0.009207,0.142614,0.01325,0.506335,0.027639,0.131252,0.00752,,13645600,,
6,3,,0.006225,0.085964,0.07114,0.375822,0.016327,0.233664,0.011232,0.085391,0.045184,0.069052,,13398000,,
6,6,,0.031809,0.040717,0.089658,0.009207,0.142614,0.01325,0.506335,0.027639,0.131252,0.00752,,13729700,,
6,6,,0.031809,0.040717,0.089658,0.009207,0.142614,0.01325,0.506335,0.027639,0.131252,0.00752,,12722200,,
6,6,,0.031809,0.040717,0.089658,0.009207,0.142614,0.01325,0.506335,0.027639,0.131252,0.00752,,13875500,,
6,6,,0.02537,0.051453,0.069088,0.008356,0.226332,0.012601,0.429417,0.033051,0.130549,0.013784,,14787800,,
6,6,,0.031809,0.040717,0.089658,0.009207,0.142614,0.01325,0.506335,0.027639,0.131252,0.00752,,12649300,,
6,6,,0.031809,0.040717,0.089658,0.009207,0.142614,0.01325,0.506335,0.027639,0.131252,0.00752,,12455600,,
6,6,,0.031809,0.040717,0.089658,0.009207,0.142614,0.01325,0.506335,0.027639,0.131252,0.00752,,12690700,,
6,6,,0.02537,0.051453,0.069088,0.008356,0.226332,0.012601,0.429417,0.033051,0.130549,0.013784,,12003600,,
6,6,,0.031809,0.040717,0.089658,0.009207,0.142614,0.01325,0.506335,0.027639,0.131252,0.00752,,14014600,,
6,6,,0.031809,0.040717,0.089658,0.009207,0.142614,0.01325,0.506335,0.027639,0.131252,0.00752,,13927900,,
6,6,,0.031809,0.040717,0.089658,0.009207,0.142614,0.01325,0.506335,0.027639,0.131252,0.00752,,13828900,,
6,6,,0.031809,0.040717,0.089658,0.009207,0.142614,0.01325,0.506335,0.027639,0.131252,0.00752,,13285800,,
6,6,,0.031809,0.040717,0.089658,0.009207,0.142614,0.01325,0.506335,0.027639,0.131252,0.00752,,13650700,,
6,6,,0.031809,0.040717,0.089658,0.009207,0.142614,0.01325,0.506335,0.027639,0.131252,0.00752,,13134500,,
6,6,,0.031809,0.040717,0.089658,0.009207,0.162614,0.01325,0.486335,0.027639,0.131252,0.00752,,12411800,,
6,6,,0.031809,0.040717,0.089658,0.009207,0.142614,0.01325,0.506335,0.027639,0.131252,0.00752,,13854400,,
6,6,,0.031809,0.040717,0.089658,0.009207,0.142614,0.01325,0.506335,0.027639,0.131252,0.00752,,13898000,,
6,6,,0.031809,0.040717,0.089658,0.009207,0.142614,0.01325,0.506335,0.027639,0.131252,0.00752,,13757600,,
7,7,,0.002868,0.167474,0.079894,0.100784,0.014769,0.068091,0.01214,0.454533,0.042259,0.057188,,13798400,,
7,7,,0.004156,0.136101,0.089291,0.11357,0.016709,0.101765,0.009993,0.387373,0.06413,0.076912,,12887400,,
7,6,,0.031809,0.124717,0.089322,0.009207,0.146278,0.057081,0.311343,0.091639,0.131084,0.00752,,12780600,,
7,7,,0.003656,0.125266,0.08537,0.110244,0.015935,0.084737,0.009993,0.441016,0.055468,0.068316,,11418200,,
7,4,,0.025762,0.076943,0.067505,0.008356,0.374959,0.012993,0.198382,0.081861,0.109656,0.043582,,13730700,,
7,8,,0.02537,0.051453,0.069088,0.008356,0.226332,0.012601,0.209417,0.033051,0.350549,0.013784,,12834800,,
7,7,,0.003656,0.125266,0.08537,0.110244,0.015935,0.084737,0.009993,0.441016,0.055468,0.068316,,12340400,,
7,7,,0.003656,0.125266,0.112036,0.150244,0.015935,0.084737,0.009993,0.307682,0.122134,0.068316,,12243200,,
7,7,,0.002868,0.167474,0.079894,0.100784,0.014769,0.068091,0.01214,0.454533,0.042259,0.057188,,12366900,,
7,7,,0.002868,0.167474,0.079894,0.100784,0.014769,0.068091,0.01214,0.454533,0.042259,0.057188,,12456700,,
7,7,,0.002868,0.217493,0.080278,0.098562,0.014769,0.069178,0.014315,0.402355,0.042236,0.057947,,13451800,,
7,4,,0.02606,0.056943,0.067505,0.008356,0.474362,0.013291,0.198382,0.031861,0.109656,0.013582,,12599800,,
7,7,,0.002868,0.217493,0.080278,0.098562,0.014769,0.069178,0.014315,0.402355,0.042236,0.057947,,13276100,,
7,6,,0.031809,0.124717,0.089322,0.009207,0.186278,0.057081,0.291343,0.071639,0.131084,0.00752,,14568400,,
7,7,,0.002868,0.167474,0.079894,0.100784,0.014769,0.068091,0.01214,0.454533,0.042259,0.057188,,13394200,,
7,7,,0.003656,0.125266,0.08537,0.110244,0.015935,0.084737,0.009993,0.441016,0.055468,0.068316,,12781700,,
7,7,,0.002868,0.202411,0.082617,0.098562,0.014769,0.06885,0.013659,0.416409,0.041908,0.057947,,12504500,,
7,7,,0.002868,0.167474,0.079894,0.100784,0.014769,0.068091,0.01214,0.454533,0.042259,0.057188,,12621500,,
7,7,,0.002868,0.167474,0.079894,0.100784,0.014769,0.068091,0.01214,0.454533,0.042259,0.057188,,14060600,,
7,7,,0.003656,0.125266,0.08537,0.110244,0.015935,0.084737,0.009993,0.441016,0.055468,0.068316,,11999100,,
7,1,,0.002868,0.417493,0.080278,0.098562,0.014769,0.069178,0.014315,0.202355,0.042236,0.057947,,12305200,,
7,7,,0.002868,0.167474,0.079894,0.100784,0.014769,0.068091,0.01214,0.454533,0.042259,0.057188,,11724000,,
7,7,,0.004156,0.136101,0.089291,0.11357,0.016709,0.101765,0.009993,0.387373,0.06413,0.076912,,12750500,,
7,1,,0.002868,0.277493,0.180278,0.098562,0.014769,0.069178,0.014315,0.202355,0.082236,0.057947,,13155600,,
7,6,,0.031809,0.040717,0.089658,0.009207,0.162614,0.01325,0.486335,0.027639,0.131252,0.00752,,12446100,,
7,1,,0.004156,0.336101,0.089291,0.11357,0.016709,0.101765,0.009993,0.187373,0.06413,0.076912,,11929600,,
7,8,,0.02537,0.051453,0.169088,0.008356,0.226332,0.012601,0.209417,0.033051,0.250549,0.013784,,12511200,,
7,3,,0.006225,0.085964,0.077806,0.302489,0.016327,0.086997,0.011232,0.252058,0.09185,0.069052,,12198600,,
7,7,,0.002868,0.167474,0.079894,0.100784,0.014769,0.068091,0.01214,0.454533,0.042259,0.057188,,12683600,,
7,7,,0.002868,0.167474,0.079894,0.100784,0.014769,0.068091,0.01214,0.454533,0.042259,0.057188,,12498700,,
7,7,,0.004156,0.136101,0.089291,0.11357,0.016709,0.101765,0.009993,0.387373,0.06413,0.076912,,12727900,,
7,7,,0.004156,0.136101,0.089291,0.11357,0.016709,0.101765,0.009993,0.387373,0.06413,0.076912,,12591000,,
8,8,,0.20394,0.039704,0.085139,0.007966,0.051452,0.009573,0.134218,0.018936,0.432562,0.01651,,14940000,,
8,8,,0.20394,0.039704,0.085139,0.007966,0.051452,0.009573,0.134218,0.018936,0.432562,0.01651,,14169600,,
8,8,,0.029863,0.04365,0.093304,0.008991,0.140981,0.012649,0.262262,0.027968,0.372812,0.00752,,12885600,,
8,9,,0.004156,0.136101,0.109291,0.11357,0.056709,0.101765,0.009993,0.187373,0.06413,0.216912,,13729700,,
8,8,,0.20394,0.039704,0.085139,0.007966,0.051452,0.009573,0.134218,0.018936,0.432562,0.01651,,13223300,,
8,0,,0.248933,0.022377,0.051234,0.053973,0.150913,0.00304,0.128613,0.239103,0.053879,0.047936,,14026700,,
8,8,,0.20394,0.039704,0.085139,0.007966,0.051452,0.009573,0.134218,0.018936,0.432562,0.01651,,13920600,,
8,8,,0.20394,0.039704,0.085139,0.007966,0.051452,0.009573,0.134218,0.018936,0.432562,0.01651,,13773300,,
8,8,,0.205886,0.036771,0.081157,0.008182,0.05275,0.010005,0.159299,0.018607,0.410834,0.01651,,11860200,,
8,8,,0.004156,0.132266,0.089043,0.115812,0.016435,0.095737,0.009993,0.183862,0.272229,0.080467,,16245300,,
8,3,,0.006225,0.085964,0.075584,0.302489,0.016327,0.10922,0.013454,0.085391,0.234073,0.071274,,23069400,,
8,8,,0.029863,0.04365,0.093304,0.008991,0.140981,0.012649,0.262262,0.027968,0.372812,0.00752,,18404400,,
8,8,,0.205886,0.036771,0.081157,0.008182,0.05275,0.010005,0.159299,0.018607,0.410834,0.01651,,18472600,,
8,3,,0.004156,0.132266,0.089043,0.215812,0.016435,0.095737,0.009993,0.183862,0.072229,0.180467,,21453500,,
8,8,,0.205886,0.036771,0.081157,0.008182,0.05275,0.010005,0.159299,0.018607,0.410834,0.01651,,15279500,,
8,8,,0.20394,0.039704,0.085139,0.007966,0.051452,0.009573,0.134218,0.018936,0.432562,0.01651,,13967100,,
8,8,,0.205886,0.036771,0.081157,0.008182,0.05275,0.010005,0.159299,0.018607,0.410834,0.01651,,14376200,,
8,8,,0.199447,0.047507,0.060922,0.007331,0.136803,0.009524,0.081373,0.024019,0.410298,0.022775,,15793800,,
8,8,,0.029863,0.04365,0.093304,0.008991,0.140981,0.012649,0.262262,0.027968,0.372812,0.00752,,13317000,,
8,8,,0.029863,0.04365,0.093304,0.008991,0.140981,0.012649,0.262262,0.027968,0.372812,0.00752,,17435200,,
8,8,,0.20394,0.039704,0.085139,0.007966,0.051452,0.009573,0.134218,0.018936,0.432562,0.01651,,14622700,,
8,3,,0.006225,0.085964,0.071357,0.441837,0.016327,0.086997,0.011232,0.085391,0.045401,0.149269,,13552100,,
8,0,,0.325886,0.036771,0.081157,0.008182,0.05275,0.010005,0.159299,0.018607,0.290834,0.01651,,18715100,,
8,2,,0.003561,0.151666,0.250612,0.110877,0.055519,0.087868,0.009558,0.145433,0.051801,0.133105,,15111900,,
8,2,,0.031809,0.040717,0.289322,0.029207,0.142278,0.013081,0.287343,0.027639,0.131084,0.00752,,14234900,,
8,0,,0.405886,0.036771,0.081157,0.008182,0.05275,0.010005,0.159299,0.018607,0.210834,0.01651,,17964300,,
8,8,,0.02537,0.051453,0.069088,0.008356,0.226332,0.012601,0.209417,0.033051,0.350549,0.013784,,22503900,,
8,2,,0.004156,0.132266,0.289043,0.115812,0.016435,0.095737,0.009993,0.183862,0.072229,0.080467,,16928800,,
8,8,,0.20394,0.039704,0.085139,0.007966,0.051452,0.009573,0.134218,0.018936,0.432562,0.01651,,16801100,,
8,8,,0.004156,0.132266,0.089043,0.115812,0.016435,0.095737,0.009993,0.183862,0.272229,0.080467,,15317900,,
8,8,,0.031809,0.040717,0.091544,0.009207,0.142278,0.013081,0.289565,0.027639,0.34664,0.00752,,17745400,,
9,9,,0.023429,0.033106,0.042908,0.051966,0.067316,0.232065,0.007758,0.042903,0.034325,0.464224,,17422600,,
9,9,,0.023429,0.033106,0.042908,0.051966,0.067316,0.232065,0.007758,0.042903,0.034325,0.464224,,13724600,,
9,5,,0.003578,0.133333,0.067935,0.209881,0.01974,0.293739,0.009908,0.087481,0.040656,0.13375,,14837200,,
9,9,,0.023429,0.033106,0.042908,0.051966,0.067316,0.232065,0.007758,0.042903,0.034325,0.464224,,14264900,,
9,0,,0.301185,0.012442,0.066012,0.021742,0.089027,0.118523,0.002343,0.029978,0.138465,0.220283,,13232800,,
9,9,,0.023429,0.033106,0.042908,0.051966,0.067316,0.232065,0.007758,0.042903,0.034325,0.464224,,13938600,,
9,9,,0.023429,0.033106,0.042908,0.051966,0.067316,0.232065,0.007758,0.042903,0.034325,0.464224,,12900800,,
9,5,,0.023429,0.033106,0.042908,0.051966,0.153982,0.298732,0.007758,0.042903,0.100992,0.244224,,13871200,,
9,9,,0.023015,0.033106,0.044922,0.053693,0.072082,0.254961,0.007758,0.164054,0.033371,0.313039,,14150600,,
9,9,,0.248392,0.015673,0.02694,0.022768,0.090738,0.118523,0.002204,0.036938,0.019019,0.418806,,13570500,,
9,9,,0.231284,0.073039,0.029087,0.105198,0.062218,0.040379,0.002933,0.044721,0.02087,0.390271,,12410900,,
9,9,,0.023429,0.033106,0.042908,0.051966,0.167316,0.232065,0.007758,0.042903,0.034325,0.364224,,13306900,,
9,9,,0.023429,0.033106,0.042908,0.051966,0.067316,0.232065,0.007758,0.042903,0.034325,0.464224,,12447500,,
9,9,,0.004156,0.136101,0.129291,0.15357,0.016709,0.101765,0.009993,0.187373,0.06413,0.196912,,13208100,,
9,9,,0.248392,0.015673,0.02694,0.022768,0.090738,0.118523,0.002204,0.036938,0.019019,0.418806,,17299800,,
9,9,,0.023015,0.033106,0.104922,0.053693,0.092082,0.254961,0.007758,0.044054,0.033371,0.353039,,13901800,,
9,1,,0.003578,0.331111,0.067935,0.222103,0.01974,0.088739,0.009908,0.087481,0.040656,0.12875,,14606700,,
9,9,,0.023429,0.033106,0.042908,0.051966,0.087316,0.252065,0.007758,0.042903,0.074325,0.384224,,13429900,,
9,9,,0.023429,0.033106,0.042908,0.051966,0.067316,0.232065,0.007758,0.042903,0.034325,0.464224,,13249800,,
9,3,,0.006225,0.085964,0.155584,0.302489,0.016327,0.10922,0.013454,0.085391,0.114073,0.111274,,13319900,,
9,9,,0.004156,0.132266,0.089043,0.115812,0.016435,0.095737,0.009993,0.183862,0.072229,0.280467,,15834600,,
9,3,,0.006225,0.085964,0.07114,0.415822,0.016327,0.193664,0.011232,0.085391,0.045184,0.069052,,12581800,,
9,7,,0.004156,0.132266,0.089043,0.115812,0.016435,0.095737,0.009993,0.303862,0.072229,0.160467,,12578500,,
9,9,,0.023429,0.033106,0.042908,0.051966,0.067316,0.232065,0.007758,0.042903,0.034325,0.464224,,11947400,,
9,9,,0.023015,0.033106,0.044922,0.053693,0.072082,0.254961,0.007758,0.044054,0.033371,0.433039,,12275300,,
9,3,,0.006225,0.085964,0.07114,0.302489,0.016327,0.086997,0.011232,0.085391,0.045184,0.289052,,13846700,,
9,9,,0.023429,0.033106,0.042908,0.051966,0.067316,0.232065,0.007758,0.042903,0.034325,0.464224,,14036400,,
9,9,,0.023429,0.033106,0.042908,0.051966,0.153982,0.278732,0.007758,0.042903,0.040992,0.324224,,12873900,,
9,9,,0.251743,0.069808,0.027826,0.104173,0.064173,0.040379,0.008072,0.037761,0.019983,0.376082,,13216700,,
9,9,,0.023429,0.033106,0.042908,0.051966,0.067316,0.232065,0.007758,0.042903,0.034325,0.464224,,13097600,,
9,9,,0.023429,0.033106,0.042908,0.051966,0.067316,0.232065,0.007758,0.042903,0.034325,0.464224,,13123000,,
9,9,,0.023429,0.033106,0.042908,0.051966,0.067316,0.232065,0.007758,0.042903,0.034325,0.464224,,13360100,,