statlog-landsat,CWE,test,1,NANOSECONDS,PREDICTIONS, Generated by ClassifierExperiments.java on 2022-05-17 03:02:58.    SYSTEMPROPERTIES:{user.name:matth,os.arch:amd64,os.name:Windows 10},ENDSYSTEMPROPERTIES
No parameter info
0.45968992248062013,1271338100,1884551300,-1,81228424,6,,-1,-1
0,2,,0.104935,0.025528,0.808726,0.038902,0.007646,0.014263,,2064500,,
0,2,,0.303873,0.087222,0.502428,0.029213,0.040195,0.037069,,1452500,,
0,2,,0.151399,0.085845,0.274051,0.041692,0.201897,0.245116,,1447300,,
0,2,,0.142513,0.025528,0.771165,0.038206,0.00847,0.014117,,1446600,,
0,2,,0.104935,0.025528,0.808726,0.038902,0.007646,0.014263,,1438100,,
0,2,,0.302268,0.073195,0.548144,0.030516,0.025043,0.020835,,1448900,,
0,0,,0.458167,0.177782,0.13051,0.030696,0.10587,0.096976,,1449500,,
0,2,,0.104935,0.025528,0.808726,0.038902,0.007646,0.014263,,1445000,,
0,0,,0.322604,0.188409,0.175406,0.032843,0.146332,0.134406,,1432700,,
0,2,,0.200721,0.042472,0.682007,0.034653,0.018493,0.021653,,1544800,,
0,2,,0.190673,0.105298,0.474766,0.039227,0.091594,0.098442,,1458100,,
0,2,,0.218952,0.042472,0.664051,0.034089,0.018873,0.021564,,1440200,,
0,2,,0.302914,0.068285,0.539166,0.038353,0.026353,0.024929,,1426400,,
0,2,,0.221566,0.044974,0.607422,0.038539,0.038603,0.048896,,1421100,,
0,2,,0.106087,0.025589,0.806651,0.03964,0.007706,0.014327,,1425900,,
0,2,,0.104935,0.025528,0.808726,0.038902,0.007646,0.014263,,1418800,,
0,2,,0.131318,0.025755,0.778604,0.041227,0.008415,0.014681,,1451600,,
0,0,,0.391994,0.122824,0.346769,0.025348,0.055709,0.057356,,1438000,,
0,0,,0.380282,0.2069,0.126291,0.027969,0.14551,0.113048,,1429400,,
0,2,,0.34016,0.097788,0.442571,0.036047,0.035784,0.04765,,1426100,,
0,0,,0.451066,0.135569,0.205816,0.032212,0.080371,0.094965,,1448500,,
0,2,,0.253395,0.113906,0.371263,0.048868,0.103317,0.109251,,1447700,,
0,2,,0.212998,0.063495,0.639335,0.043058,0.023603,0.017512,,1441400,,
0,0,,0.358694,0.138148,0.357882,0.024892,0.062081,0.058304,,1446000,,
0,0,,0.284092,0.181964,0.279274,0.034729,0.118707,0.101235,,1438600,,
0,2,,0.104935,0.025528,0.808726,0.038902,0.007646,0.014263,,1442900,,
0,2,,0.221322,0.062472,0.638324,0.036646,0.018623,0.022612,,1442200,,
0,0,,0.411231,0.195233,0.227442,0.033214,0.067535,0.065345,,1440500,,
0,2,,0.376286,0.093432,0.447509,0.028208,0.034251,0.020313,,1450700,,
0,2,,0.296711,0.142989,0.339018,0.033736,0.091717,0.095827,,1438100,,
0,2,,0.258503,0.042472,0.627091,0.031939,0.019064,0.020931,,1471400,,
0,2,,0.104935,0.025528,0.808726,0.038902,0.007646,0.014263,,1410900,,
0,2,,0.218862,0.042472,0.663256,0.034336,0.019351,0.021724,,1381200,,
0,2,,0.104935,0.025528,0.808726,0.038902,0.007646,0.014263,,1375500,,
0,2,,0.271883,0.069712,0.575623,0.032194,0.028872,0.021716,,1403100,,
0,2,,0.249981,0.153052,0.280656,0.051293,0.141798,0.123221,,1385600,,
0,2,,0.392522,0.113196,0.421655,0.026763,0.025487,0.020376,,1399000,,
0,2,,0.104935,0.025528,0.808726,0.038902,0.007646,0.014263,,1385800,,
0,2,,0.142513,0.025528,0.771165,0.038206,0.00847,0.014117,,1386400,,
0,2,,0.137761,0.033833,0.763227,0.040968,0.009528,0.014683,,1402600,,
0,2,,0.217479,0.054686,0.649128,0.03106,0.02723,0.020416,,1402600,,
0,2,,0.142513,0.025528,0.771165,0.038206,0.00847,0.014117,,1413300,,
0,0,,0.406637,0.111012,0.277014,0.035686,0.072875,0.096776,,1396600,,
0,2,,0.152929,0.033588,0.751985,0.037708,0.009734,0.014057,,1392300,,
0,0,,0.408303,0.186522,0.146225,0.028153,0.121054,0.109743,,1397700,,
0,2,,0.113087,0.025755,0.796561,0.041792,0.008035,0.01477,,1389500,,
0,2,,0.104935,0.025528,0.808726,0.038902,0.007646,0.014263,,1394400,,
0,2,,0.229368,0.050531,0.644871,0.03359,0.020137,0.021504,,1402700,,
0,2,,0.156897,0.033833,0.746018,0.039445,0.009408,0.014398,,1403000,,
0,2,,0.200556,0.113069,0.550977,0.024777,0.064748,0.045874,,1406000,,
0,0,,0.342583,0.136364,0.299874,0.037115,0.087498,0.096566,,1419500,,
0,2,,0.239128,0.042472,0.647384,0.031445,0.019066,0.020505,,1402200,,
0,0,,0.321088,0.149708,0.15775,0.042222,0.176513,0.152719,,1398200,,
0,2,,0.369909,0.123773,0.425777,0.024259,0.037467,0.018815,,1395500,,
0,2,,0.218952,0.042472,0.664051,0.034089,0.018873,0.021564,,1406400,,
0,0,,0.316439,0.206956,0.242534,0.029026,0.109803,0.095242,,1400700,,
0,2,,0.136288,0.053833,0.748304,0.03794,0.010101,0.013535,,1392000,,
0,0,,0.436821,0.191377,0.066718,0.032677,0.144846,0.127561,,1401400,,
0,0,,0.574779,0.172422,0.149057,0.01441,0.058278,0.031054,,1405800,,
0,2,,0.227521,0.141072,0.240268,0.033206,0.184274,0.173658,,1397900,,
0,2,,0.106087,0.025589,0.806651,0.03964,0.007706,0.014327,,1398300,,
0,2,,0.156169,0.033833,0.749846,0.036931,0.010042,0.01318,,1417700,,
0,2,,0.131282,0.025695,0.77903,0.040923,0.00842,0.014649,,1407000,,
0,2,,0.199135,0.054808,0.66283,0.0347,0.026658,0.021869,,1392100,,
0,2,,0.113087,0.025755,0.796561,0.041792,0.008035,0.01477,,1393700,,
0,0,,0.522007,0.163785,0.109278,0.040402,0.07258,0.091947,,1396000,,
0,2,,0.113206,0.025755,0.795019,0.042801,0.008095,0.015125,,1398800,,
0,2,,0.196055,0.093301,0.444767,0.049325,0.093653,0.122899,,1398700,,
0,0,,0.27432,0.16637,0.240829,0.034874,0.15347,0.130137,,1400500,,
0,2,,0.22315,0.11621,0.27938,0.047289,0.166007,0.167963,,1410700,,
0,2,,0.218952,0.042472,0.664051,0.034089,0.018873,0.021564,,1409800,,
0,0,,0.432932,0.130486,0.29484,0.026704,0.05727,0.057769,,1399600,,
0,2,,0.170053,0.033434,0.626038,0.048273,0.046079,0.076123,,1401000,,
0,2,,0.104935,0.025528,0.808726,0.038902,0.007646,0.014263,,1400500,,
0,0,,0.38252,0.163298,0.242377,0.032854,0.084959,0.093991,,1394100,,
0,2,,0.131282,0.025695,0.77903,0.040923,0.00842,0.014649,,1394300,,
0,2,,0.350879,0.093493,0.474454,0.027425,0.033466,0.020284,,1397900,,
0,2,,0.340744,0.085457,0.490839,0.029208,0.033351,0.020401,,1398400,,
0,2,,0.113087,0.025755,0.796561,0.041792,0.008035,0.01477,,1390000,,
0,2,,0.124282,0.025528,0.789121,0.038771,0.00809,0.014207,,1395700,,
0,2,,0.267775,0.050531,0.610247,0.030381,0.02071,0.020356,,1395000,,
0,2,,0.238327,0.042472,0.643758,0.034583,0.018871,0.021989,,1410300,,
0,0,,0.380406,0.188228,0.19966,0.032242,0.103547,0.095917,,1413000,,
0,2,,0.243846,0.050578,0.625636,0.036361,0.02081,0.022769,,1399900,,
0,2,,0.123168,0.025528,0.789121,0.038968,0.009008,0.014207,,1396000,,
0,2,,0.124282,0.025528,0.789121,0.038771,0.00809,0.014207,,1393800,,
0,2,,0.200721,0.042472,0.682007,0.034653,0.018493,0.021653,,1397900,,
0,0,,0.43156,0.131199,0.357582,0.022185,0.039088,0.018387,,1400300,,
0,2,,0.113087,0.025755,0.796561,0.041792,0.008035,0.01477,,1402200,,
0,0,,0.432348,0.206957,0.127399,0.030536,0.106798,0.095962,,1404600,,
0,2,,0.130642,0.033666,0.77486,0.037807,0.00914,0.013885,,1405800,,
0,2,,0.106087,0.025589,0.806651,0.03964,0.007706,0.014327,,1403100,,
0,0,,0.471816,0.147659,0.299312,0.021141,0.041952,0.018119,,1410200,,
0,0,,0.344983,0.135354,0.281232,0.045071,0.088661,0.104699,,1423700,,
0,2,,0.103166,0.045528,0.790769,0.038337,0.008025,0.014174,,1410800,,
0,2,,0.084935,0.037743,0.808726,0.038902,0.015431,0.014263,,1393600,,
0,2,,0.124282,0.025528,0.789121,0.038771,0.00809,0.014207,,1392600,,
0,2,,0.352856,0.115836,0.413798,0.020165,0.060757,0.036588,,1398100,,
0,2,,0.137761,0.033833,0.763227,0.040968,0.009528,0.014683,,1402900,,
0,2,,0.308539,0.066649,0.55055,0.030501,0.023419,0.020342,,1405000,,
0,0,,0.310698,0.195059,0.182911,0.036545,0.159319,0.115467,,1403300,,
0,2,,0.267894,0.050531,0.608705,0.03139,0.020769,0.020711,,1397700,,
0,2,,0.10382,0.025528,0.808726,0.039098,0.008564,0.014263,,1411300,,
0,2,,0.104935,0.025528,0.808726,0.038902,0.007646,0.014263,,1404900,,
0,2,,0.23707,0.096815,0.425373,0.049805,0.094126,0.096811,,1423800,,
0,2,,0.229368,0.050531,0.644871,0.03359,0.020137,0.021504,,1442400,,
0,2,,0.335646,0.097361,0.371858,0.038746,0.066121,0.090268,,1449100,,
0,2,,0.200721,0.042472,0.682007,0.034653,0.018493,0.021653,,1444600,,
0,0,,0.259655,0.134127,0.223489,0.039119,0.180291,0.163319,,1419700,,
0,0,,0.375032,0.110587,0.315045,0.034354,0.070684,0.094298,,1438100,,
0,2,,0.104935,0.025528,0.808726,0.038902,0.007646,0.014263,,1431500,,
0,2,,0.113087,0.025755,0.796561,0.041792,0.008035,0.01477,,1427100,,
0,2,,0.078479,0.056653,0.772363,0.038488,0.019353,0.034664,,1419500,,
0,2,,0.104935,0.025528,0.808726,0.038902,0.007646,0.014263,,1418500,,
0,2,,0.142466,0.025528,0.763935,0.043603,0.0085,0.015967,,1427100,,
0,2,,0.226809,0.071277,0.615156,0.044274,0.024821,0.017663,,1437700,,
0,0,,0.297041,0.141989,0.180125,0.038308,0.190261,0.152276,,1449200,,
0,0,,0.467799,0.13601,0.182135,0.034048,0.082942,0.097067,,1428900,,
0,2,,0.099413,0.045575,0.789492,0.041673,0.008319,0.015528,,1426400,,
0,2,,0.104935,0.025528,0.808726,0.038902,0.007646,0.014263,,1424700,,
0,0,,0.403207,0.151827,0.20554,0.032117,0.108078,0.099231,,1432700,,
0,2,,0.106087,0.025589,0.806651,0.03964,0.007706,0.014327,,1428700,,
0,2,,0.124282,0.025528,0.789121,0.038771,0.00809,0.014207,,1421400,,
0,2,,0.084935,0.045528,0.808726,0.038902,0.007646,0.014263,,1427200,,
0,2,,0.124282,0.025528,0.789121,0.038771,0.00809,0.014207,,1424400,,
0,2,,0.219977,0.042472,0.663256,0.034139,0.018433,0.021724,,1441400,,
0,2,,0.093087,0.03797,0.796561,0.041792,0.015821,0.01477,,1448200,,
0,2,,0.219071,0.042472,0.662509,0.035097,0.018932,0.021919,,1428700,,
0,2,,0.32006,0.081712,0.398191,0.038658,0.067028,0.094352,,1445300,,
0,2,,0.159929,0.033754,0.741894,0.03986,0.010063,0.0145,,1452600,,
0,2,,0.186727,0.072094,0.656134,0.044601,0.018288,0.022156,,1436200,,
0,0,,0.357634,0.146133,0.241043,0.035476,0.106088,0.113627,,1419500,,
0,2,,0.12682,0.045802,0.758575,0.044049,0.008648,0.016105,,1418100,,
0,0,,0.302997,0.150052,0.220336,0.043207,0.163698,0.119709,,1414000,,
0,2,,0.349733,0.085103,0.422694,0.031456,0.051356,0.059659,,1420100,,
0,2,,0.238014,0.042472,0.647384,0.031642,0.019984,0.020505,,1423800,,
0,0,,0.424644,0.2137,0.249129,0.01631,0.063814,0.032402,,1415700,,
0,0,,0.312403,0.144595,0.304657,0.037988,0.100481,0.099875,,1419900,,
0,2,,0.369955,0.096233,0.459676,0.025835,0.028888,0.019412,,1432500,,
0,2,,0.238503,0.062472,0.627091,0.031939,0.019064,0.020931,,1441600,,
0,2,,0.153234,0.068833,0.610092,0.049081,0.051826,0.066934,,1432100,,
0,2,,0.104935,0.025528,0.808726,0.038902,0.007646,0.014263,,1421700,,
0,2,,0.391053,0.094984,0.428866,0.029857,0.034543,0.020697,,1419300,,
0,0,,0.341984,0.121035,0.300922,0.04994,0.080154,0.105965,,1417900,,
0,2,,0.361088,0.085468,0.420422,0.039749,0.045177,0.048097,,1431500,,
0,0,,0.308555,0.16398,0.171323,0.038041,0.168957,0.149144,,1424400,,
0,2,,0.104466,0.037865,0.7879,0.039382,0.015875,0.014511,,1424900,,
0,2,,0.218952,0.042472,0.664051,0.034089,0.018873,0.021564,,1449500,,
0,0,,0.417036,0.189555,0.109374,0.037463,0.134627,0.111943,,1419500,,
0,2,,0.104935,0.025528,0.808726,0.038902,0.007646,0.014263,,1460600,,
0,2,,0.218952,0.042472,0.664051,0.034089,0.018873,0.021564,,1415200,,
0,2,,0.200096,0.054686,0.661714,0.035148,0.026277,0.022079,,1428700,,
0,2,,0.360998,0.116944,0.446575,0.026457,0.028878,0.020149,,1430400,,
0,2,,0.247257,0.056051,0.508774,0.047539,0.050773,0.089606,,1427800,,
0,2,,0.12806,0.045849,0.752355,0.04061,0.017748,0.015379,,1426100,,
0,2,,0.104935,0.025528,0.808726,0.038902,0.007646,0.014263,,1416700,,
0,2,,0.219264,0.069696,0.629881,0.031921,0.028385,0.020852,,1419700,,
0,2,,0.124282,0.025528,0.789121,0.038771,0.00809,0.014207,,1414900,,
0,2,,0.113087,0.025755,0.796561,0.041792,0.008035,0.01477,,1417800,,
0,0,,0.423447,0.139846,0.340823,0.017926,0.046724,0.031234,,1421300,,
0,2,,0.142513,0.025528,0.771165,0.038206,0.00847,0.014117,,1436700,,
0,2,,0.311694,0.089265,0.390827,0.039662,0.072057,0.096494,,1409700,,
0,2,,0.174831,0.061058,0.696178,0.035207,0.019993,0.012734,,1413100,,
0,2,,0.2206,0.147446,0.264871,0.039333,0.177053,0.150698,,1420900,,
0,2,,0.124282,0.025528,0.789121,0.038771,0.00809,0.014207,,1417000,,
0,2,,0.084935,0.045528,0.808726,0.038902,0.007646,0.014263,,1415700,,
0,2,,0.142513,0.025528,0.771165,0.038206,0.00847,0.014117,,1416800,,
0,2,,0.226151,0.132898,0.276171,0.052442,0.162871,0.149468,,1431100,,
0,2,,0.210974,0.110187,0.511707,0.03259,0.072295,0.062247,,1438100,,
0,2,,0.124282,0.025528,0.789121,0.038771,0.00809,0.014207,,1423200,,
0,2,,0.124318,0.025589,0.788695,0.039075,0.008085,0.014238,,1498800,,
0,2,,0.113813,0.045802,0.743314,0.057778,0.017298,0.021995,,1424200,,
0,2,,0.278518,0.065089,0.584222,0.029302,0.022725,0.020145,,1426100,,
0,0,,0.424748,0.123584,0.37167,0.023121,0.038199,0.018678,,1436600,,
0,0,,0.415732,0.222777,0.126313,0.027556,0.117688,0.089935,,1466200,,
0,2,,0.124282,0.025528,0.789121,0.038771,0.00809,0.014207,,1434600,,
0,2,,0.104935,0.025528,0.808726,0.038902,0.007646,0.014263,,1421400,,
0,2,,0.123166,0.025528,0.790769,0.038337,0.008025,0.014174,,1426700,,
0,2,,0.199606,0.042472,0.682007,0.03485,0.019411,0.021653,,1427900,,
0,0,,0.286186,0.180626,0.242219,0.033771,0.131982,0.125216,,1434400,,
0,0,,0.511675,0.197172,0.192183,0.015813,0.052462,0.030695,,1423300,,
0,2,,0.156288,0.033833,0.748304,0.03794,0.010101,0.013535,,1445200,,
0,0,,0.329086,0.165168,0.213491,0.036718,0.130685,0.124852,,1422600,,
0,2,,0.209873,0.061637,0.648267,0.03247,0.026681,0.021072,,1433100,,
0,2,,0.084935,0.045528,0.808726,0.038902,0.007646,0.014263,,1439200,,
0,2,,0.219264,0.069696,0.629881,0.031921,0.028385,0.020852,,1423600,,
0,2,,0.200721,0.042472,0.682007,0.034653,0.018493,0.021653,,1423100,,
0,2,,0.143184,0.092994,0.503989,0.051598,0.090963,0.117272,,1421900,,
0,2,,0.159289,0.041726,0.737723,0.036744,0.010783,0.013736,,1447800,,
0,2,,0.199725,0.042472,0.680465,0.035859,0.01947,0.022008,,1445700,,
0,2,,0.218952,0.042472,0.664051,0.034089,0.018873,0.021564,,1415500,,
0,2,,0.188852,0.099559,0.47453,0.044319,0.091657,0.101083,,1413800,,
0,2,,0.190209,0.121018,0.521757,0.031701,0.071,0.064315,,1460200,,
0,2,,0.104935,0.025528,0.808726,0.038902,0.007646,0.014263,,1447600,,
0,2,,0.139436,0.05394,0.71645,0.051901,0.018726,0.019546,,1425700,,
0,2,,0.124282,0.025528,0.789121,0.038771,0.00809,0.014207,,1439500,,
0,2,,0.228936,0.077331,0.604455,0.03163,0.033565,0.024083,,1414700,,
0,2,,0.336299,0.087939,0.48834,0.031856,0.033383,0.022184,,1420600,,
0,0,,0.378914,0.206044,0.173427,0.029543,0.114407,0.097666,,1438800,,
0,0,,0.339103,0.187843,0.241949,0.032306,0.102672,0.096128,,1431400,,
0,2,,0.113087,0.025755,0.796561,0.041792,0.008035,0.01477,,1429200,,
0,0,,0.439477,0.188098,0.14777,0.03029,0.099436,0.094929,,1415300,,
0,0,,0.457964,0.170408,0.247336,0.029636,0.053416,0.041241,,1435900,,
0,2,,0.219264,0.069696,0.629881,0.031921,0.028385,0.020852,,1429900,,
0,2,,0.143538,0.025528,0.77037,0.038257,0.00803,0.014277,,1414900,,
0,2,,0.239128,0.042472,0.647384,0.031445,0.019066,0.020505,,1414800,,
0,2,,0.142513,0.025528,0.771165,0.038206,0.00847,0.014117,,1413100,,
0,2,,0.104935,0.025528,0.808726,0.038902,0.007646,0.014263,,1419200,,
0,2,,0.246161,0.060336,0.571571,0.036292,0.039374,0.046266,,1423400,,
0,2,,0.11905,0.034262,0.71262,0.06152,0.025472,0.047077,,1416500,,
0,2,,0.113087,0.025755,0.796561,0.041792,0.008035,0.01477,,1438400,,
0,2,,0.223035,0.054686,0.638703,0.035019,0.026627,0.02193,,1414700,,
0,0,,0.337499,0.178965,0.100778,0.031486,0.189541,0.161731,,1434100,,
0,2,,0.111282,0.045695,0.77903,0.040923,0.00842,0.014649,,1422200,,
0,2,,0.321323,0.065207,0.540889,0.028918,0.023401,0.020262,,1434500,,
0,2,,0.104935,0.025528,0.808726,0.038902,0.007646,0.014263,,1412700,,
0,2,,0.219128,0.054686,0.647384,0.031445,0.026851,0.020505,,1426300,,
0,2,,0.099413,0.03779,0.789492,0.041673,0.016104,0.015528,,1426600,,
0,2,,0.106087,0.025589,0.806651,0.03964,0.007706,0.014327,,1420600,,
0,2,,0.260215,0.061855,0.597904,0.030363,0.028946,0.020717,,1425000,,
0,2,,0.104935,0.025528,0.808726,0.038902,0.007646,0.014263,,1411500,,
0,2,,0.137642,0.033833,0.764769,0.03996,0.009469,0.014328,,1438500,,
0,2,,0.200721,0.042472,0.682007,0.034653,0.018493,0.021653,,1438700,,
0,2,,0.10382,0.025528,0.808726,0.039098,0.008564,0.014263,,1435200,,
0,2,,0.159289,0.041726,0.737723,0.036744,0.010783,0.013736,,1411400,,
0,2,,0.131437,0.025755,0.777062,0.042236,0.008474,0.015036,,1422300,,
0,2,,0.104935,0.025528,0.808726,0.038902,0.007646,0.014263,,1420300,,
0,2,,0.229367,0.062746,0.623628,0.034419,0.027981,0.021859,,1426200,,
0,2,,0.236854,0.062472,0.628835,0.031554,0.019444,0.020841,,1416900,,
0,2,,0.382825,0.108924,0.42647,0.025233,0.036912,0.019636,,1414100,,
0,0,,0.432071,0.130833,0.357697,0.022193,0.038727,0.018479,,1427400,,
0,2,,0.157016,0.033833,0.744476,0.040454,0.009468,0.014753,,1438300,,
0,2,,0.308539,0.066649,0.55055,0.030501,0.023419,0.020342,,1421600,,
0,2,,0.113087,0.025755,0.796561,0.041792,0.008035,0.01477,,1423300,,
0,2,,0.219977,0.042472,0.663256,0.034139,0.018433,0.021724,,1410700,,
0,2,,0.392817,0.13077,0.396785,0.022675,0.038413,0.01854,,1413400,,
0,0,,0.433297,0.180894,0.152658,0.032947,0.101063,0.099143,,1428400,,
0,2,,0.357246,0.126327,0.410612,0.021613,0.050649,0.033553,,1466100,,
0,2,,0.291107,0.085135,0.548573,0.030501,0.023718,0.020966,,1430000,,
0,0,,0.468158,0.147307,0.300044,0.021555,0.042969,0.019967,,1426100,,
0,2,,0.080485,0.06633,0.610845,0.059185,0.074512,0.108642,,1432500,,
0,2,,0.124282,0.025528,0.789121,0.038771,0.00809,0.014207,,1447100,,
0,2,,0.239248,0.042472,0.645842,0.032454,0.019125,0.02086,,1429900,,
0,2,,0.258503,0.042472,0.627091,0.031939,0.019064,0.020931,,1416900,,
0,2,,0.258518,0.077303,0.584222,0.029302,0.03051,0.020145,,1427300,,
0,2,,0.084935,0.045528,0.808726,0.038902,0.007646,0.014263,,1424600,,
0,2,,0.141394,0.053754,0.736662,0.042547,0.010254,0.015388,,1429000,,
0,2,,0.270098,0.054702,0.59487,0.031333,0.027717,0.02128,,1503200,,
0,0,,0.387311,0.13058,0.319599,0.036322,0.059004,0.067184,,1436000,,
0,2,,0.289354,0.054702,0.576119,0.030819,0.027657,0.02135,,1428500,,
0,2,,0.104935,0.025528,0.808726,0.038902,0.007646,0.014263,,1422600,,
0,0,,0.328662,0.195092,0.146071,0.035157,0.167336,0.127681,,1449200,,
0,2,,0.176701,0.041726,0.7228,0.033912,0.012274,0.012588,,1432100,,
0,2,,0.111282,0.03791,0.77903,0.040923,0.016205,0.014649,,1423400,,
0,0,,0.379111,0.159941,0.237114,0.032639,0.095849,0.095347,,1423300,,
0,2,,0.084935,0.045528,0.808726,0.038902,0.007646,0.014263,,1428200,,
0,2,,0.157016,0.033833,0.744476,0.040454,0.009468,0.014753,,1433000,,
0,2,,0.104935,0.025528,0.808726,0.038902,0.007646,0.014263,,1437000,,
0,2,,0.316085,0.071795,0.412383,0.037991,0.065525,0.096221,,1445300,,
0,2,,0.274399,0.066903,0.57505,0.035652,0.024433,0.023563,,1447000,,
0,2,,0.110595,0.045881,0.76763,0.043204,0.016955,0.015735,,1443200,,
0,2,,0.130287,0.025695,0.777488,0.042129,0.009397,0.015004,,1436800,,
0,2,,0.104935,0.025528,0.808726,0.038902,0.007646,0.014263,,1432200,,
0,2,,0.261115,0.078995,0.567482,0.036435,0.03238,0.023592,,1426000,,
0,2,,0.207128,0.051341,0.665885,0.042602,0.015506,0.017539,,1424300,,
0,2,,0.093355,0.025755,0.804855,0.049618,0.008169,0.018248,,1443700,,
0,2,,0.218952,0.042472,0.664051,0.034089,0.018873,0.021564,,1420400,,
0,2,,0.249248,0.050531,0.62517,0.03341,0.020137,0.021504,,1413300,,
0,0,,0.393364,0.11449,0.365161,0.030754,0.049516,0.046716,,1485200,,
0,2,,0.268414,0.084254,0.569233,0.027633,0.030973,0.019493,,1430400,,
0,2,,0.217479,0.062472,0.649128,0.03106,0.019445,0.020416,,1414000,,
0,0,,0.265602,0.188555,0.222324,0.037258,0.158382,0.127879,,1429900,,
0,2,,0.184926,0.050931,0.645959,0.042743,0.026668,0.048773,,1431600,,
0,2,,0.124282,0.025528,0.789121,0.038771,0.00809,0.014207,,1440200,,
0,2,,0.234454,0.042518,0.644022,0.03691,0.019106,0.022989,,1424600,,
0,2,,0.270186,0.079103,0.555193,0.038423,0.032268,0.024828,,1425300,,
0,0,,0.466917,0.156412,0.302489,0.021365,0.034444,0.018373,,1425800,,
0,2,,0.289436,0.080439,0.532221,0.03894,0.034006,0.024958,,1435500,,
0,0,,0.361073,0.101909,0.356273,0.038774,0.061837,0.080133,,1421900,,
0,2,,0.104935,0.025528,0.808726,0.038902,0.007646,0.014263,,1488700,,
0,2,,0.267775,0.050531,0.610247,0.030381,0.02071,0.020356,,1451300,,
0,2,,0.250713,0.050531,0.619939,0.036097,0.020328,0.022393,,1459300,,
0,2,,0.342821,0.087878,0.477556,0.034847,0.034357,0.022541,,1460500,,
0,2,,0.104935,0.025528,0.808726,0.038902,0.007646,0.014263,,1472300,,
0,2,,0.166288,0.041892,0.727632,0.038896,0.011113,0.014178,,1451700,,
0,2,,0.295314,0.092299,0.532252,0.027886,0.032668,0.019582,,1462700,,
0,2,,0.123166,0.025528,0.790769,0.038337,0.008025,0.014174,,1459500,,
0,2,,0.267775,0.050531,0.610247,0.030381,0.02071,0.020356,,1453700,,
0,2,,0.104935,0.025528,0.808726,0.038902,0.007646,0.014263,,1449100,,
0,2,,0.218952,0.042472,0.664051,0.034089,0.018873,0.021564,,1449000,,
0,2,,0.123168,0.025528,0.789121,0.038968,0.009008,0.014207,,1486100,,
0,2,,0.199606,0.042472,0.682007,0.03485,0.019411,0.021653,,1473300,,
0,2,,0.275708,0.066841,0.574427,0.035652,0.023809,0.023563,,1460400,,
0,2,,0.131282,0.025695,0.77903,0.040923,0.00842,0.014649,,1454700,,
0,2,,0.104282,0.037743,0.789121,0.038771,0.015875,0.014207,,1473200,,
0,0,,0.405076,0.175956,0.177219,0.037105,0.104799,0.099845,,1453600,,
0,2,,0.247894,0.070531,0.608705,0.03139,0.020769,0.020711,,1444900,,
0,2,,0.369812,0.108877,0.440473,0.025149,0.03643,0.019259,,1441200,,
0,2,,0.256364,0.042472,0.627885,0.032086,0.020422,0.020771,,1440700,,
0,2,,0.104935,0.025528,0.808726,0.038902,0.007646,0.014263,,1452200,,
0,0,,0.41018,0.147938,0.336984,0.020038,0.052589,0.032271,,1450000,,
0,2,,0.262714,0.063349,0.574283,0.029588,0.03472,0.035345,,1457100,,
0,2,,0.199606,0.042472,0.682007,0.03485,0.019411,0.021653,,1442400,,
0,2,,0.258503,0.042472,0.627091,0.031939,0.019064,0.020931,,1441100,,
0,2,,0.168888,0.070825,0.646453,0.034202,0.028357,0.051276,,1466800,,
0,2,,0.29179,0.087703,0.522009,0.036057,0.039239,0.023202,,1447500,,
0,2,,0.104972,0.025589,0.806651,0.039836,0.008624,0.014327,,1443300,,
1,1,,0.272747,0.52665,0.047233,0.008273,0.10886,0.036236,,1451700,,
1,1,,0.270887,0.532272,0.046303,0.008273,0.10593,0.036335,,1439000,,
1,1,,0.272868,0.46665,0.106478,0.008787,0.108921,0.036297,,1456000,,
1,1,,0.320575,0.363842,0.068249,0.014844,0.164001,0.068489,,1448000,,
1,0,,0.379491,0.276824,0.20412,0.011596,0.092516,0.035454,,1449500,,
1,1,,0.274341,0.480606,0.085548,0.008787,0.114323,0.036396,,1491400,,
1,1,,0.270887,0.532272,0.046303,0.008273,0.10593,0.036335,,1469800,,
1,1,,0.270887,0.532272,0.046303,0.008273,0.10593,0.036335,,1472500,,
1,2,,0.160428,0.069476,0.656126,0.045221,0.028492,0.040257,,1479800,,
1,1,,0.309051,0.479294,0.048961,0.009137,0.11732,0.036236,,1430200,,
1,2,,0.08057,0.057476,0.536927,0.066716,0.050787,0.207524,,1423800,,
1,1,,0.283946,0.291461,0.223166,0.019755,0.117922,0.063751,,1445400,,
1,2,,0.143437,0.056834,0.572524,0.059612,0.054094,0.113499,,1436400,,
1,1,,0.270887,0.532272,0.046303,0.008273,0.10593,0.036335,,1433400,,
1,1,,0.2895,0.469291,0.082565,0.009532,0.112625,0.036487,,1426800,,
1,1,,0.310058,0.49654,0.046518,0.008304,0.102344,0.036236,,1426700,,
1,1,,0.270887,0.524487,0.046303,0.008273,0.113715,0.036335,,1457200,,
1,1,,0.27422,0.520606,0.046303,0.008273,0.114263,0.036335,,1433500,,
1,1,,0.272747,0.498864,0.067233,0.008273,0.116646,0.036236,,1434000,,
1,2,,0.198335,0.197273,0.456596,0.021823,0.068883,0.05709,,1434700,,
1,0,,0.317193,0.291273,0.236429,0.024409,0.089894,0.040802,,1434100,,
1,1,,0.288387,0.512272,0.04797,0.009107,0.10593,0.036335,,1436600,,
1,1,,0.305247,0.458864,0.0739,0.009107,0.116646,0.036236,,1429400,,
1,1,,0.270887,0.532272,0.046303,0.008273,0.10593,0.036335,,1431500,,
1,1,,0.272747,0.478864,0.067233,0.008273,0.136646,0.036236,,1430200,,
1,1,,0.270887,0.532272,0.046303,0.008273,0.10593,0.036335,,1442500,,
1,0,,0.327261,0.321527,0.18253,0.014172,0.112243,0.042267,,1445400,,
1,0,,0.332777,0.332724,0.165957,0.012644,0.09827,0.057628,,1451200,,
1,1,,0.272747,0.50665,0.067233,0.008273,0.10886,0.036236,,1438800,,
1,1,,0.270887,0.532272,0.046303,0.008273,0.10593,0.036335,,1436800,,
1,2,,0.206175,0.296422,0.333709,0.014452,0.100294,0.048949,,1474500,,
1,2,,0.14133,0.094976,0.567082,0.047722,0.046069,0.10282,,1459200,,
1,1,,0.284006,0.410878,0.1331,0.010831,0.116782,0.044403,,1439600,,
1,1,,0.270887,0.512272,0.066303,0.008273,0.10593,0.036335,,1428400,,
1,1,,0.266057,0.499034,0.080566,0.009723,0.108032,0.036588,,1432600,,
1,1,,0.261118,0.469504,0.061452,0.016662,0.127002,0.064262,,1453700,,
1,1,,0.270887,0.532272,0.046303,0.008273,0.10593,0.036335,,1432100,,
1,1,,0.272747,0.48665,0.067233,0.008273,0.12886,0.036236,,1428900,,
1,2,,0.174516,0.080059,0.585529,0.047006,0.040541,0.072349,,1428100,,
1,1,,0.264987,0.302278,0.215639,0.018969,0.123801,0.074327,,1578200,,
1,2,,0.163514,0.135486,0.500653,0.04149,0.060433,0.098424,,1467500,,
1,1,,0.272747,0.52665,0.047233,0.008273,0.10886,0.036236,,1457500,,
1,1,,0.297434,0.42073,0.12938,0.010863,0.096372,0.04522,,1461700,,
1,1,,0.270887,0.532272,0.046303,0.008273,0.10593,0.036335,,1439000,,
1,1,,0.270887,0.532272,0.046303,0.008273,0.10593,0.036335,,1427900,,
1,1,,0.270887,0.532272,0.046303,0.008273,0.10593,0.036335,,1445500,,
1,1,,0.365698,0.401559,0.085762,0.008818,0.101866,0.036297,,1431800,,
1,1,,0.231439,0.370007,0.15667,0.018631,0.148204,0.075049,,1433000,,
1,2,,0.248197,0.210843,0.368975,0.029017,0.087507,0.05546,,1432800,,
1,1,,0.262555,0.416053,0.159777,0.010147,0.114728,0.03674,,1493800,,
1,1,,0.272747,0.52665,0.047233,0.008273,0.10886,0.036236,,1460800,,
1,1,,0.300249,0.442338,0.100444,0.009973,0.109881,0.037115,,1453400,,
1,1,,0.270887,0.532272,0.046303,0.008273,0.10593,0.036335,,1461000,,
1,1,,0.305247,0.46665,0.0739,0.009107,0.10886,0.036236,,1461500,,
1,1,,0.270887,0.532272,0.046303,0.008273,0.10593,0.036335,,1453500,,
1,1,,0.270887,0.512272,0.066303,0.008273,0.10593,0.036335,,1463100,,
1,1,,0.270887,0.532272,0.046303,0.008273,0.10593,0.036335,,1454900,,
1,1,,0.270887,0.512272,0.066303,0.008273,0.10593,0.036335,,1450500,,
1,2,,0.060283,0.026859,0.671498,0.072558,0.044582,0.12422,,1456400,,
1,1,,0.270887,0.532272,0.046303,0.008273,0.10593,0.036335,,1491600,,
1,0,,0.291607,0.2784,0.2622,0.018116,0.106417,0.043259,,1485000,,
1,1,,0.296518,0.493562,0.048224,0.009361,0.115937,0.036399,,1457500,,
1,1,,0.270887,0.532272,0.046303,0.008273,0.10593,0.036335,,1463400,,
1,2,,0.199454,0.148975,0.448859,0.044561,0.06413,0.094021,,1454500,,
1,1,,0.285887,0.472272,0.071303,0.008273,0.12593,0.036335,,1475200,,
1,1,,0.272747,0.48665,0.087233,0.008273,0.10886,0.036236,,1456800,,
1,1,,0.270887,0.524487,0.046303,0.008273,0.113715,0.036335,,1466200,,
1,1,,0.267836,0.392201,0.179605,0.012276,0.103932,0.04415,,1459700,,
1,1,,0.294341,0.440606,0.105548,0.008787,0.114323,0.036396,,1459600,,
1,1,,0.270887,0.504487,0.066303,0.008273,0.113715,0.036335,,1478400,,
1,1,,0.270516,0.446887,0.070025,0.017402,0.124461,0.070709,,1525400,,
1,1,,0.272747,0.518864,0.047233,0.008273,0.116646,0.036236,,1479800,,
1,1,,0.270887,0.532272,0.046303,0.008273,0.10593,0.036335,,1497300,,
1,1,,0.275196,0.424488,0.109958,0.013391,0.134952,0.042014,,1517200,,
1,2,,0.173666,0.125985,0.490201,0.036364,0.081879,0.091907,,1454500,,
1,0,,0.357337,0.238756,0.277756,0.019057,0.072164,0.034931,,1460700,,
1,1,,0.284885,0.489291,0.06718,0.009532,0.112625,0.036487,,1486700,,
1,1,,0.270887,0.524487,0.046303,0.008273,0.113715,0.036335,,1454800,,
1,1,,0.270887,0.484487,0.082667,0.010092,0.113715,0.038153,,1470500,,
1,1,,0.270887,0.524487,0.046303,0.008273,0.113715,0.036335,,1485900,,
1,1,,0.270887,0.512272,0.066303,0.008273,0.10593,0.036335,,1456600,,
1,1,,0.319588,0.360339,0.151869,0.011708,0.099158,0.057337,,1458500,,
1,1,,0.330262,0.452335,0.066459,0.008305,0.106305,0.036335,,1451000,,
1,1,,0.270887,0.532272,0.046303,0.008273,0.10593,0.036335,,1482800,,
1,2,,0.111199,0.042162,0.665902,0.063316,0.033479,0.083943,,1456800,,
1,1,,0.270887,0.532272,0.046303,0.008273,0.10593,0.036335,,1449100,,
1,1,,0.244154,0.348466,0.218386,0.011427,0.133418,0.04415,,1463100,,
1,1,,0.272747,0.52665,0.047233,0.008273,0.10886,0.036236,,1466200,,
1,2,,0.151218,0.068208,0.58062,0.050129,0.046289,0.103536,,1469300,,
1,1,,0.272747,0.48665,0.067233,0.008273,0.12886,0.036236,,1452600,,
1,1,,0.270887,0.532272,0.046303,0.008273,0.10593,0.036335,,1451000,,
1,1,,0.233807,0.33171,0.255283,0.017443,0.09929,0.062467,,1449300,,
1,1,,0.270887,0.532272,0.046303,0.008273,0.10593,0.036335,,1480800,,
1,1,,0.284885,0.429291,0.10718,0.009532,0.132625,0.036487,,1461000,,
1,1,,0.29422,0.500606,0.046303,0.008273,0.114263,0.036335,,1441600,,
1,1,,0.270887,0.512272,0.066303,0.008273,0.10593,0.036335,,1440700,,
1,1,,0.266433,0.393154,0.173075,0.013023,0.10772,0.046594,,1446200,,
1,1,,0.270887,0.532272,0.046303,0.008273,0.10593,0.036335,,1445200,,
1,1,,0.270887,0.512272,0.066303,0.008273,0.10593,0.036335,,1447600,,
1,1,,0.270887,0.532272,0.046303,0.008273,0.10593,0.036335,,1454000,,
1,2,,0.304389,0.234072,0.310421,0.019384,0.092536,0.039198,,1470300,,
1,1,,0.270887,0.524487,0.046303,0.008273,0.113715,0.036335,,1444300,,
1,1,,0.320945,0.422713,0.102853,0.009688,0.107912,0.03589,,1516000,,
1,1,,0.270887,0.532272,0.046303,0.008273,0.10593,0.036335,,1448800,,
1,1,,0.270887,0.532272,0.046303,0.008273,0.10593,0.036335,,1450800,,
1,1,,0.261118,0.509504,0.025088,0.014844,0.127002,0.062443,,1444800,,
1,1,,0.270887,0.532272,0.046303,0.008273,0.10593,0.036335,,1451300,,
1,1,,0.270887,0.524487,0.046303,0.008273,0.113715,0.036335,,1462400,,
1,1,,0.270887,0.532272,0.046303,0.008273,0.10593,0.036335,,1447300,,
1,1,,0.270887,0.512272,0.066303,0.008273,0.10593,0.036335,,1449600,,
1,1,,0.270887,0.532272,0.046303,0.008273,0.10593,0.036335,,1474700,,
1,2,,0.270838,0.265009,0.293582,0.015483,0.097196,0.057892,,1463700,,
1,1,,0.270887,0.472272,0.086303,0.008273,0.12593,0.036335,,1457300,,
1,1,,0.270887,0.532272,0.046303,0.008273,0.10593,0.036335,,1510400,,
1,1,,0.294341,0.480606,0.065548,0.008787,0.114323,0.036396,,1459600,,
1,1,,0.270887,0.532272,0.046303,0.008273,0.10593,0.036335,,1453000,,
1,2,,0.174444,0.225614,0.422371,0.023827,0.090555,0.063189,,1524500,,
1,2,,0.229936,0.180958,0.31804,0.037381,0.136791,0.096895,,1471300,,
1,1,,0.272747,0.50665,0.067233,0.008273,0.10886,0.036236,,1453100,,
1,1,,0.325716,0.355776,0.11598,0.019836,0.099469,0.083222,,1451800,,
1,1,,0.272747,0.52665,0.047233,0.008273,0.10886,0.036236,,1457600,,
1,2,,0.26302,0.216712,0.331351,0.036386,0.080015,0.072516,,1481500,,
1,1,,0.288387,0.504487,0.04797,0.009107,0.113715,0.036335,,1455400,,
1,1,,0.270887,0.512272,0.066303,0.008273,0.10593,0.036335,,1480900,,
1,1,,0.2872,0.429721,0.111609,0.013438,0.112027,0.046005,,1459700,,
1,1,,0.270887,0.532272,0.046303,0.008273,0.10593,0.036335,,1449400,,
1,2,,0.142882,0.092081,0.663734,0.035493,0.032434,0.033375,,1446600,,
1,1,,0.339603,0.395171,0.089,0.009072,0.110604,0.056551,,1443700,,
1,1,,0.288387,0.504487,0.04797,0.009107,0.113715,0.036335,,1444800,,
1,2,,0.069634,0.017163,0.697922,0.06295,0.042081,0.110249,,1441700,,
1,1,,0.329969,0.392711,0.105827,0.009013,0.123662,0.038818,,1462600,,
1,1,,0.270887,0.532272,0.046303,0.008273,0.10593,0.036335,,1479900,,
1,1,,0.271627,0.31811,0.141844,0.017646,0.164769,0.086004,,1444400,,
1,1,,0.339588,0.380339,0.111869,0.011708,0.099158,0.057337,,1439500,,
1,1,,0.270887,0.524487,0.046303,0.008273,0.113715,0.036335,,1484700,,
1,1,,0.272747,0.52665,0.047233,0.008273,0.10886,0.036236,,1474900,,
1,0,,0.290103,0.282279,0.259193,0.020021,0.104755,0.04365,,1476200,,
1,1,,0.290247,0.48665,0.0689,0.009107,0.10886,0.036236,,1455300,,
1,1,,0.306079,0.382554,0.143222,0.013833,0.111669,0.042643,,1460300,,
1,1,,0.270887,0.532272,0.046303,0.008273,0.10593,0.036335,,1455100,,
1,1,,0.270887,0.512272,0.066303,0.008273,0.10593,0.036335,,1468700,,
2,2,,0.084989,0.025528,0.828617,0.038956,0.007646,0.014263,,1527300,,
2,2,,0.084989,0.025528,0.828617,0.038956,0.007646,0.014263,,1442800,,
2,2,,0.084989,0.025528,0.828617,0.038956,0.007646,0.014263,,1442100,,
2,2,,0.084989,0.025528,0.828617,0.038956,0.007646,0.014263,,1489600,,
2,2,,0.05928,0.004627,0.768489,0.054127,0.026176,0.0873,,1463400,,
2,2,,0.084989,0.025528,0.828617,0.038956,0.007646,0.014263,,1445100,,
2,2,,0.084989,0.025528,0.828617,0.038956,0.007646,0.014263,,1437800,,
2,2,,0.084989,0.025528,0.828617,0.038956,0.007646,0.014263,,1438800,,
2,2,,0.084989,0.025528,0.828617,0.038956,0.007646,0.014263,,1444200,,
2,2,,0.084989,0.025528,0.828617,0.038956,0.007646,0.014263,,1447500,,
2,2,,0.084942,0.025528,0.821388,0.044352,0.007676,0.016113,,1493000,,
2,2,,0.084989,0.025528,0.828617,0.038956,0.007646,0.014263,,1444400,,
2,2,,0.084989,0.025528,0.828617,0.038956,0.007646,0.014263,,1444800,,
2,2,,0.084989,0.025528,0.828617,0.038956,0.007646,0.014263,,1472500,,
2,2,,0.084935,0.037743,0.808726,0.038902,0.015431,0.014263,,1468500,,
2,2,,0.084989,0.025528,0.828617,0.038956,0.007646,0.014263,,1455100,,
2,2,,0.084935,0.025528,0.826809,0.040435,0.007646,0.014646,,1447300,,
2,2,,0.084989,0.025528,0.828617,0.038956,0.007646,0.014263,,1449600,,
2,2,,0.084989,0.025528,0.828617,0.038956,0.007646,0.014263,,1458600,,
2,2,,0.054719,0.004781,0.754531,0.062091,0.026363,0.097514,,1446100,,
2,2,,0.084935,0.025528,0.808726,0.038902,0.008024,0.033884,,1445600,,
2,2,,0.084935,0.025528,0.808726,0.038902,0.008024,0.033884,,1470100,,
2,2,,0.054903,0.004903,0.75331,0.062702,0.026363,0.097819,,1446000,,
2,2,,0.084989,0.025528,0.828617,0.038956,0.007646,0.014263,,1457300,,
2,2,,0.084989,0.025528,0.828617,0.038956,0.007646,0.014263,,1462500,,
2,2,,0.084971,0.025528,0.794494,0.04908,0.00812,0.037805,,1448500,,
2,2,,0.104935,0.025528,0.808726,0.038902,0.007646,0.014263,,1441900,,
2,2,,0.084989,0.025528,0.828617,0.038956,0.007646,0.014263,,1454400,,
2,2,,0.084989,0.025528,0.828617,0.038956,0.007646,0.014263,,1460400,,
2,2,,0.084935,0.037743,0.808726,0.038902,0.015431,0.014263,,1443900,,
2,2,,0.084989,0.025528,0.828617,0.038956,0.007646,0.014263,,1447300,,
2,2,,0.067083,0.026356,0.778733,0.052953,0.023472,0.051404,,1460900,,
2,2,,0.084989,0.025528,0.828617,0.038956,0.007646,0.014263,,1470100,,
2,2,,0.084989,0.025528,0.828617,0.038956,0.007646,0.014263,,1443900,,
2,2,,0.084989,0.025528,0.828617,0.038956,0.007646,0.014263,,1443800,,
2,2,,0.084935,0.025528,0.808726,0.038902,0.008024,0.033884,,1480800,,
2,2,,0.085203,0.025528,0.81702,0.046728,0.00778,0.017741,,1442600,,
2,2,,0.084989,0.025528,0.828617,0.038956,0.007646,0.014263,,1453900,,
2,2,,0.084935,0.025528,0.808726,0.038902,0.008024,0.033884,,1448900,,
2,2,,0.084989,0.025528,0.828617,0.038956,0.007646,0.014263,,1443300,,
2,2,,0.084989,0.025528,0.828617,0.038956,0.007646,0.014263,,1435100,,
2,2,,0.084989,0.025528,0.828617,0.038956,0.007646,0.014263,,1465100,,
2,2,,0.084935,0.025528,0.826809,0.040435,0.007646,0.014646,,1458300,,
2,2,,0.084989,0.025528,0.828617,0.038956,0.007646,0.014263,,1452600,,
2,2,,0.085203,0.025528,0.81702,0.046728,0.00778,0.017741,,1446900,,
2,2,,0.084989,0.025528,0.828617,0.038956,0.007646,0.014263,,1453100,,
2,2,,0.084989,0.025528,0.828617,0.038956,0.007646,0.014263,,1440700,,
2,2,,0.070909,0.013988,0.790634,0.047556,0.015819,0.061093,,1451800,,
2,2,,0.070963,0.013988,0.810526,0.047611,0.015441,0.041472,,1445600,,
2,2,,0.084989,0.025528,0.828617,0.038956,0.007646,0.014263,,1444600,,
2,2,,0.084989,0.025528,0.828617,0.038956,0.007646,0.014263,,1462300,,
2,2,,0.066301,0.014141,0.769447,0.060917,0.016037,0.073157,,1458100,,
2,2,,0.084989,0.025528,0.828617,0.038956,0.007646,0.014263,,1498900,,
2,2,,0.084989,0.025528,0.828617,0.038956,0.007646,0.014263,,1441100,,
2,2,,0.084989,0.025528,0.828617,0.038956,0.007646,0.014263,,1442700,,
2,2,,0.084989,0.025528,0.828617,0.038956,0.007646,0.014263,,1441100,,
2,2,,0.096185,0.021662,0.579356,0.094587,0.07256,0.13565,,1462200,,
2,2,,0.084935,0.025528,0.826809,0.040435,0.007646,0.014646,,1455600,,
2,2,,0.084935,0.025528,0.808726,0.038902,0.008024,0.033884,,1445600,,
2,2,,0.084989,0.025528,0.828617,0.038956,0.007646,0.014263,,1438900,,
2,2,,0.093206,0.025755,0.795019,0.042801,0.008473,0.034746,,1438800,,
2,2,,0.065928,0.014588,0.745033,0.079128,0.015955,0.079369,,1460300,,
2,2,,0.084989,0.025528,0.828617,0.038956,0.007646,0.014263,,1476400,,
2,2,,0.084989,0.025528,0.828617,0.038956,0.007646,0.014263,,1444000,,
2,2,,0.084989,0.025528,0.828617,0.038956,0.007646,0.014263,,1443200,,
2,2,,0.08506,0.037865,0.787976,0.043683,0.016205,0.029211,,1446700,,
2,2,,0.054211,0.004781,0.731537,0.079516,0.026372,0.103583,,1458700,,
2,2,,0.084935,0.025528,0.808726,0.038902,0.008024,0.033884,,1490600,,
2,2,,0.084989,0.025528,0.828617,0.038956,0.007646,0.014263,,1448700,,
2,2,,0.070909,0.013988,0.790634,0.047556,0.015819,0.061093,,1450800,,
2,2,,0.084989,0.025528,0.828617,0.038956,0.007646,0.014263,,1459800,,
2,2,,0.084989,0.025528,0.828617,0.038956,0.007646,0.014263,,1534800,,
2,2,,0.084989,0.025528,0.828617,0.038956,0.007646,0.014263,,1484100,,
2,2,,0.084989,0.025528,0.828617,0.038956,0.007646,0.014263,,1455000,,
2,2,,0.084989,0.025528,0.828617,0.038956,0.007646,0.014263,,1443300,,
2,2,,0.084989,0.025528,0.828617,0.038956,0.007646,0.014263,,1443200,,
2,2,,0.084989,0.025528,0.828617,0.038956,0.007646,0.014263,,1447000,,
2,2,,0.085173,0.02565,0.827396,0.039567,0.007646,0.014568,,1438500,,
2,2,,0.084989,0.025528,0.828617,0.038956,0.007646,0.014263,,1474900,,
2,2,,0.085266,0.02565,0.786232,0.05467,0.008182,0.04,,1450300,,
2,2,,0.084989,0.025528,0.828617,0.038956,0.007646,0.014263,,1449300,,
2,2,,0.084989,0.025528,0.828617,0.038956,0.007646,0.014263,,1438500,,
2,2,,0.084989,0.025528,0.828617,0.038956,0.007646,0.014263,,1447000,,
2,2,,0.084989,0.025528,0.828617,0.038956,0.007646,0.014263,,1434200,,
2,2,,0.085173,0.02565,0.827396,0.039567,0.007646,0.014568,,1448300,,
2,2,,0.084989,0.025528,0.828617,0.038956,0.007646,0.014263,,1455200,,
2,2,,0.085203,0.025528,0.81702,0.046728,0.00778,0.017741,,1444600,,
2,2,,0.084989,0.025528,0.828617,0.038956,0.007646,0.014263,,1449700,,
2,2,,0.084989,0.025528,0.828617,0.038956,0.007646,0.014263,,1446600,,
2,2,,0.070963,0.013988,0.810526,0.047611,0.015441,0.041472,,1454300,,
2,2,,0.084935,0.025528,0.808726,0.038902,0.008024,0.033884,,1459300,,
2,2,,0.084989,0.025528,0.828617,0.038956,0.007646,0.014263,,1448300,,
2,2,,0.084989,0.025528,0.828617,0.038956,0.007646,0.014263,,1448000,,
2,2,,0.065693,0.014141,0.774955,0.057788,0.015858,0.071565,,1465700,,
2,2,,0.084989,0.025528,0.828617,0.038956,0.007646,0.014263,,1452700,,
2,2,,0.054719,0.016995,0.754531,0.062091,0.03377,0.077893,,1462800,,
2,2,,0.084989,0.025528,0.828617,0.038956,0.007646,0.014263,,1452800,,
2,2,,0.097915,0.025755,0.808047,0.04477,0.008065,0.015448,,1442100,,
2,2,,0.067083,0.026356,0.778733,0.052953,0.023472,0.051404,,1465600,,
2,2,,0.05928,0.004627,0.768489,0.054127,0.026176,0.0873,,1460200,,
2,2,,0.05928,0.004627,0.768489,0.054127,0.026176,0.0873,,1457800,,
2,2,,0.086454,0.025592,0.824485,0.040864,0.007709,0.014896,,1444600,,
2,2,,0.071176,0.013988,0.798928,0.055383,0.015575,0.04495,,1445100,,
2,2,,0.084989,0.025528,0.828617,0.038956,0.007646,0.014263,,1453800,,
2,2,,0.084989,0.025528,0.828617,0.038956,0.007646,0.014263,,1452900,,
2,2,,0.084989,0.025528,0.828617,0.038956,0.007646,0.014263,,1448600,,
2,2,,0.084989,0.025528,0.828617,0.038956,0.007646,0.014263,,1451600,,
2,2,,0.068779,0.014141,0.745226,0.075579,0.016478,0.079796,,1441300,,
2,2,,0.084989,0.025528,0.828617,0.038956,0.007646,0.014263,,1451900,,
2,2,,0.084989,0.025528,0.828617,0.038956,0.007646,0.014263,,1483700,,
2,2,,0.084935,0.025528,0.808726,0.038902,0.008024,0.033884,,1444300,,
2,2,,0.084989,0.025528,0.828617,0.038956,0.007646,0.014263,,1442000,,
2,2,,0.059221,0.004627,0.74896,0.058298,0.02695,0.101943,,1452100,,
2,2,,0.084989,0.025528,0.828617,0.038956,0.007646,0.014263,,1485400,,
2,2,,0.084989,0.025528,0.828617,0.038956,0.007646,0.014263,,1452300,,
2,2,,0.084989,0.025528,0.828617,0.038956,0.007646,0.014263,,1442700,,
2,2,,0.084989,0.025528,0.828617,0.038956,0.007646,0.014263,,1441400,,
2,2,,0.085166,0.025528,0.780451,0.058841,0.008247,0.041766,,1447600,,
2,2,,0.054672,0.004781,0.747302,0.067488,0.026394,0.099364,,1471300,,
2,2,,0.084989,0.025528,0.828617,0.038956,0.007646,0.014263,,1456700,,
2,2,,0.084989,0.025528,0.828617,0.038956,0.007646,0.014263,,1470800,,
2,2,,0.084989,0.025528,0.828617,0.038956,0.007646,0.014263,,1448800,,
2,2,,0.084989,0.025528,0.828617,0.038956,0.007646,0.014263,,1445100,,
