statlog-landsat,CWE,test,4,NANOSECONDS,PREDICTIONS, Generated by ClassifierExperiments.java on 2022-05-17 03:09:57.    SYSTEMPROPERTIES:{user.name:matth,os.arch:amd64,os.name:Windows 10},ENDSYSTEMPROPERTIES
No parameter info
0.44031007751937984,1351186000,1901095200,-1,80989680,6,,-1,-1
0,2,,0.125607,0.031323,0.771667,0.047332,0.008495,0.015576,,1621600,,
0,2,,0.187106,0.053281,0.688384,0.042752,0.013446,0.015031,,1463000,,
0,0,,0.441341,0.131513,0.341498,0.031004,0.030397,0.024247,,1484900,,
0,2,,0.095725,0.023898,0.806408,0.04991,0.007675,0.016384,,1465100,,
0,0,,0.481693,0.13746,0.143997,0.024003,0.096435,0.116413,,1465500,,
0,0,,0.462648,0.146246,0.141879,0.024613,0.106636,0.117979,,1473600,,
0,2,,0.268063,0.053497,0.606313,0.040789,0.016718,0.01462,,1472200,,
0,2,,0.141586,0.016951,0.765957,0.049788,0.009016,0.016702,,1472300,,
0,2,,0.086074,0.01692,0.821483,0.051547,0.007097,0.016879,,1466800,,
0,2,,0.22346,0.053311,0.651951,0.041565,0.014801,0.014912,,1472200,,
0,2,,0.091761,0.02803,0.798719,0.047846,0.011106,0.022538,,1465200,,
0,2,,0.172888,0.096336,0.479543,0.036007,0.09754,0.117686,,1483000,,
0,2,,0.114844,0.023853,0.787714,0.049166,0.008094,0.016329,,1469200,,
0,2,,0.299595,0.060834,0.567669,0.039785,0.017496,0.01462,,1504600,,
0,2,,0.1827,0.038019,0.706584,0.044089,0.012922,0.015687,,1479900,,
0,0,,0.49848,0.140609,0.106699,0.024525,0.11062,0.119067,,1485800,,
0,2,,0.144869,0.045234,0.741916,0.043886,0.009504,0.01459,,1487700,,
0,2,,0.095725,0.023898,0.806408,0.04991,0.007675,0.016384,,1492100,,
0,2,,0.135257,0.038301,0.756593,0.045695,0.009073,0.015081,,1470000,,
0,2,,0.28168,0.089988,0.38955,0.036331,0.082471,0.11998,,1482800,,
0,2,,0.151198,0.023884,0.75128,0.047979,0.009448,0.016211,,1471000,,
0,2,,0.329828,0.131212,0.336741,0.038567,0.064084,0.099567,,1512700,,
0,2,,0.082149,0.021096,0.813396,0.049655,0.010674,0.023029,,1467800,,
0,2,,0.274789,0.060649,0.594314,0.039846,0.015579,0.014823,,1469900,,
0,2,,0.105232,0.01692,0.80239,0.050975,0.007662,0.016821,,1460000,,
0,2,,0.105831,0.031055,0.791295,0.048082,0.007973,0.015764,,1466500,,
0,2,,0.339668,0.104364,0.474807,0.036528,0.02509,0.019543,,1476400,,
0,2,,0.131174,0.017257,0.767906,0.056044,0.009931,0.017688,,1500100,,
0,2,,0.305388,0.128566,0.324311,0.048048,0.076708,0.11698,,1466300,,
0,2,,0.135257,0.038301,0.756593,0.045695,0.009073,0.015081,,1467200,,
0,2,,0.114844,0.023853,0.787714,0.049166,0.008094,0.016329,,1467200,,
0,2,,0.348963,0.082059,0.457424,0.043417,0.031498,0.036639,,1474200,,
0,2,,0.114844,0.023853,0.787714,0.049166,0.008094,0.016329,,1467300,,
0,2,,0.115339,0.024077,0.787277,0.049146,0.00796,0.016201,,1470300,,
0,2,,0.137582,0.024114,0.762455,0.049506,0.010016,0.016327,,1464000,,
0,2,,0.168484,0.024114,0.728854,0.048509,0.013179,0.01686,,1457000,,
0,0,,0.303893,0.111735,0.213845,0.027255,0.168536,0.174736,,1474400,,
0,2,,0.086074,0.01692,0.821483,0.051547,0.007097,0.016879,,1485900,,
0,2,,0.151237,0.023929,0.750883,0.048151,0.009594,0.016207,,1460600,,
0,2,,0.086074,0.01692,0.821483,0.051547,0.007097,0.016879,,1459700,,
0,0,,0.482884,0.142647,0.104082,0.024579,0.11985,0.125958,,1470800,,
0,2,,0.273134,0.060649,0.595682,0.039481,0.016291,0.014764,,1461300,,
0,2,,0.135219,0.038256,0.75699,0.045523,0.008926,0.015085,,1494100,,
0,0,,0.342344,0.111876,0.122843,0.022811,0.184244,0.215883,,1477900,,
0,2,,0.360388,0.11542,0.439726,0.032274,0.027678,0.024513,,1469300,,
0,2,,0.218267,0.04545,0.664461,0.042344,0.014444,0.015034,,1464700,,
0,2,,0.095725,0.023898,0.806408,0.04991,0.007675,0.016384,,1459400,,
0,2,,0.170955,0.038019,0.721093,0.044514,0.010324,0.015096,,1470800,,
0,2,,0.213936,0.04582,0.578256,0.051492,0.023654,0.086841,,1462400,,
0,2,,0.187106,0.053281,0.688384,0.042752,0.013446,0.015031,,1470100,,
0,2,,0.338184,0.112311,0.469005,0.035815,0.025434,0.019252,,1477000,,
0,0,,0.517473,0.159164,0.074406,0.025447,0.105026,0.118484,,1469900,,
0,2,,0.280677,0.076849,0.565275,0.044388,0.016823,0.015989,,1470900,,
0,2,,0.211715,0.053311,0.66646,0.041989,0.012203,0.014321,,1491800,,
0,2,,0.154981,0.034229,0.609182,0.04702,0.052908,0.10168,,1486400,,
0,2,,0.15674,0.024114,0.743363,0.048934,0.010582,0.016269,,1464200,,
0,0,,0.511368,0.153724,0.085866,0.022776,0.108609,0.117657,,1466600,,
0,2,,0.157312,0.07104,0.655683,0.029658,0.033043,0.053265,,1488000,,
0,2,,0.171117,0.038108,0.720597,0.044528,0.01056,0.015091,,1465500,,
0,2,,0.142147,0.031041,0.755259,0.046723,0.009181,0.015649,,1464400,,
0,2,,0.22346,0.053311,0.651951,0.041565,0.014801,0.014912,,1470300,,
0,2,,0.043127,0.029643,0.648895,0.056906,0.055866,0.165563,,1465300,,
0,0,,0.453096,0.160212,0.085045,0.02143,0.142746,0.137472,,1464200,,
0,2,,0.141691,0.030862,0.755299,0.046915,0.009461,0.015774,,1483100,,
0,2,,0.216851,0.031047,0.676329,0.045738,0.013758,0.016278,,1460800,,
0,2,,0.22346,0.053311,0.651951,0.041565,0.014801,0.014912,,1466800,,
0,2,,0.095686,0.023853,0.806806,0.049739,0.007528,0.016388,,1451200,,
0,0,,0.34651,0.151757,0.122348,0.022004,0.183336,0.174045,,1464700,,
0,2,,0.086074,0.01692,0.821483,0.051547,0.007097,0.016879,,1476300,,
0,2,,0.35798,0.112311,0.450013,0.0351,0.025434,0.019163,,1462700,,
0,2,,0.105336,0.030831,0.791732,0.048101,0.008106,0.015893,,1466000,,
0,2,,0.086074,0.01692,0.821483,0.051547,0.007097,0.016879,,1461500,,
0,2,,0.125607,0.031323,0.771667,0.047332,0.008495,0.015576,,1473300,,
0,2,,0.22346,0.053311,0.651951,0.041565,0.014801,0.014912,,1457200,,
0,2,,0.224084,0.072574,0.626422,0.038059,0.017811,0.021049,,1479800,,
0,2,,0.122429,0.016951,0.785049,0.050361,0.008451,0.01676,,1460800,,
0,0,,0.287161,0.101354,0.286575,0.033945,0.129366,0.161598,,1461900,,
0,2,,0.122429,0.016951,0.785049,0.050361,0.008451,0.01676,,1471900,,
0,2,,0.238447,0.04853,0.481751,0.03956,0.078963,0.11275,,1478400,,
0,2,,0.160371,0.060237,0.661302,0.039043,0.030513,0.048534,,1476600,,
0,2,,0.125607,0.031323,0.771667,0.047332,0.008495,0.015576,,1458300,,
0,0,,0.411097,0.157005,0.307871,0.021685,0.050984,0.051358,,1471200,,
0,2,,0.141691,0.030862,0.755299,0.046915,0.009461,0.015774,,1464600,,
0,2,,0.095725,0.023898,0.806408,0.04991,0.007675,0.016384,,1458400,,
0,2,,0.172325,0.046533,0.709215,0.045516,0.011622,0.014788,,1482200,,
0,2,,0.211715,0.053311,0.66646,0.041989,0.012203,0.014321,,1461300,,
0,2,,0.161466,0.03113,0.735671,0.046165,0.009982,0.015586,,1465200,,
0,2,,0.198977,0.112091,0.530441,0.030148,0.055649,0.072694,,1480100,,
0,2,,0.187008,0.060619,0.683907,0.042399,0.011627,0.01444,,1467800,,
0,2,,0.28677,0.065018,0.568235,0.039542,0.021428,0.019006,,1466200,,
0,2,,0.293451,0.053682,0.579135,0.041344,0.017706,0.014682,,1470000,,
0,2,,0.208839,0.049441,0.663895,0.039668,0.017034,0.021123,,1464900,,
0,0,,0.445888,0.181808,0.103269,0.021595,0.129067,0.118372,,1482300,,
0,0,,0.514167,0.147214,0.116553,0.018087,0.103973,0.100006,,1474000,,
0,2,,0.095686,0.023853,0.806806,0.049739,0.007528,0.016388,,1479600,,
0,2,,0.104927,0.024383,0.789225,0.055402,0.008876,0.017187,,1486300,,
0,0,,0.410713,0.113997,0.345326,0.026929,0.044563,0.058471,,1480000,,
0,2,,0.086074,0.01692,0.821483,0.051547,0.007097,0.016879,,1476600,,
0,0,,0.466295,0.181808,0.080124,0.024008,0.129038,0.118727,,1485500,,
0,2,,0.155344,0.016953,0.675242,0.055679,0.025007,0.071776,,1485400,,
0,2,,0.160848,0.030862,0.736206,0.046342,0.010026,0.015716,,1486500,,
0,2,,0.328789,0.089033,0.502666,0.037393,0.022334,0.019786,,1479900,,
0,2,,0.181223,0.045265,0.705483,0.0427,0.010859,0.014471,,1465900,,
0,2,,0.086074,0.01692,0.821483,0.051547,0.007097,0.016879,,1464700,,
0,2,,0.156614,0.045234,0.727407,0.043462,0.012102,0.015181,,1493100,,
0,2,,0.241682,0.060834,0.62461,0.04132,0.016784,0.014769,,1471700,,
0,2,,0.095686,0.023853,0.806806,0.049739,0.007528,0.016388,,1491300,,
0,2,,0.095725,0.023898,0.806408,0.04991,0.007675,0.016384,,1464100,,
0,2,,0.281101,0.070048,0.565984,0.046711,0.018915,0.01724,,1477000,,
0,0,,0.479629,0.154921,0.210333,0.021534,0.059064,0.074519,,1462500,,
0,2,,0.346848,0.145189,0.377463,0.021032,0.051694,0.057775,,1474900,,
0,2,,0.122429,0.016951,0.785049,0.050361,0.008451,0.01676,,1475800,,
0,2,,0.209244,0.039407,0.674221,0.045985,0.015058,0.016085,,1463800,,
0,0,,0.504813,0.139542,0.104499,0.023591,0.109287,0.118267,,1464500,,
0,2,,0.260917,0.112732,0.30423,0.032726,0.147601,0.141794,,1469300,,
0,2,,0.160848,0.030862,0.736206,0.046342,0.010026,0.015716,,1478600,,
0,2,,0.295788,0.077696,0.552217,0.040137,0.018611,0.015551,,1493800,,
0,2,,0.327134,0.118934,0.379351,0.032564,0.054897,0.087121,,1463100,,
0,2,,0.209882,0.109527,0.563133,0.02661,0.037186,0.053662,,1460900,,
0,0,,0.367349,0.132591,0.160572,0.022469,0.156079,0.160941,,1490100,,
0,2,,0.218218,0.025758,0.664778,0.057026,0.015456,0.018763,,1475600,,
0,2,,0.086074,0.01692,0.821483,0.051547,0.007097,0.016879,,1469700,,
0,2,,0.233149,0.046155,0.648072,0.042679,0.014502,0.015443,,1467600,,
0,2,,0.086074,0.01692,0.821483,0.051547,0.007097,0.016879,,1456800,,
0,0,,0.493137,0.173724,0.084156,0.023369,0.107897,0.117716,,1467400,,
0,2,,0.135219,0.038256,0.75699,0.045523,0.008926,0.015085,,1480300,,
0,2,,0.095725,0.023898,0.806408,0.04991,0.007675,0.016384,,1477200,,
0,0,,0.473082,0.147257,0.110011,0.023975,0.125801,0.119874,,1483600,,
0,2,,0.183356,0.038332,0.705651,0.044084,0.013024,0.015553,,1464000,,
0,2,,0.141281,0.024414,0.752792,0.054215,0.01023,0.017068,,1471800,,
0,2,,0.096181,0.024077,0.806369,0.049719,0.007395,0.016259,,1463800,,
0,2,,0.177494,0.046348,0.703061,0.04456,0.013015,0.015522,,1460600,,
0,2,,0.096181,0.024077,0.806369,0.049719,0.007395,0.016259,,1510300,,
0,2,,0.161961,0.031354,0.735234,0.046145,0.009849,0.015457,,1485700,,
0,2,,0.30913,0.083782,0.535411,0.039511,0.017161,0.015004,,1496200,,
0,2,,0.105336,0.030831,0.791732,0.048101,0.008106,0.015893,,1476900,,
0,0,,0.324404,0.116934,0.291305,0.034676,0.105367,0.127315,,1475300,,
0,0,,0.582962,0.161344,0.12656,0.018147,0.054141,0.056846,,1487800,,
0,2,,0.387282,0.103198,0.425546,0.040332,0.024091,0.019551,,1493200,,
0,2,,0.237015,0.056446,0.550937,0.041774,0.050861,0.062967,,1500300,,
0,2,,0.124494,0.030831,0.77264,0.047529,0.008672,0.015834,,1465100,,
0,2,,0.23265,0.045265,0.652323,0.041333,0.013456,0.014973,,1461100,,
0,2,,0.134601,0.037988,0.757526,0.0457,0.00897,0.015215,,1465700,,
0,2,,0.086074,0.01692,0.821483,0.051547,0.007097,0.016879,,1485100,,
0,2,,0.321451,0.034162,0.502815,0.05908,0.030016,0.052477,,1484300,,
0,0,,0.437804,0.138113,0.177166,0.02786,0.100792,0.118265,,1469600,,
0,2,,0.086074,0.01692,0.821483,0.051547,0.007097,0.016879,,1476400,,
0,2,,0.171612,0.038332,0.720159,0.044508,0.010427,0.014962,,1473500,,
0,2,,0.086074,0.01692,0.821483,0.051547,0.007097,0.016879,,1496100,,
0,2,,0.160848,0.030862,0.736206,0.046342,0.010026,0.015716,,1468600,,
0,2,,0.086074,0.01692,0.821483,0.051547,0.007097,0.016879,,1474800,,
0,2,,0.076721,0.009248,0.809428,0.057051,0.01241,0.035141,,1469200,,
0,0,,0.458679,0.163117,0.122643,0.024825,0.111319,0.119417,,1474200,,
0,2,,0.228898,0.039584,0.656891,0.045403,0.01346,0.015764,,1472600,,
0,0,,0.476506,0.158128,0.103269,0.022258,0.121176,0.118664,,1470200,,
0,2,,0.101868,0.035186,0.783606,0.046017,0.011405,0.021918,,1485800,,
0,2,,0.105831,0.031055,0.791295,0.048082,0.007973,0.015764,,1472300,,
0,2,,0.086074,0.01692,0.821483,0.051547,0.007097,0.016879,,1479800,,
0,2,,0.396302,0.103298,0.418904,0.039382,0.022793,0.019321,,1465400,,
0,2,,0.346082,0.111244,0.466103,0.03476,0.023388,0.018422,,1527000,,
0,2,,0.243739,0.054886,0.616907,0.051022,0.015677,0.017769,,1473800,,
0,2,,0.364313,0.111244,0.447813,0.034167,0.0241,0.018363,,1470500,,
0,0,,0.296537,0.154874,0.270291,0.02823,0.128111,0.121958,,1490500,,
0,2,,0.271553,0.05936,0.589919,0.045204,0.01734,0.016625,,1471300,,
0,2,,0.165255,0.046124,0.718007,0.045005,0.01055,0.01506,,1462000,,
0,2,,0.331979,0.116509,0.464234,0.038222,0.027389,0.021667,,1479300,,
0,2,,0.215172,0.033004,0.66968,0.0503,0.014655,0.017189,,1470800,,
0,2,,0.183336,0.104443,0.548014,0.034369,0.055859,0.073978,,1472600,,
0,0,,0.430183,0.125609,0.103254,0.02152,0.158302,0.161132,,1463400,,
0,2,,0.172593,0.030862,0.721697,0.045918,0.012623,0.016307,,1471400,,
0,2,,0.181223,0.045265,0.705483,0.0427,0.010859,0.014471,,1459500,,
0,2,,0.086074,0.01692,0.821483,0.051547,0.007097,0.016879,,1478200,,
0,2,,0.115443,0.037988,0.776618,0.046273,0.008405,0.015273,,1486100,,
0,2,,0.258538,0.04634,0.620894,0.043234,0.015489,0.015505,,1478100,,
0,0,,0.458141,0.111876,0.080806,0.027002,0.149556,0.172619,,1458500,,
0,2,,0.086074,0.01692,0.821483,0.051547,0.007097,0.016879,,1470000,,
0,2,,0.086074,0.01692,0.821483,0.051547,0.007097,0.016879,,1482300,,
0,2,,0.167387,0.039191,0.718175,0.046389,0.012716,0.016142,,1476800,,
0,2,,0.160746,0.132091,0.548732,0.030741,0.054937,0.072753,,1475800,,
0,2,,0.108497,0.07102,0.601229,0.039231,0.077046,0.102976,,1467700,,
0,2,,0.124494,0.030831,0.77264,0.047529,0.008672,0.015834,,1479300,,
0,2,,0.160848,0.030862,0.736206,0.046342,0.010026,0.015716,,1475000,,
0,2,,0.1155,0.024167,0.786781,0.049161,0.008196,0.016196,,1473400,,
0,0,,0.5428,0.165797,0.047834,0.022406,0.104245,0.116917,,1475800,,
0,2,,0.125151,0.031145,0.771706,0.047524,0.008774,0.015701,,1472100,,
0,2,,0.311188,0.139242,0.349564,0.031085,0.073522,0.095399,,1472700,,
0,2,,0.36688,0.09696,0.428564,0.041101,0.029726,0.036769,,1477300,,
0,2,,0.258014,0.046034,0.6157,0.046279,0.017916,0.016056,,1480400,,
0,2,,0.086074,0.01692,0.821483,0.051547,0.007097,0.016879,,1473200,,
0,2,,0.237939,0.14196,0.348993,0.028911,0.111106,0.13109,,1461600,,
0,0,,0.515382,0.213169,0.100296,0.01516,0.081522,0.07447,,1491100,,
0,0,,0.288563,0.117343,0.250075,0.028264,0.153315,0.16244,,1468600,,
0,2,,0.277209,0.087966,0.557407,0.037995,0.020288,0.019134,,1481600,,
0,2,,0.270341,0.108072,0.364995,0.034684,0.101388,0.12052,,1471700,,
0,2,,0.115339,0.024077,0.787277,0.049146,0.00796,0.016201,,1473400,,
0,2,,0.270148,0.083782,0.576499,0.038465,0.016356,0.014749,,1462000,,
0,2,,0.308051,0.095742,0.346966,0.039194,0.095123,0.114924,,1466900,,
0,0,,0.388292,0.162556,0.136162,0.026134,0.148699,0.138157,,1464700,,
0,2,,0.086074,0.01692,0.821483,0.051547,0.007097,0.016879,,1470900,,
0,2,,0.134762,0.038078,0.75703,0.045715,0.009206,0.015209,,1491600,,
0,2,,0.24682,0.023367,0.571619,0.048123,0.052321,0.05775,,1519400,,
0,2,,0.105336,0.030831,0.791732,0.048101,0.008106,0.015893,,1508300,,
0,2,,0.373764,0.103198,0.447064,0.034706,0.022756,0.018513,,1478300,,
0,2,,0.135257,0.038301,0.756593,0.045695,0.009073,0.015081,,1469000,,
0,2,,0.141586,0.016951,0.765957,0.049788,0.009016,0.016702,,1478700,,
0,2,,0.340401,0.137019,0.398013,0.021125,0.046284,0.057157,,1482100,,
0,2,,0.122429,0.016951,0.785049,0.050361,0.008451,0.01676,,1470200,,
0,2,,0.178165,0.098368,0.486036,0.034766,0.094143,0.108523,,1466800,,
0,0,,0.415179,0.142744,0.085185,0.023863,0.160314,0.172715,,1468500,,
0,2,,0.086074,0.01692,0.821483,0.051547,0.007097,0.016879,,1490100,,
0,2,,0.105793,0.03101,0.791692,0.04791,0.007827,0.015768,,1482500,,
0,2,,0.096181,0.024077,0.806369,0.049719,0.007395,0.016259,,1487100,,
0,2,,0.135257,0.038301,0.756593,0.045695,0.009073,0.015081,,1477400,,
0,2,,0.122282,0.004629,0.643125,0.078331,0.044715,0.106917,,1489000,,
0,2,,0.297046,0.103572,0.4927,0.041206,0.028702,0.036774,,1469600,,
0,2,,0.179574,0.031085,0.717479,0.045729,0.010605,0.015528,,1471000,,
0,0,,0.345197,0.115813,0.103155,0.02354,0.191478,0.220818,,1471400,,
0,2,,0.135219,0.038256,0.75699,0.045523,0.008926,0.015085,,1477900,,
0,0,,0.388584,0.142625,0.140165,0.02349,0.165468,0.139667,,1468400,,
0,2,,0.181223,0.045265,0.705483,0.0427,0.010859,0.014471,,1484000,,
0,2,,0.086074,0.01692,0.821483,0.051547,0.007097,0.016879,,1475200,,
0,2,,0.151237,0.023929,0.750883,0.048151,0.009594,0.016207,,1474000,,
0,2,,0.086074,0.01692,0.821483,0.051547,0.007097,0.016879,,1482500,,
0,2,,0.105831,0.031055,0.791295,0.048082,0.007973,0.015764,,1498100,,
0,2,,0.22635,0.115525,0.232796,0.028814,0.182668,0.213847,,1479700,,
0,2,,0.095725,0.023898,0.806408,0.04991,0.007675,0.016384,,1480100,,
0,2,,0.1155,0.024167,0.786781,0.049161,0.008196,0.016196,,1473600,,
0,2,,0.122429,0.016951,0.785049,0.050361,0.008451,0.01676,,1463800,,
0,2,,0.086074,0.01692,0.821483,0.051547,0.007097,0.016879,,1473400,,
0,2,,0.171573,0.038287,0.720557,0.044337,0.010281,0.014966,,1480200,,
0,2,,0.086074,0.01692,0.821483,0.051547,0.007097,0.016879,,1482200,,
0,0,,0.385275,0.139464,0.272486,0.02937,0.077981,0.095424,,1475700,,
0,2,,0.086074,0.01692,0.821483,0.051547,0.007097,0.016879,,1475700,,
0,2,,0.333968,0.103198,0.486057,0.03542,0.022756,0.018602,,1511300,,
0,2,,0.265296,0.06965,0.59124,0.040847,0.017267,0.015701,,1491600,,
0,0,,0.467874,0.13058,0.122703,0.024892,0.12871,0.125241,,1496000,,
0,2,,0.086074,0.01692,0.821483,0.051547,0.007097,0.016879,,1492700,,
0,2,,0.181491,0.047362,0.690172,0.050936,0.012399,0.017639,,1481800,,
0,2,,0.235107,0.060649,0.632965,0.040788,0.015579,0.014912,,1465100,,
0,2,,0.114883,0.023898,0.787316,0.049338,0.00824,0.016326,,1468300,,
0,2,,0.225872,0.033234,0.648619,0.056221,0.017916,0.018138,,1498600,,
0,2,,0.221999,0.078643,0.461036,0.039207,0.082342,0.116774,,1471300,,
0,0,,0.369979,0.167272,0.273036,0.029338,0.066752,0.093622,,1475100,,
0,2,,0.15469,0.075633,0.516816,0.036899,0.095681,0.120281,,1493500,,
0,2,,0.086074,0.01692,0.821483,0.051547,0.007097,0.016879,,1485500,,
0,2,,0.144869,0.045234,0.741916,0.043886,0.009504,0.01459,,1480000,,
0,2,,0.06892,0.042607,0.760677,0.042084,0.032554,0.053159,,1496400,,
0,2,,0.171612,0.038332,0.720159,0.044508,0.010427,0.014962,,1489700,,
0,2,,0.144869,0.045234,0.741916,0.043886,0.009504,0.01459,,1483500,,
0,2,,0.165749,0.046348,0.71757,0.044985,0.010417,0.014931,,1488600,,
0,2,,0.125607,0.031323,0.771667,0.047332,0.008495,0.015576,,1483700,,
0,2,,0.171612,0.038332,0.720159,0.044508,0.010427,0.014962,,1504800,,
0,2,,0.161343,0.031085,0.735769,0.046322,0.009893,0.015587,,1488600,,
0,2,,0.1155,0.024167,0.786781,0.049161,0.008196,0.016196,,1516300,,
0,0,,0.471482,0.213724,0.065751,0.022776,0.108609,0.117657,,1477300,,
0,2,,0.340401,0.137019,0.398013,0.021125,0.046284,0.057157,,1468200,,
0,2,,0.146507,0.038078,0.742521,0.045291,0.011803,0.015801,,1460800,,
0,0,,0.540495,0.146732,0.067834,0.022593,0.105304,0.117041,,1480000,,
0,2,,0.171612,0.038332,0.720159,0.044508,0.010427,0.014962,,1471300,,
0,2,,0.124951,0.03101,0.7726,0.047337,0.008392,0.01571,,1468600,,
0,0,,0.43,0.139123,0.10015,0.031075,0.142057,0.157595,,1477700,,
0,2,,0.086074,0.01692,0.821483,0.051547,0.007097,0.016879,,1494900,,
0,2,,0.151237,0.023929,0.750883,0.048151,0.009594,0.016207,,1477100,,
0,2,,0.254903,0.060649,0.613972,0.040074,0.015579,0.014823,,1465700,,
0,2,,0.096181,0.024077,0.806369,0.049719,0.007395,0.016259,,1466400,,
0,0,,0.397439,0.140381,0.274946,0.030527,0.062903,0.093805,,1481900,,
0,2,,0.086074,0.01692,0.821483,0.051547,0.007097,0.016879,,1475400,,
0,2,,0.086074,0.01692,0.821483,0.051547,0.007097,0.016879,,1496500,,
0,2,,0.086074,0.01692,0.821483,0.051547,0.007097,0.016879,,1476200,,
0,2,,0.269312,0.054883,0.598443,0.042884,0.018193,0.016285,,1476600,,
0,2,,0.086074,0.01692,0.821483,0.051547,0.007097,0.016879,,1505000,,
0,0,,0.326152,0.120779,0.213779,0.027793,0.157678,0.15382,,1491000,,
0,0,,0.331574,0.104026,0.125205,0.035148,0.186634,0.217413,,1470800,,
0,2,,0.096181,0.024077,0.806369,0.049719,0.007395,0.016259,,1483000,,
0,2,,0.095845,0.0234,0.773082,0.058425,0.013142,0.036107,,1510700,,
0,2,,0.114883,0.023898,0.787316,0.049338,0.00824,0.016326,,1476400,,
0,2,,0.095686,0.023853,0.806806,0.049739,0.007528,0.016388,,1477400,,
0,2,,0.198471,0.04545,0.683454,0.043058,0.014444,0.015124,,1479300,,
0,0,,0.465828,0.167588,0.08511,0.023902,0.1319,0.125671,,1476100,,
0,2,,0.310034,0.083782,0.536841,0.038237,0.016356,0.014749,,1476800,,
0,2,,0.086074,0.01692,0.821483,0.051547,0.007097,0.016879,,1483000,,
0,2,,0.122429,0.016951,0.785049,0.050361,0.008451,0.01676,,1477200,,
0,2,,0.237887,0.129186,0.310648,0.045448,0.122263,0.154567,,1475500,,
0,2,,0.259913,0.060834,0.60632,0.040727,0.017496,0.01471,,1478800,,
0,2,,0.122429,0.016951,0.785049,0.050361,0.008451,0.01676,,1488300,,
0,2,,0.086074,0.01692,0.821483,0.051547,0.007097,0.016879,,1470600,,
0,2,,0.199454,0.045265,0.687192,0.042106,0.011571,0.014411,,1474200,,
0,0,,0.333706,0.13962,0.175189,0.026311,0.152975,0.172199,,1480600,,
0,2,,0.086074,0.01692,0.821483,0.051547,0.007097,0.016879,,1470200,,
0,0,,0.386664,0.115127,0.252571,0.030245,0.097133,0.11826,,1485400,,
0,2,,0.105793,0.03101,0.791692,0.04791,0.007827,0.015768,,1487100,,
0,2,,0.261774,0.09984,0.326101,0.03427,0.122761,0.155255,,1479600,,
0,2,,0.385925,0.09696,0.41237,0.038747,0.029632,0.036365,,1474000,,
0,0,,0.342998,0.114207,0.294864,0.032483,0.095288,0.120161,,1481000,,
0,2,,0.105793,0.03101,0.791692,0.04791,0.007827,0.015768,,1512700,,
0,0,,0.351155,0.139937,0.138009,0.025146,0.171252,0.174502,,1481400,,
0,2,,0.086074,0.01692,0.821483,0.051547,0.007097,0.016879,,1470200,,
0,2,,0.18513,0.061511,0.673422,0.050281,0.012669,0.016988,,1458700,,
0,2,,0.099656,0.050352,0.672524,0.042982,0.044435,0.090051,,1479500,,
0,2,,0.328789,0.089033,0.502666,0.037393,0.022334,0.019786,,1470000,,
0,2,,0.115339,0.024077,0.787277,0.049146,0.00796,0.016201,,1475900,,
0,2,,0.175361,0.053281,0.702893,0.043176,0.010849,0.01444,,1471300,,
0,2,,0.124494,0.030831,0.77264,0.047529,0.008672,0.015834,,1470900,,
0,2,,0.086074,0.01692,0.821483,0.051547,0.007097,0.016879,,1479500,,
0,2,,0.151198,0.023884,0.75128,0.047979,0.009448,0.016211,,1477400,,
0,2,,0.153435,0.030862,0.74079,0.04649,0.012058,0.016365,,1473200,,
0,2,,0.122429,0.016951,0.785049,0.050361,0.008451,0.01676,,1470500,,
1,1,,0.253667,0.383617,0.129826,0.026043,0.11135,0.095497,,1483100,,
1,1,,0.292293,0.486799,0.03185,0.010207,0.115634,0.063217,,1476400,,
1,2,,0.268599,0.246851,0.291249,0.029041,0.089698,0.074561,,1478500,,
1,1,,0.292293,0.466799,0.03185,0.010207,0.135634,0.063217,,1474000,,
1,1,,0.316822,0.371555,0.125676,0.013224,0.109579,0.063144,,1484200,,
1,1,,0.292293,0.486799,0.03185,0.010207,0.115634,0.063217,,1484200,,
1,1,,0.292293,0.446799,0.05185,0.010207,0.135634,0.063217,,1477700,,
1,1,,0.286966,0.440165,0.078421,0.013249,0.116414,0.064784,,1478000,,
1,0,,0.282716,0.278743,0.239562,0.027081,0.096502,0.075397,,1476500,,
1,1,,0.292293,0.466799,0.05185,0.010207,0.115634,0.063217,,1478100,,
1,1,,0.257795,0.430719,0.10966,0.018225,0.109744,0.073856,,1534300,,
1,1,,0.292293,0.466799,0.05185,0.010207,0.115634,0.063217,,1471900,,
1,1,,0.292293,0.486799,0.03185,0.010207,0.115634,0.063217,,1473000,,
1,1,,0.292293,0.466799,0.03185,0.010207,0.135634,0.063217,,1467400,,
1,1,,0.292293,0.466799,0.03185,0.010207,0.135634,0.063217,,1521200,,
1,1,,0.292293,0.486799,0.03185,0.010207,0.115634,0.063217,,1463500,,
1,1,,0.335578,0.371333,0.109743,0.011513,0.109049,0.062784,,1461900,,
1,1,,0.312677,0.399525,0.087292,0.016526,0.108233,0.075747,,1488000,,
1,0,,0.448147,0.300224,0.096658,0.014787,0.081017,0.059166,,1503700,,
1,1,,0.292293,0.486799,0.03185,0.010207,0.115634,0.063217,,1484600,,
1,1,,0.292293,0.486799,0.03185,0.010207,0.115634,0.063217,,1594900,,
1,1,,0.292293,0.466799,0.03185,0.010207,0.135634,0.063217,,1490900,,
1,1,,0.338845,0.412958,0.038991,0.013435,0.131434,0.064337,,1493600,,
1,1,,0.286966,0.460165,0.058421,0.013249,0.116414,0.064784,,1471900,,
1,2,,0.175405,0.198069,0.437055,0.024053,0.089316,0.076102,,1474100,,
1,1,,0.292293,0.486799,0.03185,0.010207,0.115634,0.063217,,1488700,,
1,1,,0.259758,0.455317,0.016592,0.015164,0.147915,0.105255,,1453800,,
1,1,,0.300653,0.419476,0.08979,0.011513,0.115088,0.063479,,1481100,,
1,1,,0.292293,0.486799,0.03185,0.010207,0.115634,0.063217,,1457800,,
1,1,,0.27191,0.397901,0.125544,0.02127,0.105848,0.077527,,1458500,,
1,1,,0.316234,0.400932,0.088841,0.012949,0.116535,0.064508,,1466800,,
1,1,,0.269294,0.41881,0.098938,0.019424,0.110307,0.083227,,1457400,,
1,1,,0.292293,0.486799,0.03185,0.010207,0.115634,0.063217,,1453400,,
1,1,,0.292293,0.486799,0.03185,0.010207,0.115634,0.063217,,1456000,,
1,1,,0.292409,0.446799,0.070957,0.010841,0.11572,0.063274,,1454800,,
1,1,,0.292293,0.466799,0.05185,0.010207,0.115634,0.063217,,1460200,,
1,1,,0.292293,0.486799,0.03185,0.010207,0.115634,0.063217,,1473100,,
1,1,,0.234086,0.334349,0.110095,0.031053,0.13495,0.155467,,1468300,,
1,1,,0.286966,0.440165,0.078421,0.013249,0.116414,0.064784,,1456000,,
1,1,,0.292293,0.486799,0.03185,0.010207,0.115634,0.063217,,1461000,,
1,1,,0.292293,0.486799,0.03185,0.010207,0.115634,0.063217,,1466000,,
1,1,,0.292293,0.466799,0.05185,0.010207,0.115634,0.063217,,1462800,,
1,1,,0.317877,0.418533,0.077702,0.011792,0.111306,0.062789,,1463000,,
1,2,,0.158742,0.153694,0.409655,0.038921,0.097467,0.141522,,1465500,,
1,1,,0.280538,0.479476,0.050684,0.010879,0.115002,0.063422,,1470700,,
1,1,,0.292293,0.486799,0.03185,0.010207,0.115634,0.063217,,1479100,,
1,0,,0.512197,0.235605,0.096489,0.018801,0.07531,0.061598,,1472600,,
1,1,,0.303102,0.419109,0.073141,0.018487,0.11171,0.074451,,1464300,,
1,1,,0.292293,0.446799,0.07185,0.010207,0.115634,0.063217,,1463900,,
1,2,,0.247101,0.234689,0.356256,0.021609,0.075795,0.06455,,1461800,,
1,1,,0.292293,0.466799,0.05185,0.010207,0.115634,0.063217,,1464400,,
1,1,,0.292293,0.486799,0.03185,0.010207,0.115634,0.063217,,1481900,,
1,1,,0.292293,0.466799,0.03185,0.010207,0.135634,0.063217,,1462400,,
1,1,,0.292293,0.486799,0.03185,0.010207,0.115634,0.063217,,1461000,,
1,1,,0.311142,0.446954,0.052068,0.010269,0.116349,0.063217,,1467300,,
1,1,,0.292293,0.466799,0.05185,0.010207,0.115634,0.063217,,1492500,,
1,1,,0.330371,0.42698,0.052025,0.010388,0.116959,0.063277,,1460600,,
1,1,,0.292293,0.486799,0.03185,0.010207,0.115634,0.063217,,1470900,,
1,1,,0.280538,0.439476,0.090684,0.010879,0.115002,0.063422,,1474200,,
1,1,,0.292293,0.486799,0.03185,0.010207,0.115634,0.063217,,1463200,,
1,1,,0.292293,0.486799,0.03185,0.010207,0.115634,0.063217,,1462100,,
1,1,,0.292409,0.446799,0.070957,0.010841,0.11572,0.063274,,1464100,,
1,1,,0.292293,0.466799,0.05185,0.010207,0.115634,0.063217,,1477000,,
1,1,,0.297506,0.341549,0.147938,0.019965,0.103544,0.089497,,1463900,,
1,1,,0.292409,0.446799,0.070957,0.010841,0.11572,0.063274,,1459100,,
1,1,,0.325845,0.407865,0.074165,0.011141,0.116967,0.064017,,1483800,,
1,1,,0.292293,0.486799,0.03185,0.010207,0.115634,0.063217,,1463400,,
1,1,,0.292293,0.466799,0.03185,0.010207,0.135634,0.063217,,1461800,,
1,0,,0.415805,0.300155,0.020272,0.018788,0.138491,0.106488,,1459200,,
1,2,,0.052632,0.031466,0.64596,0.061897,0.0693,0.138745,,1467800,,
1,1,,0.292293,0.486799,0.03185,0.010207,0.115634,0.063217,,1461700,,
1,1,,0.292293,0.486799,0.03185,0.010207,0.115634,0.063217,,1459200,,
1,1,,0.292293,0.466799,0.05185,0.010207,0.115634,0.063217,,1478200,,
1,1,,0.292293,0.486799,0.03185,0.010207,0.115634,0.063217,,1482300,,
1,1,,0.292293,0.486799,0.03185,0.010207,0.115634,0.063217,,1462400,,
1,1,,0.292293,0.466799,0.03185,0.010207,0.135634,0.063217,,1465100,,
1,1,,0.292293,0.466799,0.03185,0.010207,0.135634,0.063217,,1490600,,
1,1,,0.292293,0.446799,0.03185,0.010207,0.155634,0.063217,,1461000,,
1,1,,0.292293,0.486799,0.03185,0.010207,0.115634,0.063217,,1459800,,
1,1,,0.292293,0.446799,0.07185,0.010207,0.115634,0.063217,,1469200,,
1,1,,0.292293,0.486799,0.03185,0.010207,0.115634,0.063217,,1459200,,
1,1,,0.292293,0.486799,0.03185,0.010207,0.115634,0.063217,,1461600,,
1,1,,0.292293,0.486799,0.03185,0.010207,0.115634,0.063217,,1466600,,
1,1,,0.292293,0.446799,0.05185,0.010207,0.135634,0.063217,,1457900,,
1,2,,0.042419,0.029705,0.629251,0.057583,0.056513,0.184529,,1489000,,
1,1,,0.292293,0.486799,0.03185,0.010207,0.115634,0.063217,,1471800,,
1,1,,0.292293,0.486799,0.03185,0.010207,0.115634,0.063217,,1471300,,
1,1,,0.292409,0.446799,0.070957,0.010841,0.11572,0.063274,,1459100,,
1,1,,0.325845,0.427865,0.054165,0.011141,0.116967,0.064017,,1460000,,
1,1,,0.292293,0.466799,0.05185,0.010207,0.115634,0.063217,,1463600,,
1,1,,0.292293,0.486799,0.03185,0.010207,0.115634,0.063217,,1460900,,
1,1,,0.292293,0.466799,0.05185,0.010207,0.115634,0.063217,,1470300,,
1,1,,0.292293,0.466799,0.03185,0.010207,0.135634,0.063217,,1458500,,
1,0,,0.376119,0.280169,0.144505,0.02344,0.102263,0.073505,,1466800,,
1,2,,0.182362,0.187726,0.457163,0.037344,0.063176,0.07223,,1466200,,
1,2,,0.205357,0.102127,0.500708,0.034224,0.068443,0.089141,,1473100,,
1,1,,0.292612,0.366799,0.149722,0.011783,0.11572,0.063364,,1494100,,
1,1,,0.273098,0.362105,0.167459,0.018755,0.106127,0.072455,,1465200,,
1,2,,0.101509,0.062418,0.616086,0.048875,0.050713,0.1204,,1464900,,
1,1,,0.292293,0.486799,0.03185,0.010207,0.115634,0.063217,,1471900,,
1,2,,0.164742,0.083619,0.448027,0.055815,0.105299,0.142499,,1471600,,
1,1,,0.292293,0.486799,0.03185,0.010207,0.115634,0.063217,,1465700,,
1,1,,0.292293,0.486799,0.03185,0.010207,0.115634,0.063217,,1468000,,
1,0,,0.383151,0.193744,0.259587,0.019078,0.072633,0.071807,,1465300,,
1,1,,0.292293,0.486799,0.03185,0.010207,0.115634,0.063217,,1461100,,
1,1,,0.292293,0.486799,0.03185,0.010207,0.115634,0.063217,,1461000,,
1,1,,0.285089,0.30525,0.102586,0.019669,0.171034,0.116372,,1491900,,
1,1,,0.292293,0.446799,0.07185,0.010207,0.115634,0.063217,,1456800,,
1,1,,0.292293,0.446799,0.07185,0.010207,0.115634,0.063217,,1464900,,
1,1,,0.240237,0.278614,0.269445,0.023669,0.098382,0.089653,,1466800,,
1,2,,0.148505,0.140691,0.435901,0.037934,0.095452,0.141518,,1495000,,
1,2,,0.070024,0.061341,0.492428,0.063973,0.07771,0.234525,,1464100,,
1,1,,0.292293,0.466799,0.05185,0.010207,0.115634,0.063217,,1505800,,
1,2,,0.320578,0.133397,0.344261,0.039795,0.066756,0.095213,,1465900,,
1,2,,0.113117,0.057156,0.405597,0.068709,0.117083,0.238338,,1459400,,
1,1,,0.292293,0.486799,0.03185,0.010207,0.115634,0.063217,,1500400,,
1,1,,0.292293,0.466799,0.05185,0.010207,0.115634,0.063217,,1485200,,
1,1,,0.292293,0.446799,0.07185,0.010207,0.115634,0.063217,,1464100,,
1,1,,0.292293,0.486799,0.03185,0.010207,0.115634,0.063217,,1470200,,
1,1,,0.286966,0.480165,0.038421,0.013249,0.116414,0.064784,,1461800,,
1,1,,0.292293,0.486799,0.03185,0.010207,0.115634,0.063217,,1462300,,
1,1,,0.292293,0.486799,0.03185,0.010207,0.115634,0.063217,,1458300,,
1,1,,0.34354,0.4088,0.054165,0.011327,0.118026,0.064141,,1468200,,
1,1,,0.292293,0.446799,0.05185,0.010207,0.135634,0.063217,,1470300,,
1,1,,0.292293,0.486799,0.03185,0.010207,0.115634,0.063217,,1465700,,
1,1,,0.247208,0.415514,0.043083,0.02675,0.145935,0.121509,,1463100,,
1,1,,0.292293,0.466799,0.05185,0.010207,0.115634,0.063217,,1471800,,
1,1,,0.292293,0.446799,0.07185,0.010207,0.115634,0.063217,,1577300,,
1,1,,0.292293,0.486799,0.03185,0.010207,0.115634,0.063217,,1465300,,
1,1,,0.296142,0.327787,0.176612,0.021055,0.096694,0.081709,,1468900,,
1,1,,0.325845,0.427865,0.054165,0.011141,0.116967,0.064017,,1458000,,
1,2,,0.115151,0.110996,0.587059,0.033341,0.064235,0.089219,,1462800,,
1,2,,0.093243,0.009805,0.693409,0.068465,0.043706,0.091371,,1460400,,
1,1,,0.292293,0.486799,0.03185,0.010207,0.115634,0.063217,,1461000,,
1,1,,0.292293,0.486799,0.03185,0.010207,0.115634,0.063217,,1462000,,
1,2,,0.115128,0.122441,0.512667,0.039201,0.08946,0.121104,,1464500,,
1,1,,0.286966,0.460165,0.038421,0.013249,0.136414,0.064784,,1465500,,
1,1,,0.292293,0.486799,0.03185,0.010207,0.115634,0.063217,,1482200,,
1,1,,0.292293,0.446799,0.07185,0.010207,0.115634,0.063217,,1459600,,
1,1,,0.292293,0.486799,0.03185,0.010207,0.115634,0.063217,,1468300,,
1,1,,0.292293,0.486799,0.03185,0.010207,0.115634,0.063217,,1469600,,
2,2,,0.086074,0.01692,0.821483,0.051547,0.007097,0.016879,,1474900,,
2,2,,0.086074,0.01692,0.821483,0.051547,0.007097,0.016879,,1471200,,
2,2,,0.086074,0.01692,0.821483,0.051547,0.007097,0.016879,,1462000,,
2,2,,0.086074,0.01692,0.821483,0.051547,0.007097,0.016879,,1457500,,
2,2,,0.086074,0.01692,0.821483,0.051547,0.007097,0.016879,,1468500,,
2,2,,0.086074,0.01692,0.821483,0.051547,0.007097,0.016879,,1470700,,
2,2,,0.086074,0.01692,0.821483,0.051547,0.007097,0.016879,,1502300,,
2,2,,0.086074,0.01692,0.821483,0.051547,0.007097,0.016879,,1474600,,
2,2,,0.086074,0.01692,0.821483,0.051547,0.007097,0.016879,,1458900,,
2,2,,0.086074,0.01692,0.821483,0.051547,0.007097,0.016879,,1469600,,
2,2,,0.086074,0.01692,0.821483,0.051547,0.007097,0.016879,,1465800,,
2,2,,0.086074,0.01692,0.821483,0.051547,0.007097,0.016879,,1461800,,
2,2,,0.086074,0.01692,0.821483,0.051547,0.007097,0.016879,,1464700,,
2,2,,0.086074,0.01692,0.821483,0.051547,0.007097,0.016879,,1466500,,
2,2,,0.086074,0.01692,0.821483,0.051547,0.007097,0.016879,,1460400,,
2,2,,0.086074,0.01692,0.821483,0.051547,0.007097,0.016879,,1457500,,
2,2,,0.086074,0.01692,0.821483,0.051547,0.007097,0.016879,,1494500,,
2,2,,0.086074,0.01692,0.821483,0.051547,0.007097,0.016879,,1464600,,
2,2,,0.091577,0.017105,0.813963,0.05233,0.008084,0.016941,,1459900,,
2,2,,0.086074,0.01692,0.821483,0.051547,0.007097,0.016879,,1457200,,
2,2,,0.086074,0.01692,0.821483,0.051547,0.007097,0.016879,,1463000,,
2,2,,0.086074,0.01692,0.821483,0.051547,0.007097,0.016879,,1462100,,
2,2,,0.091577,0.017105,0.813963,0.05233,0.008084,0.016941,,1466600,,
2,2,,0.076721,0.009248,0.809428,0.057051,0.01241,0.035141,,1467500,,
2,2,,0.086074,0.01692,0.821483,0.051547,0.007097,0.016879,,1467300,,
2,2,,0.086074,0.01692,0.821483,0.051547,0.007097,0.016879,,1458400,,
2,2,,0.086074,0.01692,0.821483,0.051547,0.007097,0.016879,,1464100,,
2,2,,0.086074,0.01692,0.821483,0.051547,0.007097,0.016879,,1498700,,
2,2,,0.076126,0.00931,0.802872,0.062062,0.012412,0.037218,,1463300,,
2,2,,0.086074,0.01692,0.821483,0.051547,0.007097,0.016879,,1471400,,
2,2,,0.086074,0.01692,0.821483,0.051547,0.007097,0.016879,,1470100,,
2,2,,0.086074,0.01692,0.821483,0.051547,0.007097,0.016879,,1465600,,
2,2,,0.086074,0.01692,0.821483,0.051547,0.007097,0.016879,,1458500,,
2,2,,0.086074,0.01692,0.821483,0.051547,0.007097,0.016879,,1463200,,
2,2,,0.086074,0.01692,0.821483,0.051547,0.007097,0.016879,,1467300,,
2,2,,0.086074,0.01692,0.821483,0.051547,0.007097,0.016879,,1462500,,
2,2,,0.086074,0.01692,0.821483,0.051547,0.007097,0.016879,,1453100,,
2,2,,0.086074,0.01692,0.821483,0.051547,0.007097,0.016879,,1486000,,
2,2,,0.067693,0.003135,0.781621,0.071114,0.01929,0.057147,,1496100,,
2,2,,0.086074,0.01692,0.821483,0.051547,0.007097,0.016879,,1473100,,
2,2,,0.086074,0.01692,0.821483,0.051547,0.007097,0.016879,,1475000,,
2,2,,0.086074,0.01692,0.821483,0.051547,0.007097,0.016879,,1461800,,
2,2,,0.086074,0.01692,0.821483,0.051547,0.007097,0.016879,,1459000,,
2,2,,0.086074,0.01692,0.821483,0.051547,0.007097,0.016879,,1457400,,
2,2,,0.086074,0.01692,0.821483,0.051547,0.007097,0.016879,,1456000,,
2,2,,0.086074,0.01692,0.821483,0.051547,0.007097,0.016879,,1465800,,
2,2,,0.086074,0.01692,0.821483,0.051547,0.007097,0.016879,,1456800,,
2,2,,0.086074,0.01692,0.821483,0.051547,0.007097,0.016879,,1485600,,
2,2,,0.086074,0.01692,0.821483,0.051547,0.007097,0.016879,,1467400,,
2,2,,0.086074,0.01692,0.821483,0.051547,0.007097,0.016879,,1486500,,
2,2,,0.086074,0.01692,0.821483,0.051547,0.007097,0.016879,,1467200,,
2,2,,0.075532,0.009372,0.796316,0.067073,0.012413,0.039294,,1462900,,
2,2,,0.086074,0.01692,0.821483,0.051547,0.007097,0.016879,,1457700,,
2,2,,0.086074,0.01692,0.821483,0.051547,0.007097,0.016879,,1459700,,
2,2,,0.086074,0.01692,0.821483,0.051547,0.007097,0.016879,,1466000,,
2,2,,0.086074,0.01692,0.821483,0.051547,0.007097,0.016879,,1457300,,
2,2,,0.086074,0.01692,0.821483,0.051547,0.007097,0.016879,,1465700,,
2,2,,0.076126,0.00931,0.802872,0.062062,0.012412,0.037218,,1478500,,
2,2,,0.076126,0.00931,0.802872,0.062062,0.012412,0.037218,,1468400,,
2,2,,0.076126,0.00931,0.802872,0.062062,0.012412,0.037218,,1462200,,
2,2,,0.076721,0.009248,0.809428,0.057051,0.01241,0.035141,,1457600,,
2,2,,0.086074,0.01692,0.821483,0.051547,0.007097,0.016879,,1459400,,
2,2,,0.086074,0.01692,0.821483,0.051547,0.007097,0.016879,,1459800,,
2,2,,0.086074,0.01692,0.821483,0.051547,0.007097,0.016879,,1461700,,
2,2,,0.083083,0.015996,0.56606,0.106364,0.058716,0.169781,,1460300,,
2,2,,0.078158,0.010671,0.751315,0.067962,0.021789,0.070105,,1457600,,
2,2,,0.086074,0.01692,0.821483,0.051547,0.007097,0.016879,,1456800,,
2,2,,0.086074,0.01692,0.821483,0.051547,0.007097,0.016879,,1488800,,
2,2,,0.086074,0.01692,0.821483,0.051547,0.007097,0.016879,,1485800,,
2,2,,0.086074,0.01692,0.821483,0.051547,0.007097,0.016879,,1469100,,
2,2,,0.086074,0.01692,0.821483,0.051547,0.007097,0.016879,,1478500,,
2,2,,0.086074,0.01692,0.821483,0.051547,0.007097,0.016879,,1462000,,
2,2,,0.086074,0.01692,0.821483,0.051547,0.007097,0.016879,,1480000,,
2,2,,0.086074,0.01692,0.821483,0.051547,0.007097,0.016879,,1487000,,
2,2,,0.086074,0.01692,0.821483,0.051547,0.007097,0.016879,,1469100,,
2,2,,0.086074,0.01692,0.821483,0.051547,0.007097,0.016879,,1465300,,
2,2,,0.086074,0.01692,0.821483,0.051547,0.007097,0.016879,,1478700,,
2,2,,0.086074,0.01692,0.821483,0.051547,0.007097,0.016879,,1458300,,
2,2,,0.086074,0.01692,0.821483,0.051547,0.007097,0.016879,,1494800,,
2,2,,0.076721,0.009248,0.809428,0.057051,0.01241,0.035141,,1458400,,
2,2,,0.086074,0.01692,0.821483,0.051547,0.007097,0.016879,,1467700,,
2,2,,0.086074,0.01692,0.821483,0.051547,0.007097,0.016879,,1460100,,
2,2,,0.086074,0.01692,0.821483,0.051547,0.007097,0.016879,,1456900,,
2,2,,0.086074,0.01692,0.821483,0.051547,0.007097,0.016879,,1462200,,
2,2,,0.086074,0.01692,0.821483,0.051547,0.007097,0.016879,,1456100,,
2,2,,0.086074,0.01692,0.821483,0.051547,0.007097,0.016879,,1460700,,
2,2,,0.067693,0.003135,0.781621,0.071114,0.01929,0.057147,,1462700,,
2,2,,0.086074,0.01692,0.821483,0.051547,0.007097,0.016879,,1461300,,
2,2,,0.086074,0.01692,0.821483,0.051547,0.007097,0.016879,,1470600,,
2,2,,0.086074,0.01692,0.821483,0.051547,0.007097,0.016879,,1462300,,
2,2,,0.076721,0.009248,0.809428,0.057051,0.01241,0.035141,,1462500,,
2,2,,0.076721,0.009248,0.809428,0.057051,0.01241,0.035141,,1486000,,
2,2,,0.072796,0.013424,0.801342,0.055159,0.015988,0.041291,,1464600,,
2,2,,0.160583,0.037,0.681668,0.052357,0.019849,0.048544,,1464900,,
2,2,,0.086074,0.01692,0.821483,0.051547,0.007097,0.016879,,1474200,,
2,2,,0.086074,0.01692,0.821483,0.051547,0.007097,0.016879,,1464400,,
2,2,,0.086074,0.01692,0.821483,0.051547,0.007097,0.016879,,1475000,,
2,2,,0.086074,0.01692,0.821483,0.051547,0.007097,0.016879,,1490100,,
2,2,,0.076721,0.009248,0.809428,0.057051,0.01241,0.035141,,1465700,,
2,2,,0.086074,0.01692,0.821483,0.051547,0.007097,0.016879,,1461100,,
2,2,,0.076721,0.009248,0.809428,0.057051,0.01241,0.035141,,1468900,,
2,2,,0.086074,0.01692,0.821483,0.051547,0.007097,0.016879,,1464600,,
2,2,,0.086074,0.01692,0.821483,0.051547,0.007097,0.016879,,1473800,,
2,2,,0.086074,0.01692,0.821483,0.051547,0.007097,0.016879,,1470400,,
2,2,,0.086074,0.01692,0.821483,0.051547,0.007097,0.016879,,1476800,,
2,2,,0.086074,0.01692,0.821483,0.051547,0.007097,0.016879,,1473300,,
2,2,,0.086074,0.01692,0.821483,0.051547,0.007097,0.016879,,1468100,,
2,2,,0.086074,0.01692,0.821483,0.051547,0.007097,0.016879,,1475100,,
2,2,,0.070034,0.015109,0.684231,0.093941,0.034796,0.101889,,1483400,,
2,2,,0.086074,0.01692,0.821483,0.051547,0.007097,0.016879,,1463200,,
2,2,,0.076721,0.009248,0.809428,0.057051,0.01241,0.035141,,1462700,,
2,2,,0.076126,0.00931,0.802872,0.062062,0.012412,0.037218,,1463500,,
2,2,,0.086074,0.01692,0.821483,0.051547,0.007097,0.016879,,1470100,,
2,2,,0.061187,0.003229,0.664741,0.089631,0.022998,0.158213,,1491400,,
2,2,,0.086074,0.01692,0.821483,0.051547,0.007097,0.016879,,1476700,,
2,2,,0.076721,0.009248,0.809428,0.057051,0.01241,0.035141,,1466500,,
2,2,,0.086074,0.01692,0.821483,0.051547,0.007097,0.016879,,1467500,,
2,2,,0.086074,0.01692,0.821483,0.051547,0.007097,0.016879,,1520800,,
2,2,,0.086074,0.01692,0.821483,0.051547,0.007097,0.016879,,1484300,,
2,2,,0.086074,0.01692,0.821483,0.051547,0.007097,0.016879,,1469800,,
2,2,,0.086074,0.01692,0.821483,0.051547,0.007097,0.016879,,1468000,,
2,2,,0.086074,0.01692,0.821483,0.051547,0.007097,0.016879,,1460900,,
2,2,,0.086074,0.01692,0.821483,0.051547,0.007097,0.016879,,1464200,,
2,2,,0.086074,0.01692,0.821483,0.051547,0.007097,0.016879,,1464300,,
2,2,,0.086074,0.01692,0.821483,0.051547,0.007097,0.016879,,1498000,,
