statlog-landsat,CWE,test,0,NANOSECONDS,PREDICTIONS, Generated by ClassifierExperiments.java on 2022-05-17 03:00:46.    SYSTEMPROPERTIES:{user.name:matth,os.arch:amd64,os.name:Windows 10},ENDSYSTEMPROPERTIES
No parameter info
0.49534883720930234,1314972100,1882941100,-1,81509872,6,,-1,-1
0,2,,0.190197,0.085117,0.434374,0.052067,0.099869,0.138376,,2256500,,
0,0,,0.477963,0.053384,0.25671,0.044636,0.062216,0.105091,,2118000,,
0,2,,0.257159,0.124568,0.291779,0.049083,0.147349,0.130062,,1541600,,
0,2,,0.156215,0.037087,0.73232,0.045992,0.01182,0.016565,,1434400,,
0,2,,0.264353,0.090703,0.362216,0.050504,0.105871,0.126353,,1442500,,
0,2,,0.091581,0.03574,0.806836,0.04261,0.008449,0.014783,,1454300,,
0,2,,0.378703,0.062269,0.473682,0.035845,0.025007,0.024493,,1446700,,
0,2,,0.273484,0.047117,0.611045,0.034567,0.016833,0.016954,,1456000,,
0,2,,0.232264,0.109271,0.419655,0.041599,0.096767,0.100445,,1456000,,
0,2,,0.145188,0.03574,0.752048,0.042142,0.010383,0.014498,,1456800,,
0,2,,0.145188,0.03574,0.752048,0.042142,0.010383,0.014498,,1457000,,
0,2,,0.147548,0.03574,0.74946,0.042087,0.010525,0.01464,,1476900,,
0,0,,0.47761,0.063936,0.276425,0.040864,0.05248,0.088685,,1447400,,
0,2,,0.25353,0.047117,0.630817,0.034703,0.016833,0.016999,,1446200,,
0,2,,0.255269,0.047117,0.629176,0.035151,0.016216,0.017071,,1463500,,
0,2,,0.143614,0.03574,0.755367,0.040741,0.010136,0.014402,,1443100,,
0,2,,0.311324,0.048506,0.559152,0.040216,0.020335,0.020468,,1444100,,
0,2,,0.091581,0.03574,0.806836,0.04261,0.008449,0.014783,,1446200,,
0,2,,0.405642,0.069024,0.447724,0.031288,0.024787,0.021536,,1448300,,
0,0,,0.418986,0.129573,0.168557,0.041539,0.118964,0.122381,,1453100,,
0,2,,0.291116,0.033587,0.466825,0.057202,0.054897,0.096373,,1448400,,
0,2,,0.25353,0.047117,0.630817,0.034703,0.016833,0.016999,,1475900,,
0,2,,0.27122,0.04889,0.427498,0.052727,0.076515,0.123151,,1438700,,
0,0,,0.364339,0.033679,0.360026,0.052051,0.067479,0.122426,,1464500,,
0,2,,0.293309,0.047117,0.592058,0.033932,0.016804,0.016781,,1451000,,
0,2,,0.237092,0.047117,0.64642,0.036485,0.015668,0.017218,,1445400,,
0,2,,0.248838,0.027285,0.542211,0.049545,0.048044,0.084076,,1443800,,
0,2,,0.091581,0.03574,0.806836,0.04261,0.008449,0.014783,,1449300,,
0,2,,0.277279,0.039988,0.565702,0.049313,0.030193,0.037526,,1465700,,
0,2,,0.304631,0.049055,0.558363,0.04516,0.020176,0.022615,,1455500,,
0,0,,0.363206,0.109707,0.147074,0.04476,0.184431,0.150822,,1444400,,
0,2,,0.273484,0.047117,0.611045,0.034567,0.016833,0.016954,,1448000,,
0,2,,0.127758,0.03574,0.770909,0.041271,0.009661,0.014661,,1480500,,
0,2,,0.378703,0.062269,0.473682,0.035845,0.025007,0.024493,,1471100,,
0,2,,0.338024,0.046952,0.473783,0.045595,0.035414,0.060232,,1452600,,
0,0,,0.369438,0.063048,0.315827,0.047897,0.080346,0.123443,,1449000,,
0,2,,0.367737,0.049894,0.421917,0.042088,0.045037,0.073327,,1442300,,
0,0,,0.300956,0.113656,0.20654,0.060811,0.159036,0.159,,1445700,,
0,2,,0.279561,0.048363,0.598222,0.0372,0.017892,0.018761,,1455400,,
0,0,,0.457686,0.16472,0.067387,0.037589,0.147218,0.1254,,1449300,,
0,2,,0.089226,0.03574,0.801251,0.048615,0.008488,0.016679,,1440500,,
0,2,,0.267414,0.048457,0.5868,0.040063,0.024217,0.033049,,1449400,,
0,2,,0.145188,0.03574,0.752048,0.042142,0.010383,0.014498,,1477600,,
0,2,,0.089222,0.03574,0.809424,0.042666,0.008307,0.014641,,1553200,,
0,2,,0.255196,0.114878,0.297871,0.043168,0.141144,0.147742,,1448200,,
0,2,,0.147548,0.03574,0.74946,0.042087,0.010525,0.01464,,1445600,,
0,2,,0.253571,0.047117,0.629314,0.035865,0.01692,0.017214,,1449700,,
0,2,,0.089263,0.03574,0.80792,0.043828,0.008394,0.014855,,1458000,,
0,2,,0.199179,0.047117,0.683371,0.037789,0.015091,0.017453,,1459400,,
0,0,,0.316797,0.111669,0.291924,0.04225,0.114541,0.122818,,1454200,,
0,2,,0.359639,0.035672,0.461614,0.0532,0.033193,0.056683,,1448800,,
0,0,,0.441236,0.074691,0.411837,0.026707,0.025445,0.020084,,1446400,,
0,2,,0.282151,0.048464,0.593905,0.038472,0.018129,0.018879,,1490100,,
0,2,,0.049589,0.012075,0.736336,0.06931,0.036438,0.096251,,1464200,,
0,2,,0.147548,0.03574,0.74946,0.042087,0.010525,0.01464,,1634600,,
0,2,,0.089222,0.03574,0.809424,0.042666,0.008307,0.014641,,1475200,,
0,0,,0.349689,0.134869,0.104298,0.061924,0.18673,0.162489,,1475600,,
0,2,,0.25085,0.029867,0.502144,0.060844,0.050127,0.106167,,1467500,,
0,2,,0.25353,0.047117,0.630817,0.034703,0.016833,0.016999,,1448600,,
0,2,,0.249614,0.106089,0.33303,0.049821,0.115253,0.146193,,1439500,,
0,2,,0.293309,0.047117,0.592058,0.033932,0.016804,0.016781,,1442200,,
0,2,,0.219003,0.047117,0.664383,0.037155,0.015062,0.017279,,1458100,,
0,2,,0.089222,0.03574,0.809424,0.042666,0.008307,0.014641,,1484200,,
0,2,,0.217939,0.116401,0.478745,0.036102,0.08415,0.066664,,1445300,,
0,0,,0.391355,0.144753,0.10278,0.042797,0.176292,0.142023,,1487300,,
0,2,,0.127799,0.03574,0.769406,0.042433,0.009747,0.014875,,1460100,,
0,0,,0.38045,0.166,0.12091,0.043035,0.158746,0.130858,,1463800,,
0,2,,0.089222,0.03574,0.809424,0.042666,0.008307,0.014641,,1462400,,
0,2,,0.089222,0.03574,0.809424,0.042666,0.008307,0.014641,,1465700,,
0,2,,0.129494,0.03574,0.769885,0.041306,0.009026,0.014548,,1457700,,
0,2,,0.089222,0.03574,0.809424,0.042666,0.008307,0.014641,,1449400,,
0,2,,0.189425,0.05081,0.694472,0.03979,0.011367,0.014136,,1449600,,
0,2,,0.167003,0.035922,0.73033,0.041391,0.010858,0.014495,,1466300,,
0,2,,0.089222,0.03574,0.809424,0.042666,0.008307,0.014641,,1471000,,
0,2,,0.147548,0.03574,0.74946,0.042087,0.010525,0.01464,,1450500,,
0,2,,0.25353,0.047117,0.630817,0.034703,0.016833,0.016999,,1476300,,
0,0,,0.372627,0.168054,0.155466,0.040561,0.140074,0.123217,,1454100,,
0,0,,0.563277,0.08993,0.256611,0.026601,0.035642,0.027939,,1452400,,
0,2,,0.322813,0.055289,0.552853,0.033702,0.018567,0.016776,,1452100,,
0,2,,0.089222,0.03574,0.809424,0.042666,0.008307,0.014641,,1452800,,
0,2,,0.233294,0.013876,0.557867,0.052418,0.048876,0.093668,,1448300,,
0,2,,0.147548,0.03574,0.74946,0.042087,0.010525,0.01464,,1466300,,
0,2,,0.145188,0.03574,0.752048,0.042142,0.010383,0.014498,,1467100,,
0,0,,0.408902,0.10318,0.217673,0.041632,0.106441,0.122173,,1472000,,
0,0,,0.359455,0.170607,0.141459,0.039974,0.159163,0.129341,,1442900,,
0,2,,0.10967,0.03574,0.788873,0.041941,0.009055,0.014722,,1448500,,
0,0,,0.479011,0.074691,0.375773,0.024779,0.025978,0.019769,,1475700,,
0,2,,0.375609,0.061023,0.473007,0.041355,0.024274,0.024731,,1451200,,
0,2,,0.089222,0.03574,0.809424,0.042666,0.008307,0.014641,,1449000,,
0,2,,0.225567,0.05081,0.656084,0.039901,0.013471,0.014167,,1452800,,
0,2,,0.143614,0.03574,0.755367,0.040741,0.010136,0.014402,,1525400,,
0,2,,0.089222,0.03574,0.809424,0.042666,0.008307,0.014641,,1458500,,
0,2,,0.217226,0.047117,0.666911,0.035958,0.015611,0.017177,,1460300,,
0,2,,0.147548,0.03574,0.74946,0.042087,0.010525,0.01464,,1461400,,
0,2,,0.199138,0.047117,0.684875,0.036627,0.015005,0.017238,,1448800,,
0,0,,0.491839,0.069095,0.357045,0.03181,0.027315,0.022898,,1428200,,
0,2,,0.293309,0.047117,0.592058,0.033932,0.016804,0.016781,,1424900,,
0,2,,0.109711,0.03574,0.787369,0.043103,0.009142,0.014936,,1422200,,
0,0,,0.538094,0.134292,0.058271,0.034818,0.114013,0.120511,,1429500,,
0,0,,0.455216,0.049625,0.314631,0.045081,0.053951,0.081497,,1437900,,
0,2,,0.089222,0.03574,0.809424,0.042666,0.008307,0.014641,,1423900,,
0,0,,0.481596,0.149872,0.070643,0.037523,0.135475,0.124891,,1425300,,
0,0,,0.373388,0.116157,0.128794,0.044382,0.194545,0.142735,,1420100,,
0,2,,0.145188,0.03574,0.752048,0.042142,0.010383,0.014498,,1432200,,
0,0,,0.482084,0.14071,0.090256,0.038455,0.125391,0.123105,,1443600,,
0,2,,0.199138,0.047117,0.684875,0.036627,0.015005,0.017238,,1417700,,
0,2,,0.091581,0.03574,0.806836,0.04261,0.008449,0.014783,,1430400,,
0,0,,0.530763,0.096215,0.147897,0.040844,0.077434,0.106847,,1454800,,
0,2,,0.10731,0.03574,0.791461,0.041996,0.008913,0.01458,,1428700,,
0,0,,0.528268,0.08659,0.290121,0.026382,0.035849,0.032791,,1434500,,
0,2,,0.273484,0.047117,0.611045,0.034567,0.016833,0.016954,,1447600,,
0,2,,0.293309,0.047117,0.592058,0.033932,0.016804,0.016781,,1424600,,
0,2,,0.089222,0.03574,0.809424,0.042666,0.008307,0.014641,,1417700,,
0,2,,0.293309,0.047117,0.592058,0.033932,0.016804,0.016781,,1425900,,
0,2,,0.091622,0.03574,0.805332,0.043772,0.008536,0.014997,,1429300,,
0,2,,0.199179,0.047117,0.683371,0.037789,0.015091,0.017453,,1418200,,
0,2,,0.343923,0.062198,0.5076,0.038045,0.024256,0.023978,,1420100,,
0,0,,0.47598,0.084607,0.337558,0.024298,0.043203,0.034354,,1422200,,
0,2,,0.196938,0.088545,0.429068,0.04892,0.113876,0.122653,,1448600,,
0,2,,0.143614,0.03574,0.755367,0.040741,0.010136,0.014402,,1417400,,
0,2,,0.10967,0.03574,0.788873,0.041941,0.009055,0.014722,,1432800,,
0,0,,0.585089,0.079512,0.090952,0.047884,0.073887,0.122677,,1420000,,
0,2,,0.297748,0.060952,0.563053,0.033181,0.023255,0.021811,,1426200,,
0,2,,0.091581,0.03574,0.806836,0.04261,0.008449,0.014783,,1444500,,
0,0,,0.408137,0.075521,0.308143,0.043621,0.065099,0.099479,,1475700,,
0,2,,0.143614,0.03574,0.755367,0.040741,0.010136,0.014402,,1424600,,
0,2,,0.10967,0.03574,0.788873,0.041941,0.009055,0.014722,,1418000,,
0,2,,0.293309,0.047117,0.592058,0.033932,0.016804,0.016781,,1426400,,
0,0,,0.465837,0.140223,0.06822,0.043913,0.152042,0.129765,,1425200,,
0,2,,0.299046,0.047299,0.579931,0.03945,0.016245,0.018028,,1460200,,
0,2,,0.079708,0.029313,0.761644,0.065206,0.014714,0.049416,,1434900,,
0,2,,0.058885,0.020941,0.732253,0.066396,0.032495,0.089031,,1446100,,
0,2,,0.294955,0.047117,0.583281,0.039662,0.016955,0.018031,,1419600,,
0,2,,0.143618,0.03574,0.747194,0.04669,0.010317,0.01644,,1425800,,
0,2,,0.280234,0.063832,0.57155,0.030956,0.024273,0.029155,,1429200,,
0,0,,0.399327,0.106561,0.219766,0.045822,0.085994,0.14253,,1429800,,
0,2,,0.091581,0.03574,0.806836,0.04261,0.008449,0.014783,,1418700,,
0,0,,0.457935,0.055539,0.333456,0.038584,0.044892,0.069594,,1690800,,
0,2,,0.323258,0.049055,0.543497,0.042294,0.019997,0.021899,,1747400,,
0,2,,0.313395,0.040757,0.403541,0.053716,0.066761,0.121829,,1831400,,
0,2,,0.091581,0.03574,0.806836,0.04261,0.008449,0.014783,,2004500,,
0,2,,0.145188,0.03574,0.752048,0.042142,0.010383,0.014498,,1999000,,
0,2,,0.146906,0.03574,0.737813,0.052202,0.010436,0.016902,,2006000,,
0,0,,0.564947,0.101482,0.242552,0.021182,0.038348,0.031489,,2051900,,
0,2,,0.091581,0.03574,0.806836,0.04261,0.008449,0.014783,,1818900,,
0,2,,0.16444,0.034321,0.696588,0.051406,0.016331,0.036913,,1417300,,
0,0,,0.358467,0.140225,0.219302,0.040425,0.11913,0.12245,,1417600,,
0,2,,0.254133,0.059605,0.612149,0.032707,0.020887,0.020517,,1417300,,
0,2,,0.145188,0.03574,0.752048,0.042142,0.010383,0.014498,,1430100,,
0,0,,0.55952,0.088392,0.129747,0.041642,0.073438,0.107261,,1412300,,
0,2,,0.111488,0.03574,0.784841,0.0443,0.008594,0.015038,,1416200,,
0,2,,0.125398,0.03574,0.773497,0.041326,0.009519,0.014519,,1411700,,
0,2,,0.275308,0.04848,0.599368,0.03848,0.018661,0.019703,,1409200,,
0,2,,0.25353,0.047117,0.630817,0.034703,0.016833,0.016999,,1422700,,
0,0,,0.450106,0.092468,0.221545,0.043866,0.0766,0.115414,,1412000,,
0,2,,0.324427,0.052825,0.534302,0.038796,0.022205,0.027445,,1416200,,
0,0,,0.455869,0.068342,0.377976,0.031911,0.031189,0.034712,,1416800,,
0,2,,0.233026,0.011596,0.518392,0.061116,0.052911,0.122959,,1413500,,
0,2,,0.091622,0.03574,0.805332,0.043772,0.008536,0.014997,,1413600,,
0,2,,0.29335,0.047117,0.590554,0.035094,0.016891,0.016995,,1414300,,
0,2,,0.291096,0.049094,0.577271,0.041894,0.019533,0.021112,,1412800,,
0,0,,0.453739,0.057558,0.262718,0.048055,0.06476,0.11317,,1417600,,
0,2,,0.091581,0.03574,0.806836,0.04261,0.008449,0.014783,,1417800,,
0,2,,0.253571,0.047117,0.629314,0.035865,0.01692,0.017214,,1418600,,
0,2,,0.089222,0.03574,0.809424,0.042666,0.008307,0.014641,,1453700,,
0,2,,0.088943,0.043314,0.745716,0.048341,0.03364,0.040045,,1417200,,
0,2,,0.237181,0.047117,0.647139,0.035821,0.015611,0.017132,,1421600,,
0,0,,0.368289,0.06086,0.329556,0.055167,0.066284,0.119844,,1419800,,
0,0,,0.459126,0.074691,0.394131,0.026103,0.026007,0.019942,,1415300,,
0,2,,0.089222,0.03574,0.809424,0.042666,0.008307,0.014641,,1415700,,
0,2,,0.348193,0.039163,0.451148,0.042317,0.047785,0.071393,,1425300,,
0,0,,0.466144,0.075266,0.381604,0.027906,0.027221,0.021859,,1411800,,
0,2,,0.089222,0.03574,0.809424,0.042666,0.008307,0.014641,,1430100,,
0,2,,0.257005,0.047117,0.628151,0.035186,0.015582,0.016959,,1425800,,
0,2,,0.089222,0.03574,0.809424,0.042666,0.008307,0.014641,,1423600,,
0,0,,0.500476,0.066106,0.290529,0.036906,0.043502,0.06248,,1452900,,
0,0,,0.479815,0.134855,0.066531,0.04348,0.144199,0.13112,,1414200,,
0,0,,0.43531,0.1572,0.154392,0.042131,0.108269,0.102699,,1412100,,
0,2,,0.143614,0.03574,0.755367,0.040741,0.010136,0.014402,,1411500,,
0,2,,0.235314,0.047117,0.648948,0.035288,0.016216,0.017116,,1415500,,
0,2,,0.25353,0.047117,0.630817,0.034703,0.016833,0.016999,,1412800,,
0,2,,0.370298,0.057181,0.487644,0.040649,0.022275,0.021952,,1408800,,
0,2,,0.143614,0.03574,0.755367,0.040741,0.010136,0.014402,,1411400,,
0,0,,0.373688,0.109088,0.243812,0.0491,0.105621,0.118692,,1411600,,
0,2,,0.259642,0.03553,0.52039,0.048975,0.042089,0.093375,,1424300,,
0,2,,0.089222,0.03574,0.809424,0.042666,0.008307,0.014641,,1451500,,
0,0,,0.460813,0.175723,0.085355,0.038797,0.122598,0.116713,,1421300,,
0,2,,0.089222,0.03574,0.809424,0.042666,0.008307,0.014641,,1415500,,
0,2,,0.143614,0.03574,0.755367,0.040741,0.010136,0.014402,,1415100,,
0,0,,0.479886,0.176077,0.047668,0.037588,0.139671,0.11911,,1420200,,
0,2,,0.091581,0.03574,0.806836,0.04261,0.008449,0.014783,,1435600,,
0,2,,0.273484,0.047117,0.611045,0.034567,0.016833,0.016954,,1428900,,
0,2,,0.125398,0.03574,0.773497,0.041326,0.009519,0.014519,,1416400,,
0,2,,0.229256,0.044276,0.605203,0.054919,0.020541,0.045805,,1414100,,
0,2,,0.108015,0.03574,0.778085,0.051682,0.008415,0.018063,,1426500,,
0,0,,0.313921,0.127462,0.285615,0.04402,0.11134,0.117641,,1418000,,
0,0,,0.444133,0.074691,0.400071,0.033552,0.025684,0.021869,,1459700,,
0,2,,0.254133,0.059605,0.612149,0.032707,0.020887,0.020517,,1427700,,
0,2,,0.293309,0.047117,0.592058,0.033932,0.016804,0.016781,,1416000,,
0,0,,0.508503,0.131252,0.114154,0.036108,0.103201,0.106783,,1417900,,
0,2,,0.147548,0.03574,0.74946,0.042087,0.010525,0.01464,,1431100,,
0,2,,0.293309,0.047117,0.592058,0.033932,0.016804,0.016781,,1427200,,
0,2,,0.329913,0.057141,0.519708,0.035917,0.026368,0.030953,,1418300,,
0,0,,0.476649,0.089112,0.344505,0.028816,0.032106,0.028813,,1416000,,
0,2,,0.293309,0.047117,0.592058,0.033932,0.016804,0.016781,,1448000,,
0,2,,0.253571,0.047117,0.629314,0.035865,0.01692,0.017214,,1418300,,
0,2,,0.129928,0.024189,0.722047,0.060013,0.018537,0.045286,,1442400,,
0,2,,0.407172,0.061858,0.419671,0.030456,0.037736,0.043107,,1418900,,
0,2,,0.089222,0.03574,0.809424,0.042666,0.008307,0.014641,,1424600,,
0,0,,0.56415,0.077242,0.283782,0.025385,0.029823,0.019619,,1420000,,
0,0,,0.387826,0.141429,0.201932,0.039989,0.111904,0.116921,,1416300,,
0,2,,0.25353,0.047117,0.630817,0.034703,0.016833,0.016999,,1415400,,
0,2,,0.354609,0.035978,0.380704,0.059113,0.056314,0.113282,,1415900,,
0,2,,0.263506,0.054863,0.44897,0.056313,0.060357,0.115991,,1444700,,
0,2,,0.167413,0.03574,0.728969,0.042614,0.010582,0.014681,,1434000,,
0,2,,0.081136,0.02937,0.766927,0.060239,0.014885,0.047442,,1427200,,
0,0,,0.540151,0.070485,0.237436,0.033622,0.048318,0.069988,,1417000,,
0,0,,0.457198,0.055252,0.331734,0.038008,0.045263,0.072545,,1458900,,
0,2,,0.219092,0.047117,0.665102,0.036491,0.015005,0.017193,,1420200,,
0,0,,0.543492,0.082474,0.202684,0.0439,0.053022,0.074428,,1434700,,
0,0,,0.48115,0.074691,0.373569,0.025408,0.025358,0.019824,,1415800,,
0,2,,0.232502,0.068136,0.622631,0.040017,0.015895,0.020819,,1420900,,
0,2,,0.089222,0.03574,0.809424,0.042666,0.008307,0.014641,,1413800,,
0,2,,0.302611,0.124276,0.30705,0.047551,0.100686,0.117826,,1427400,,
0,2,,0.147548,0.03574,0.74946,0.042087,0.010525,0.01464,,1421100,,
0,2,,0.274367,0.110492,0.395442,0.036846,0.094214,0.088638,,1434200,,
0,2,,0.213086,0.027989,0.480341,0.06035,0.077823,0.140412,,1411300,,
0,2,,0.202739,0.037708,0.595477,0.051751,0.039273,0.073051,,1443700,,
0,2,,0.199138,0.047117,0.684875,0.036627,0.015005,0.017238,,1412600,,
0,2,,0.147548,0.03574,0.74946,0.042087,0.010525,0.01464,,1416700,,
0,2,,0.293309,0.047117,0.592058,0.033932,0.016804,0.016781,,1426600,,
0,2,,0.326648,0.061582,0.526647,0.036467,0.024658,0.023998,,1414400,,
0,0,,0.407522,0.061157,0.396774,0.036864,0.043551,0.054133,,1413700,,
0,2,,0.25353,0.047117,0.630817,0.034703,0.016833,0.016999,,1416800,,
0,2,,0.14965,0.035795,0.74503,0.043652,0.010743,0.01513,,1417800,,
0,2,,0.145188,0.03574,0.752048,0.042142,0.010383,0.014498,,1413400,,
0,2,,0.143614,0.03574,0.755367,0.040741,0.010136,0.014402,,1415700,,
0,2,,0.089222,0.03574,0.809424,0.042666,0.008307,0.014641,,1434800,,
0,0,,0.46115,0.074691,0.393569,0.025408,0.025358,0.019824,,1447600,,
0,2,,0.2555,0.059788,0.610982,0.032681,0.020615,0.020433,,1416300,,
0,0,,0.509908,0.127176,0.085411,0.038421,0.117108,0.121976,,1416800,,
0,0,,0.376506,0.127023,0.219302,0.040425,0.114294,0.12245,,1425400,,
0,0,,0.570397,0.12364,0.201274,0.018444,0.052775,0.03347,,1413000,,
0,0,,0.435392,0.051326,0.290812,0.052151,0.060113,0.110205,,1423900,,
0,2,,0.235314,0.047117,0.648948,0.035288,0.016216,0.017116,,1415100,,
0,2,,0.199138,0.047117,0.684875,0.036627,0.015005,0.017238,,1414500,,
0,2,,0.176121,0.037087,0.710325,0.047681,0.011965,0.01682,,1417100,,
0,2,,0.085291,0.039964,0.798416,0.043091,0.012214,0.021024,,1421900,,
0,2,,0.171428,0.037158,0.712891,0.048118,0.012571,0.017833,,1452200,,
0,2,,0.091581,0.03574,0.806836,0.04261,0.008449,0.014783,,1410900,,
0,2,,0.147548,0.03574,0.74946,0.042087,0.010525,0.01464,,1416400,,
0,2,,0.172971,0.106506,0.44586,0.045962,0.102585,0.126116,,1412700,,
0,2,,0.089222,0.03574,0.809424,0.042666,0.008307,0.014641,,1422700,,
0,2,,0.089222,0.03574,0.809424,0.042666,0.008307,0.014641,,1416500,,
0,2,,0.293309,0.047117,0.592058,0.033932,0.016804,0.016781,,1413600,,
0,2,,0.273484,0.047117,0.611045,0.034567,0.016833,0.016954,,1415600,,
0,0,,0.318484,0.141705,0.207358,0.045971,0.154587,0.131894,,1419700,,
0,0,,0.500976,0.075984,0.289906,0.037378,0.038576,0.057179,,1420200,,
0,2,,0.10967,0.03574,0.788873,0.041941,0.009055,0.014722,,1416900,,
0,2,,0.089222,0.03574,0.809424,0.042666,0.008307,0.014641,,1440700,,
0,2,,0.147548,0.03574,0.74946,0.042087,0.010525,0.01464,,1428700,,
0,2,,0.40798,0.06105,0.449053,0.034092,0.024776,0.023049,,1422500,,
0,2,,0.25353,0.047117,0.630817,0.034703,0.016833,0.016999,,1419400,,
0,2,,0.145188,0.03574,0.752048,0.042142,0.010383,0.014498,,1419600,,
0,2,,0.199179,0.047117,0.683371,0.037789,0.015091,0.017453,,1412500,,
0,2,,0.147548,0.03574,0.74946,0.042087,0.010525,0.01464,,1415700,,
0,2,,0.089222,0.03574,0.809424,0.042666,0.008307,0.014641,,1411600,,
0,2,,0.25353,0.047117,0.630817,0.034703,0.016833,0.016999,,1420200,,
0,2,,0.25353,0.047117,0.630817,0.034703,0.016833,0.016999,,1412700,,
0,2,,0.324015,0.048847,0.382177,0.053276,0.068161,0.123523,,1450800,,
0,2,,0.147548,0.03574,0.74946,0.042087,0.010525,0.01464,,1418800,,
0,2,,0.089222,0.03574,0.809424,0.042666,0.008307,0.014641,,1412400,,
0,2,,0.179469,0.037142,0.703996,0.049652,0.012189,0.017552,,1422900,,
0,0,,0.443876,0.167021,0.06822,0.043913,0.147206,0.129765,,1421500,,
0,2,,0.273802,0.047117,0.607175,0.037568,0.016804,0.017533,,1425700,,
0,2,,0.205105,0.096422,0.42079,0.046277,0.108584,0.122822,,1416900,,
0,2,,0.089222,0.03574,0.809424,0.042666,0.008307,0.014641,,1420200,,
0,0,,0.46875,0.125491,0.130472,0.041673,0.111586,0.122029,,1420200,,
0,2,,0.089222,0.03574,0.809424,0.042666,0.008307,0.014641,,1410700,,
0,2,,0.145188,0.03574,0.752048,0.042142,0.010383,0.014498,,1417300,,
0,2,,0.378703,0.062269,0.473682,0.035845,0.025007,0.024493,,1445100,,
0,2,,0.089222,0.03574,0.809424,0.042666,0.008307,0.014641,,1417900,,
0,2,,0.25353,0.047117,0.630817,0.034703,0.016833,0.016999,,1412900,,
0,2,,0.125398,0.03574,0.773497,0.041326,0.009519,0.014519,,1422400,,
0,0,,0.450062,0.155456,0.030883,0.036409,0.17616,0.151031,,1433400,,
0,2,,0.341739,0.066476,0.498812,0.034846,0.028238,0.029889,,1424200,,
0,2,,0.323258,0.049055,0.543497,0.042294,0.019997,0.021899,,1415000,,
0,2,,0.10539,0.032761,0.78328,0.043933,0.011682,0.022955,,1423200,,
0,2,,0.127758,0.03574,0.770909,0.041271,0.009661,0.014661,,1415600,,
0,2,,0.273484,0.047117,0.611045,0.034567,0.016833,0.016954,,1412400,,
0,2,,0.273484,0.047117,0.611045,0.034567,0.016833,0.016954,,1418000,,
0,2,,0.127758,0.03574,0.770909,0.041271,0.009661,0.014661,,1418600,,
0,2,,0.290437,0.059605,0.576056,0.031453,0.02211,0.020339,,1416500,,
0,2,,0.129494,0.03574,0.769885,0.041306,0.009026,0.014548,,1415600,,
0,0,,0.398366,0.14099,0.141556,0.039205,0.152412,0.127471,,1414300,,
0,0,,0.514775,0.093335,0.2943,0.027546,0.03522,0.034824,,1415400,,
0,2,,0.111036,0.035922,0.787706,0.041915,0.008783,0.014638,,1422100,,
0,2,,0.25353,0.047117,0.630817,0.034703,0.016833,0.016999,,1413600,,
0,2,,0.202897,0.054061,0.564785,0.042766,0.06052,0.07497,,1416500,,
0,2,,0.177661,0.027231,0.604044,0.059734,0.041298,0.090031,,1412200,,
0,0,,0.425674,0.06967,0.418032,0.034587,0.027372,0.024665,,1416900,,
0,2,,0.147589,0.03574,0.747956,0.043249,0.010611,0.014854,,1421200,,
0,2,,0.147548,0.03574,0.74946,0.042087,0.010525,0.01464,,1410700,,
0,2,,0.262196,0.048464,0.613678,0.038609,0.018129,0.018924,,1389000,,
0,2,,0.220476,0.109512,0.434384,0.042025,0.093877,0.099727,,1388900,,
0,2,,0.409481,0.075266,0.435279,0.030766,0.026751,0.022457,,1387300,,
0,0,,0.334039,0.127383,0.257039,0.041608,0.116572,0.123359,,1389600,,
1,1,,0.226832,0.539732,0.068186,0.013285,0.111777,0.040188,,1404100,,
1,1,,0.259591,0.500919,0.071139,0.014339,0.113823,0.040188,,1418500,,
1,1,,0.258376,0.479761,0.094043,0.014262,0.112852,0.040706,,1403100,,
1,1,,0.226832,0.519732,0.088186,0.013285,0.111777,0.040188,,1401300,,
1,1,,0.226832,0.539732,0.068186,0.013285,0.111777,0.040188,,1440800,,
1,1,,0.259563,0.461672,0.099151,0.0166,0.114083,0.048931,,1503300,,
1,1,,0.258693,0.408743,0.148035,0.02272,0.116726,0.045082,,1548900,,
1,1,,0.227242,0.538369,0.068186,0.014205,0.11181,0.040188,,1486400,,
1,1,,0.226832,0.519732,0.088186,0.013285,0.111777,0.040188,,1438600,,
1,1,,0.25229,0.479732,0.098947,0.013743,0.114307,0.040982,,1431600,,
1,1,,0.268479,0.447665,0.107789,0.019312,0.11474,0.042014,,1428800,,
1,1,,0.226832,0.539732,0.068186,0.013285,0.111777,0.040188,,1430300,,
1,1,,0.226832,0.519732,0.088186,0.013285,0.111777,0.040188,,1413900,,
1,2,,0.101783,0.021654,0.605459,0.077459,0.05187,0.141776,,1416100,,
1,1,,0.207343,0.524003,0.032079,0.023426,0.129102,0.084048,,1426000,,
1,1,,0.278693,0.408743,0.128035,0.02272,0.116726,0.045082,,1448600,,
1,1,,0.217163,0.348659,0.105184,0.035099,0.175241,0.118655,,1440200,,
1,1,,0.278329,0.44754,0.106261,0.016678,0.109846,0.041345,,1452100,,
1,1,,0.336195,0.42809,0.071447,0.013418,0.110662,0.040188,,1424500,,
1,1,,0.226832,0.539732,0.068186,0.013285,0.111777,0.040188,,1428800,,
1,1,,0.226766,0.524559,0.068186,0.013253,0.126279,0.040957,,1428100,,
1,1,,0.226832,0.539732,0.068186,0.013285,0.111777,0.040188,,1424500,,
1,1,,0.312267,0.377554,0.122837,0.022771,0.112432,0.05214,,1436700,,
1,1,,0.259477,0.315087,0.184138,0.032618,0.116921,0.091758,,1436300,,
1,1,,0.226832,0.539732,0.068186,0.013285,0.111777,0.040188,,1441100,,
1,0,,0.293265,0.173289,0.197997,0.044636,0.146326,0.144487,,1437000,,
1,2,,0.060994,0.009361,0.67726,0.09056,0.041061,0.120765,,1468100,,
1,1,,0.226832,0.519732,0.088186,0.013285,0.111777,0.040188,,1434900,,
1,2,,0.250542,0.158104,0.437113,0.042923,0.07201,0.039308,,1439700,,
1,1,,0.226766,0.504559,0.088186,0.013253,0.126279,0.040957,,1442800,,
1,1,,0.226832,0.539732,0.068186,0.013285,0.111777,0.040188,,1436400,,
1,1,,0.226832,0.539732,0.068186,0.013285,0.111777,0.040188,,1431400,,
1,1,,0.226832,0.539732,0.068186,0.013285,0.111777,0.040188,,1436100,,
1,1,,0.227092,0.504559,0.103308,0.016544,0.107152,0.041345,,1441800,,
1,1,,0.226832,0.539732,0.068186,0.013285,0.111777,0.040188,,1440100,,
1,1,,0.226832,0.519732,0.088186,0.013285,0.111777,0.040188,,1433800,,
1,2,,0.204834,0.150257,0.410915,0.05101,0.063016,0.119968,,1443700,,
1,1,,0.248634,0.496752,0.07179,0.015645,0.11771,0.049469,,1429900,,
1,1,,0.229701,0.512119,0.039543,0.021521,0.121555,0.075561,,1442600,,
1,1,,0.226766,0.504559,0.088186,0.013253,0.126279,0.040957,,1475000,,
1,1,,0.226832,0.539732,0.068186,0.013285,0.111777,0.040188,,1432300,,
1,2,,0.142847,0.066384,0.482961,0.072496,0.067115,0.168198,,1437300,,
1,1,,0.227242,0.538369,0.068186,0.014205,0.11181,0.040188,,1431500,,
1,1,,0.238376,0.499761,0.094043,0.014262,0.112852,0.040706,,1440900,,
1,1,,0.227242,0.538369,0.068186,0.014205,0.11181,0.040188,,1446200,,
1,2,,0.208863,0.164527,0.324053,0.048095,0.108631,0.145831,,1436300,,
1,1,,0.226832,0.539732,0.068186,0.013285,0.111777,0.040188,,1443900,,
1,1,,0.277132,0.303306,0.19407,0.027594,0.138858,0.05904,,1458200,,
1,1,,0.246651,0.262808,0.231931,0.037504,0.118556,0.102549,,1470800,,
1,1,,0.226832,0.539732,0.068186,0.013285,0.111777,0.040188,,1449300,,
1,1,,0.227242,0.538369,0.068186,0.014205,0.11181,0.040188,,1440300,,
1,1,,0.232901,0.342588,0.07918,0.03318,0.203913,0.108237,,1447100,,
1,1,,0.226832,0.539732,0.068186,0.013285,0.111777,0.040188,,1443300,,
1,1,,0.239292,0.395982,0.080951,0.02866,0.156522,0.098593,,1461800,,
1,2,,0.07246,0.045168,0.675587,0.072289,0.036875,0.097621,,1454200,,
1,1,,0.240921,0.499732,0.091154,0.014211,0.113232,0.040751,,1447600,,
1,1,,0.226832,0.539732,0.068186,0.013285,0.111777,0.040188,,1436600,,
1,1,,0.226832,0.539732,0.068186,0.013285,0.111777,0.040188,,1475000,,
1,1,,0.25229,0.499732,0.078947,0.013743,0.114307,0.040982,,1456900,,
1,1,,0.238376,0.499761,0.094043,0.014262,0.112852,0.040706,,1445500,,
1,2,,0.106523,0.052969,0.473911,0.066784,0.071066,0.228747,,1449700,,
1,2,,0.168905,0.079728,0.54858,0.061481,0.070929,0.070377,,1439500,,
1,1,,0.226832,0.539732,0.068186,0.013285,0.111777,0.040188,,1451300,,
1,1,,0.226832,0.539732,0.068186,0.013285,0.111777,0.040188,,1451900,,
1,1,,0.21138,0.377412,0.121471,0.039795,0.139831,0.110111,,1447600,,
1,1,,0.252225,0.464559,0.098947,0.01371,0.128809,0.041751,,1441100,,
1,1,,0.226832,0.539732,0.068186,0.013285,0.111777,0.040188,,1453100,,
1,1,,0.247007,0.479761,0.106251,0.01473,0.111777,0.040475,,1467800,,
1,1,,0.252701,0.498369,0.078947,0.014662,0.11434,0.040982,,1450300,,
1,2,,0.111024,0.112271,0.422983,0.054113,0.127168,0.172441,,1458900,,
1,1,,0.28505,0.460919,0.0819,0.014797,0.116353,0.040982,,1447500,,
1,2,,0.130518,0.099937,0.567866,0.066191,0.039286,0.096201,,1523100,,
1,1,,0.226766,0.504559,0.088186,0.013253,0.126279,0.040957,,1452300,,
1,1,,0.249867,0.293336,0.28835,0.030827,0.092016,0.045604,,1457200,,
1,1,,0.247242,0.518369,0.068186,0.014205,0.11181,0.040188,,1438900,,
1,1,,0.226832,0.519732,0.088186,0.013285,0.111777,0.040188,,1435600,,
1,1,,0.259591,0.500919,0.071139,0.014339,0.113823,0.040188,,1442300,,
1,1,,0.226832,0.539732,0.068186,0.013285,0.111777,0.040188,,1488400,,
1,1,,0.226832,0.539732,0.068186,0.013285,0.111777,0.040188,,1441900,,
1,1,,0.25229,0.499732,0.078947,0.013743,0.114307,0.040982,,1439300,,
1,1,,0.226766,0.504559,0.088186,0.013253,0.126279,0.040957,,1441900,,
1,1,,0.227007,0.499761,0.106251,0.01473,0.111777,0.040475,,1474800,,
1,1,,0.226832,0.539732,0.068186,0.013285,0.111777,0.040188,,1462600,,
1,1,,0.241889,0.390543,0.163131,0.023143,0.136424,0.04487,,1447000,,
1,2,,0.286674,0.114976,0.337384,0.052834,0.109561,0.098571,,1447600,,
1,1,,0.226832,0.539732,0.068186,0.013285,0.111777,0.040188,,1442800,,
1,1,,0.226832,0.519732,0.088186,0.013285,0.111777,0.040188,,1466000,,
1,1,,0.226832,0.539732,0.068186,0.013285,0.111777,0.040188,,1454600,,
1,2,,0.111715,0.052283,0.487265,0.073994,0.057096,0.217648,,1481100,,
1,1,,0.226832,0.539732,0.068186,0.013285,0.111777,0.040188,,1440800,,
1,2,,0.13662,0.062046,0.602416,0.06819,0.046596,0.084132,,1443400,,
1,1,,0.227242,0.538369,0.068186,0.014205,0.11181,0.040188,,1456000,,
1,1,,0.296619,0.394338,0.12407,0.02463,0.106543,0.0538,,1460700,,
1,1,,0.245533,0.504867,0.088494,0.013283,0.107633,0.040188,,1461000,,
1,1,,0.226832,0.539732,0.068186,0.013285,0.111777,0.040188,,1450600,,
1,2,,0.1488,0.044054,0.511332,0.069387,0.057885,0.168542,,1473600,,
1,1,,0.281536,0.382996,0.140191,0.022032,0.12257,0.050676,,1458900,,
1,1,,0.228305,0.507636,0.089725,0.017868,0.11474,0.041727,,1443000,,
1,0,,0.307836,0.258657,0.247763,0.037911,0.097198,0.050635,,1475400,,
1,1,,0.226832,0.539732,0.068186,0.013285,0.111777,0.040188,,1450800,,
1,1,,0.226832,0.539732,0.068186,0.013285,0.111777,0.040188,,1443700,,
1,1,,0.228746,0.490639,0.086824,0.016214,0.122622,0.054954,,1454400,,
1,1,,0.226766,0.504559,0.088186,0.013253,0.126279,0.040957,,1442300,,
1,1,,0.226832,0.539732,0.068186,0.013285,0.111777,0.040188,,1441100,,
1,1,,0.278693,0.388743,0.128035,0.02272,0.136726,0.045082,,1533200,,
1,2,,0.155005,0.097135,0.452347,0.064248,0.070404,0.160862,,1452800,,
1,1,,0.227242,0.538369,0.068186,0.014205,0.11181,0.040188,,1445400,,
1,1,,0.241877,0.501888,0.081338,0.015186,0.111037,0.048675,,1440900,,
1,1,,0.226832,0.539732,0.068186,0.013285,0.111777,0.040188,,1475300,,
1,1,,0.226832,0.539732,0.068186,0.013285,0.111777,0.040188,,1441000,,
1,1,,0.205107,0.458519,0.090095,0.02842,0.127983,0.089876,,1464900,,
1,1,,0.226832,0.539732,0.068186,0.013285,0.111777,0.040188,,1443700,,
1,1,,0.239478,0.31177,0.244103,0.039492,0.106813,0.058343,,1445700,,
1,1,,0.227242,0.538369,0.068186,0.014205,0.11181,0.040188,,1439500,,
1,2,,0.095021,0.088449,0.542008,0.082045,0.047244,0.145233,,1457100,,
1,1,,0.226832,0.539732,0.068186,0.013285,0.111777,0.040188,,1454700,,
1,1,,0.226832,0.539732,0.068186,0.013285,0.111777,0.040188,,1460200,,
1,1,,0.252225,0.464559,0.098947,0.01371,0.128809,0.041751,,1453500,,
1,1,,0.226832,0.539732,0.068186,0.013285,0.111777,0.040188,,1439900,,
1,1,,0.227242,0.538369,0.068186,0.014205,0.11181,0.040188,,1499100,,
1,1,,0.228746,0.490639,0.086824,0.016214,0.122622,0.054954,,1445400,,
1,1,,0.226832,0.539732,0.068186,0.013285,0.111777,0.040188,,1447400,,
1,1,,0.227242,0.538369,0.068186,0.014205,0.11181,0.040188,,1442100,,
1,1,,0.201846,0.302943,0.250088,0.035428,0.119894,0.089801,,1444700,,
1,1,,0.210934,0.51181,0.039235,0.021491,0.140201,0.07633,,1438300,,
1,1,,0.226832,0.539732,0.068186,0.013285,0.111777,0.040188,,1448700,,
1,1,,0.226832,0.519732,0.088186,0.013285,0.111777,0.040188,,1443300,,
1,1,,0.226832,0.539732,0.068186,0.013285,0.111777,0.040188,,1443500,,
1,1,,0.227242,0.538369,0.068186,0.014205,0.11181,0.040188,,1448400,,
1,1,,0.227242,0.538369,0.068186,0.014205,0.11181,0.040188,,1445100,,
1,1,,0.226832,0.539732,0.068186,0.013285,0.111777,0.040188,,1444600,,
1,1,,0.226832,0.539732,0.068186,0.013285,0.111777,0.040188,,1452500,,
1,1,,0.27114,0.420046,0.124021,0.021552,0.111562,0.051679,,1455400,,
1,1,,0.226832,0.539732,0.068186,0.013285,0.111777,0.040188,,1439600,,
1,1,,0.226832,0.539732,0.068186,0.013285,0.111777,0.040188,,1443600,,
1,1,,0.226832,0.539732,0.068186,0.013285,0.111777,0.040188,,1455300,,
1,1,,0.226832,0.539732,0.068186,0.013285,0.111777,0.040188,,1448000,,
1,1,,0.238376,0.499761,0.094043,0.014262,0.112852,0.040706,,1446400,,
1,1,,0.226832,0.539732,0.068186,0.013285,0.111777,0.040188,,1451700,,
1,1,,0.226766,0.504559,0.088186,0.013253,0.126279,0.040957,,1485900,,
1,1,,0.272701,0.478369,0.078947,0.014662,0.11434,0.040982,,1451900,,
2,2,,0.088191,0.03574,0.797072,0.052317,0.008444,0.018236,,1400800,,
2,2,,0.230113,0.036897,0.621112,0.05409,0.020551,0.037237,,1396000,,
2,2,,0.089222,0.03574,0.809424,0.042666,0.008307,0.014641,,1396600,,
2,2,,0.08068,0.02917,0.774067,0.063185,0.014215,0.038681,,1396500,,
2,2,,0.089222,0.03574,0.809424,0.042666,0.008307,0.014641,,1402800,,
2,2,,0.087911,0.035683,0.809661,0.043731,0.008195,0.014818,,1409500,,
2,2,,0.082235,0.032095,0.785654,0.059718,0.010593,0.029705,,1400300,,
2,2,,0.087911,0.035683,0.809661,0.043731,0.008195,0.014818,,1401600,,
2,2,,0.067093,0.020543,0.761174,0.073688,0.018806,0.058696,,1403900,,
2,2,,0.089222,0.03574,0.809424,0.042666,0.008307,0.014641,,1426500,,
2,2,,0.089222,0.03574,0.809424,0.042666,0.008307,0.014641,,1400900,,
2,2,,0.079708,0.029313,0.761644,0.065206,0.014714,0.049416,,1399400,,
2,2,,0.089222,0.03574,0.809424,0.042666,0.008307,0.014641,,1402100,,
2,2,,0.089222,0.03574,0.809424,0.042666,0.008307,0.014641,,1407500,,
2,2,,0.089222,0.03574,0.809424,0.042666,0.008307,0.014641,,1404000,,
2,2,,0.089222,0.03574,0.809424,0.042666,0.008307,0.014641,,1405500,,
2,2,,0.089222,0.03574,0.809424,0.042666,0.008307,0.014641,,1406500,,
2,2,,0.089222,0.03574,0.809424,0.042666,0.008307,0.014641,,1402800,,
2,2,,0.089222,0.03574,0.809424,0.042666,0.008307,0.014641,,1399000,,
2,2,,0.090868,0.03574,0.800647,0.048396,0.008458,0.015891,,1397700,,
2,2,,0.089222,0.03574,0.809424,0.042666,0.008307,0.014641,,1430200,,
2,2,,0.089222,0.03574,0.809424,0.042666,0.008307,0.014641,,1410500,,
2,2,,0.089222,0.03574,0.809424,0.042666,0.008307,0.014641,,1409300,,
2,2,,0.087911,0.035683,0.809661,0.043731,0.008195,0.014818,,1400700,,
2,2,,0.089222,0.03574,0.809424,0.042666,0.008307,0.014641,,1402600,,
2,2,,0.089222,0.03574,0.809424,0.042666,0.008307,0.014641,,1400400,,
2,2,,0.088191,0.03574,0.797072,0.052317,0.008444,0.018236,,1395700,,
2,2,,0.089222,0.03574,0.809424,0.042666,0.008307,0.014641,,1406200,,
2,2,,0.089222,0.03574,0.809424,0.042666,0.008307,0.014641,,1400900,,
2,2,,0.082198,0.032095,0.778986,0.064505,0.010688,0.031529,,1401100,,
2,2,,0.048517,0.004815,0.731897,0.078078,0.035936,0.100757,,1426700,,
2,2,,0.087911,0.035683,0.809661,0.043731,0.008195,0.014818,,1398200,,
2,2,,0.089222,0.03574,0.809424,0.042666,0.008307,0.014641,,1416900,,
2,2,,0.089222,0.03574,0.809424,0.042666,0.008307,0.014641,,1404400,,
2,2,,0.089222,0.03574,0.809424,0.042666,0.008307,0.014641,,1407400,,
2,2,,0.089222,0.03574,0.809424,0.042666,0.008307,0.014641,,1413800,,
2,2,,0.089222,0.03574,0.809424,0.042666,0.008307,0.014641,,1410900,,
2,2,,0.084178,0.039964,0.789072,0.050417,0.012178,0.024191,,1411200,,
2,2,,0.089222,0.03574,0.809424,0.042666,0.008307,0.014641,,1403600,,
2,2,,0.087911,0.035683,0.809661,0.043731,0.008195,0.014818,,1409000,,
2,2,,0.089222,0.03574,0.809424,0.042666,0.008307,0.014641,,1426000,,
2,2,,0.089222,0.03574,0.809424,0.042666,0.008307,0.014641,,1426400,,
2,2,,0.087911,0.035683,0.809661,0.043731,0.008195,0.014818,,1408400,,
2,2,,0.089222,0.03574,0.809424,0.042666,0.008307,0.014641,,1406200,,
2,2,,0.089222,0.03574,0.809424,0.042666,0.008307,0.014641,,1414300,,
2,2,,0.089222,0.03574,0.809424,0.042666,0.008307,0.014641,,1415700,,
2,2,,0.091581,0.03574,0.806836,0.04261,0.008449,0.014783,,1413500,,
2,2,,0.082353,0.032095,0.791175,0.055817,0.010652,0.027908,,1424000,,
2,2,,0.064467,0.017564,0.766369,0.065939,0.022073,0.063587,,1402800,,
2,2,,0.089222,0.03574,0.809424,0.042666,0.008307,0.014641,,1410400,,
2,2,,0.064349,0.017564,0.760848,0.06984,0.022014,0.065384,,1404000,,
2,2,,0.089222,0.03574,0.809424,0.042666,0.008307,0.014641,,1438500,,
2,2,,0.059161,0.01144,0.762823,0.059124,0.030247,0.077206,,1422000,,
2,2,,0.089222,0.03574,0.809424,0.042666,0.008307,0.014641,,1402000,,
2,2,,0.089222,0.03574,0.809424,0.042666,0.008307,0.014641,,1405600,,
2,2,,0.089222,0.03574,0.809424,0.042666,0.008307,0.014641,,1402900,,
2,2,,0.088674,0.035802,0.803045,0.047478,0.008247,0.016755,,1403800,,
2,2,,0.083663,0.032152,0.790938,0.054751,0.010765,0.027731,,1412500,,
2,2,,0.089222,0.03574,0.809424,0.042666,0.008307,0.014641,,1407300,,
2,2,,0.089222,0.03574,0.809424,0.042666,0.008307,0.014641,,1404500,,
2,2,,0.073389,0.022991,0.780473,0.050904,0.022229,0.050013,,1400700,,
2,2,,0.089222,0.03574,0.809424,0.042666,0.008307,0.014641,,1404300,,
2,2,,0.089222,0.03574,0.809424,0.042666,0.008307,0.014641,,1404300,,
2,2,,0.089222,0.03574,0.809424,0.042666,0.008307,0.014641,,1644600,,
2,2,,0.089222,0.03574,0.809424,0.042666,0.008307,0.014641,,1905700,,
2,2,,0.074993,0.024189,0.791774,0.050886,0.016325,0.041834,,1907300,,
2,2,,0.089222,0.03574,0.809424,0.042666,0.008307,0.014641,,2057000,,
2,2,,0.089222,0.03574,0.809424,0.042666,0.008307,0.014641,,2206000,,
2,2,,0.089222,0.03574,0.809424,0.042666,0.008307,0.014641,,1971300,,
2,2,,0.089222,0.03574,0.809424,0.042666,0.008307,0.014641,,1944500,,
2,2,,0.089222,0.03574,0.809424,0.042666,0.008307,0.014641,,1929000,,
2,2,,0.089222,0.03574,0.809424,0.042666,0.008307,0.014641,,1918600,,
2,2,,0.089222,0.03574,0.809424,0.042666,0.008307,0.014641,,1925300,,
2,2,,0.066709,0.020607,0.759015,0.075852,0.01861,0.059206,,1929400,,
2,2,,0.087643,0.035802,0.790693,0.057129,0.008383,0.02035,,1932300,,
2,2,,0.089222,0.03574,0.809424,0.042666,0.008307,0.014641,,1916200,,
2,2,,0.089222,0.03574,0.809424,0.042666,0.008307,0.014641,,1916800,,
2,2,,0.089222,0.03574,0.809424,0.042666,0.008307,0.014641,,1911300,,
2,2,,0.089222,0.03574,0.809424,0.042666,0.008307,0.014641,,1991000,,
2,2,,0.089222,0.03574,0.809424,0.042666,0.008307,0.014641,,2108800,,
2,2,,0.087875,0.035683,0.802993,0.048518,0.008289,0.016642,,2116100,,
2,2,,0.087911,0.035683,0.809661,0.043731,0.008195,0.014818,,1924600,,
2,2,,0.089222,0.03574,0.809424,0.042666,0.008307,0.014641,,1891600,,
2,2,,0.089222,0.03574,0.809424,0.042666,0.008307,0.014641,,1892600,,
2,2,,0.089222,0.03574,0.809424,0.042666,0.008307,0.014641,,1932400,,
2,2,,0.089222,0.03574,0.809424,0.042666,0.008307,0.014641,,1936100,,
2,2,,0.089222,0.03574,0.809424,0.042666,0.008307,0.014641,,1909700,,
2,2,,0.089222,0.03574,0.809424,0.042666,0.008307,0.014641,,1920100,,
2,2,,0.04599,0.005076,0.708642,0.089633,0.03651,0.114149,,1898900,,
2,2,,0.089222,0.03574,0.809424,0.042666,0.008307,0.014641,,1913600,,
2,2,,0.089222,0.03574,0.809424,0.042666,0.008307,0.014641,,1928100,,
2,2,,0.089222,0.03574,0.809424,0.042666,0.008307,0.014641,,1970100,,
2,2,,0.089222,0.03574,0.809424,0.042666,0.008307,0.014641,,2152400,,
2,2,,0.089222,0.03574,0.809424,0.042666,0.008307,0.014641,,2074100,,
2,2,,0.089222,0.03574,0.809424,0.042666,0.008307,0.014641,,1910800,,
2,2,,0.089222,0.03574,0.809424,0.042666,0.008307,0.014641,,1898000,,
2,2,,0.074408,0.024253,0.784943,0.056084,0.016328,0.043985,,1895600,,
2,2,,0.087911,0.035683,0.809661,0.043731,0.008195,0.014818,,1899400,,
2,2,,0.078542,0.029116,0.771829,0.066407,0.014091,0.040016,,1912400,,
2,2,,0.089222,0.03574,0.809424,0.042666,0.008307,0.014641,,1913900,,
2,2,,0.089222,0.03574,0.809424,0.042666,0.008307,0.014641,,1933300,,
2,2,,0.089222,0.03574,0.809424,0.042666,0.008307,0.014641,,2051000,,
2,2,,0.074993,0.024189,0.791774,0.050886,0.016325,0.041834,,3485900,,
2,2,,0.089222,0.03574,0.809424,0.042666,0.008307,0.014641,,1476000,,
2,2,,0.066827,0.020607,0.764537,0.071951,0.018669,0.057409,,1521200,,
2,2,,0.089222,0.03574,0.809424,0.042666,0.008307,0.014641,,1585000,,
2,2,,0.074993,0.024189,0.791774,0.050886,0.016325,0.041834,,1460500,,
2,2,,0.04722,0.004879,0.722908,0.085992,0.035935,0.103066,,1403000,,
2,2,,0.089222,0.03574,0.809424,0.042666,0.008307,0.014641,,1420500,,
2,2,,0.089222,0.03574,0.809424,0.042666,0.008307,0.014641,,1533500,,
2,2,,0.080007,0.029173,0.783781,0.056654,0.014168,0.036218,,1415900,,
2,2,,0.089222,0.03574,0.809424,0.042666,0.008307,0.014641,,1428900,,
2,2,,0.089222,0.03574,0.809424,0.042666,0.008307,0.014641,,1625400,,
2,2,,0.089222,0.03574,0.809424,0.042666,0.008307,0.014641,,1523300,,
2,2,,0.089222,0.03574,0.809424,0.042666,0.008307,0.014641,,1433000,,
2,2,,0.073098,0.024195,0.78518,0.057149,0.016215,0.044162,,1395600,,
2,2,,0.089222,0.03574,0.809424,0.042666,0.008307,0.014641,,1398300,,
2,2,,0.069435,0.020601,0.773288,0.062971,0.018782,0.054923,,1444700,,
2,2,,0.089222,0.03574,0.809424,0.042666,0.008307,0.014641,,1528200,,
2,2,,0.089185,0.03574,0.802755,0.047453,0.008402,0.016465,,1452600,,
2,2,,0.089222,0.03574,0.809424,0.042666,0.008307,0.014641,,1524100,,
2,2,,0.089222,0.03574,0.809424,0.042666,0.008307,0.014641,,1642200,,
2,2,,0.089222,0.03574,0.809424,0.042666,0.008307,0.014641,,1745600,,
2,2,,0.089222,0.03574,0.809424,0.042666,0.008307,0.014641,,1754600,,
2,2,,0.046031,0.005076,0.707138,0.090795,0.036597,0.114363,,1733900,,
